5 3
20
30
10
40
25
23
29
13
4 4
10
60
45
60
60
40
50
30
6 2
45
59
39
44
60
56
34
56
20 15
43
2
23
11
55
32
34
37
60
40
43
4
37
14
51
21
47
26
50
10
2
33
10
37
58
53
18
15
14
14
21
16
23
35
42
10 3
43
2
23
11
55
32
34
37
60
40
43
4
37
12 3
45
50
60
60
50
55
37
56
39
36
59
57
12
19
34
3 12
60
4
50
14
19
56
47
55
34
57
58
34
45
56
34
60 40
43
2
23
11
55
32
34
37
60
40
43
4
37
14
51
21
47
26
50
10
2
33
10
37
58
53
18
15
14
14
21
16
23
35
42
31
4
46
45
43
31
36
54
9
34
5
39
43
53
26
2
34
37
14
38
58
52
8
37
13
46
28
8
15
54
18
15
35
32
53
13
30
21
5
5
12
22
10
28
10
43
58
14
55
14
42
12
3
9
55
13
50
25
56
52
5
13
19
39
23
5 2
40
60
55
50
50
50
60
6 3
45
50
50
45
45
47
12
15
20
0 0
