978
12 0
15 1
23 0
36 1
43 1
52 1
57 0
64 1
70 1
73 0
87 0
90 1
102 1
110 1
113 1
118 0
120 0
128 0
132 0
136 0
137 0
143 1
162 0
171 1
184 0
198 1
204 1
217 0
220 0
229 0
243 0
257 1
264 1
265 1
270 0
297 0
312 1
325 0
337 1
343 0
350 0
352 0
363 1
371 1
382 1
388 1
402 1
403 0
408 1
409 1
421 0
435 0
440 1
443 1
449 0
454 1
458 1
464 1
477 0
488 1
500 1
505 1
518 0
526 0
534 0
546 1
554 1
568 0
573 1
575 0
581 0
586 0
589 0
596 1
601 0
603 0
607 0
612 0
627 1
631 1
634 1
640 1
649 1
656 0
657 0
660 1
671 1
675 1
678 0
682 0
698 0
706 0
717 0
726 1
730 0
745 0
759 1
772 0
781 1
786 1
794 0
808 0
817 0
821 0
826 1
829 0
830 1
835 0
847 1
861 1
865 0
867 0
870 1
875 1
882 1
891 1
904 0
906 1
911 1
916 1
922 1
931 1
946 1
957 1
963 1
974 1
976 0
981 0
993 0
1005 0
1016 1
1024 0
1038 0
1043 1
1056 0
1070 1
1081 1
1090 0
1092 0
1107 1
1111 1
1117 1
1131 0
1142 1
1151 0
1155 0
1164 1
1179 1
1187 0
1188 1
1191 0
1197 0
1211 0
1215 0
1217 1
1222 1
1233 1
1234 1
1238 1
1250 1
1253 0
1265 1
1269 1
1273 1
1286 0
1289 0
1301 0
1308 0
1315 1
1319 1
1330 0
1331 0
1345 1
1359 0
1373 0
1378 0
1379 1
1381 0
1392 0
1396 0
1397 1
1403 1
1407 1
1411 1
1417 0
1429 0
1435 0
1439 1
1447 0
1452 1
1456 0
1459 1
1473 0
1475 1
1490 1
1505 1
1514 0
1529 1
1535 1
1544 1
1550 0
1557 1
1572 0
1577 0
1580 0
1582 1
1595 1
1602 1
1607 0
1620 1
1627 1
1641 1
1646 0
1659 0
1670 0
1679 1
1687 1
1690 1
1704 0
1713 1
1727 0
1742 1
1753 0
1767 1
1780 1
1784 0
1786 1
1790 0
1794 1
1808 1
1815 1
1819 1
1825 0
1833 1
1836 0
1844 1
1849 0
1861 0
1873 0
1884 0
1898 0
1905 0
1920 1
1929 1
1936 1
1940 1
1944 1
1959 1
1960 0
1968 0
1980 0
1993 0
2005 1
2012 0
2027 1
2035 1
2048 1
2049 0
2064 1
2069 0
2072 0
2080 1
2103 0
2110 1
2122 1
2126 0
2133 1
2141 0
2144 1
2148 0
2151 0
2165 0
2180 1
2189 1
2195 0
2217 0
2218 1
2223 1
2232 0
2234 1
2240 0
2255 0
2256 0
2261 1
2267 1
2279 1
2286 0
2300 0
2313 1
2321 0
2330 0
2334 0
2346 0
2357 0
2372 1
2378 0
2398 1
2403 1
2410 1
2418 0
2435 1
2439 1
2446 1
2451 1
2460 1
2461 0
2474 1
2481 0
2495 1
2506 1
2510 0
2517 0
2526 0
2532 0
2546 1
2549 0
2558 1
2571 0
2583 1
2592 1
2607 1
2609 0
2614 1
2627 0
2641 0
2656 1
2671 1
2686 0
2692 0
2696 0
2707 0
2720 1
2727 0
2728 0
2732 0
2736 0
2749 1
2754 0
2758 0
2761 0
2767 0
2775 1
2784 0
2791 0
2794 0
2802 0
2809 1
2824 0
2828 1
2833 0
2847 0
2858 0
2869 0
2881 0
2893 0
2902 0
2908 1
2923 0
2937 1
2949 1
2951 0
2953 0
2968 1
2975 0
2988 1
2991 1
2999 0
3005 1
3018 1
3020 1
3027 0
3036 1
3041 1
3056 0
3058 0
3063 1
3070 0
3081 0
3084 0
3086 1
3098 1
3105 1
3116 1
3130 0
3139 0
3145 0
3160 1
3166 1
3178 0
3184 1
3199 1
3200 1
3214 1
3216 0
3222 0
3229 0
3232 1
3241 1
3252 1
3266 1
3274 0
3289 0
3300 0
3312 0
3313 1
3328 1
3331 1
3340 0
3349 0
3352 1
3356 1
3370 1
3383 0
3396 1
3401 0
3412 1
3419 1
3422 0
3424 0
3425 0
3437 1
3450 1
3451 0
3455 0
3457 0
3466 0
3481 0
3490 0
3497 0
3512 0
3525 1
3530 1
3534 0
3537 1
3539 0
3548 1
3553 0
3554 1
3568 1
3582 1
3590 1
3596 1
3599 1
3606 0
3620 0
3628 0
3629 0
3630 0
3635 0
3641 1
3647 0
3653 0
3656 0
3670 0
3676 1
3691 0
3696 0
3697 1
3701 0
3713 0
3722 0
3727 1
3730 0
3742 1
3750 0
3759 0
3771 1
3772 1
3781 1
3794 1
3797 0
3811 1
3815 0
3820 0
3832 0
3843 1
3848 0
3860 0
3863 1
3876 1
3881 0
3892 1
3907 1
3911 1
3926 0
3930 1
3937 1
3942 0
3950 0
3954 0
3957 0
3966 0
3967 1
3975 0
3978 1
3986 1
3989 1
3993 0
4000 1
4014 0
4015 1
4027 0
4042 1
4047 1
4056 1
4068 0
4077 0
4089 1
4104 0
4105 1
4119 1
4123 0
4127 0
4134 1
4151 1
4154 0
4167 1
4180 0
4182 0
4197 0
4205 0
4214 1
4217 0
4222 0
4223 1
4226 1
4238 0
4249 1
4263 1
4266 1
4274 1
4286 0
4291 0
4304 0
4311 1
4318 1
4332 0
4333 1
4345 0
4356 1
4368 0
4373 0
4386 1
4399 0
4410 0
4413 1
4425 1
4431 0
4440 0
4444 1
4452 0
4464 1
4472 1
4473 0
4481 0
4496 0
4505 0
4510 0
4513 0
4524 1
4527 0
4533 1
4545 0
4550 0
4564 0
4575 0
4577 1
4584 0
4586 0
4599 0
4605 1
4611 0
4616 0
4623 1
4624 1
4635 0
4637 0
4649 1
4653 1
4657 0
4670 0
4676 0
4678 0
4684 1
4693 0
4701 0
4706 1
4717 0
4728 1
4734 0
4740 0
4749 0
4753 0
4765 1
4768 1
4773 1
4774 1
4777 1
4779 0
4781 1
4796 0
4805 1
4810 0
4822 0
4829 0
4841 0
4855 1
4856 0
4859 0
4862 1
4873 1
4878 0
4886 0
4889 1
4903 1
4907 1
4918 0
4932 1
4939 1
4951 0
4959 1
4966 0
4978 1
4983 1
4990 0
4992 0
4994 0
4995 1
4999 1
5012 1
5023 0
5027 0
5036 1
5038 0
5045 1
5059 0
5072 1
5078 1
5079 0
5082 1
5086 1
5097 1
5105 1
5119 0
5130 1
5141 1
5149 0
5157 1
5165 1
5178 1
5189 1
5201 1
5213 0
5225 1
5240 0
5255 1
5263 0
5272 1
5281 0
5284 1
5287 1
5290 0
5295 1
5307 1
5309 1
5324 1
5331 1
5332 0
5344 0
5346 1
5361 0
5368 1
5380 1
5387 1
5402 0
5417 1
5426 0
5439 1
5452 1
5466 1
5475 0
5482 1
5483 0
5491 1
5516 0
5520 0
5522 0
5536 1
5550 1
5557 0
5561 0
5563 1
5575 0
5578 0
5606 0
5621 0
5629 0
5640 0
5648 0
5662 1
5675 0
5688 1
5691 0
5699 0
5710 0
5722 1
5728 1
5730 0
5737 1
5748 0
5752 1
5767 0
5783 0
5784 1
5798 0
5810 1
5825 0
5829 1
5841 1
5846 0
5853 1
5862 0
5876 1
5890 0
5903 0
5918 0
5932 0
5938 0
5943 0
5955 1
5962 0
5971 0
5986 0
5991 0
5992 1
5994 0
6007 0
6018 0
6030 0
6035 0
6050 1
6059 0
6072 0
6073 0
6076 0
6079 1
6084 0
6099 1
6108 1
6123 1
6124 1
6136 1
6151 1
6164 0
6172 0
6183 0
6192 0
6201 1
6207 0
6208 1
6220 1
6232 0
6234 0
6239 1
6246 0
6254 1
6262 0
6265 0
6277 1
6286 0
6290 1
6305 1
6320 1
6326 1
6338 0
6353 1
6359 1
6361 1
6363 1
6371 1
6378 1
6389 0
6396 0
6408 0
6417 0
6432 0
6445 0
6460 1
6471 0
6473 1
6480 0
6488 1
6501 1
6512 1
6518 0
6521 0
6528 0
6539 1
6542 0
6556 0
6560 0
6575 0
6582 0
6589 0
6596 1
6600 0
6611 1
6614 0
6628 0
6636 1
6649 1
6658 0
6673 1
6684 1
6697 1
6699 1
6714 1
6718 1
6730 0
6741 1
6756 0
6765 0
6774 0
6779 0
6784 0
6795 0
6807 0
6819 0
6827 1
6832 0
6836 0
6840 0
6853 0
6865 0
6873 1
6876 1
6885 1
6892 0
6894 0
6900 0
6915 1
6918 0
6919 0
6931 0
6945 0
6948 1
6961 0
6969 1
6970 1
6984 0
6997 0
6999 1
7001 1
7005 0
7016 0
7019 1
7032 1
7046 1
7052 0
7060 1
7063 1
7077 0
7081 1
7090 1
7093 0
7105 0
7108 0
7116 1
7125 0
7133 0
7142 1
7154 0
7162 1
7177 0
7181 0
7188 1
7205 0
7208 0
7223 1
7235 1
7248 0
7259 0
7261 1
7266 0
7277 1
7291 1
7304 0
7318 0
7325 0
7336 1
7348 0
7361 1
7372 0
7381 1
7387 0
7394 1
7396 1
7399 1
7411 0
7415 1
7418 1
7431 1
7435 1
7437 1
7452 1
7458 0
7471 1
7480 1
7494 0
7508 0
7519 0
7527 0
7539 1
7551 1
7562 0
7571 0
7576 1
7590 1
7597 0
7611 0
7615 1
7624 1
7635 0
7643 0
7644 1
7646 1
7649 1
7657 1
7670 1
7672 1
7675 0
7680 1
7686 1
7698 0
7706 0
7708 0
7714 0
7719 1
7720 1
7727 0
7731 1
7734 0
7736 0
7747 0
7751 1
7764 0
7771 0
7783 0
7791 1
7804 0
7812 1
7823 0
7827 0
7833 0
7842 0
7851 1
7857 1
7865 1
7876 0
7880 1
7895 1
7896 0
7909 1
7916 0
7931 1
7939 0
7954 1
7969 1
7980 0
7981 0
7983 1
7985 1
7990 1
7992 1
7995 1
8001 1
8013 0
8027 1
