9741
3 0
14 0
22 0
33 1
37 0
50 1
52 0
66 0
77 0
81 1
86 1
89 1
94 0
108 0
119 1
130 1
138 0
139 0
141 1
153 1
156 1
161 0
167 1
174 0
181 1
182 1
186 1
190 1
197 1
199 1
208 0
217 0
232 0
233 1
234 1
236 0
243 1
257 1
265 0
270 0
283 0
298 1
313 0
318 0
330 0
339 0
340 1
342 0
346 0
348 1
357 1
364 1
366 1
371 0
375 0
384 0
386 0
401 1
410 0
417 1
419 0
423 0
434 1
436 1
444 0
458 0
459 1
460 0
463 1
478 1
485 1
488 0
493 0
508 0
519 0
521 0
533 0
541 1
544 1
553 1
566 1
570 0
574 1
577 0
580 0
586 1
588 0
591 1
605 1
618 1
621 1
630 1
633 0
646 1
664 0
671 0
677 1
683 0
697 0
708 0
717 1
730 0
737 0
748 1
754 0
759 1
761 0
764 0
778 1
780 1
788 1
792 0
804 1
830 1
839 1
846 0
847 1
862 0
870 1
877 0
888 1
897 0
899 0
917 0
926 0
935 0
937 1
938 1
946 1
951 1
960 1
968 1
973 1
977 1
991 1
1000 1
1014 0
1019 1
1047 1
1053 1
1066 0
1074 0
1085 1
1100 1
1115 0
1124 0
1132 1
1143 0
1158 0
1173 1
1180 0
1191 0
1197 1
1208 0
1219 1
1222 0
1223 1
1226 0
1235 0
1243 0
1246 1
1252 0
1255 0
1264 0
1270 1
1276 0
1281 0
1287 0
1293 1
1322 1
1336 1
1341 0
1353 1
1362 0
1375 1
1378 0
1393 1
1402 0
1417 0
1424 1
1439 0
1454 0
1460 0
1473 1
1488 1
1501 1
1514 1
1526 0
1530 1
1542 0
1543 1
1555 0
1562 0
1568 1
1569 0
1573 1
1575 0
1576 0
1584 1
1601 0
1604 0
1617 1
1622 0
1633 0
1641 0
1649 1
1654 0
1658 1
1672 1
1686 1
1700 1
1707 0
1713 0
1719 0
1730 1
1735 0
1743 1
1748 0
1750 1
1756 0
1762 0
1764 1
1766 1
1768 0
1771 1
1783 1
1791 0
1800 1
1811 1
1819 1
1828 1
1833 1
1840 0
1854 0
1868 1
1870 1
1877 1
1892 0
1897 0
1900 1
1906 1
1911 0
1912 0
1925 1
1926 0
1941 0
1952 1
1964 0
1971 0
1985 0
1988 0
1996 0
2005 1
2009 0
2013 0
2028 0
2035 1
2056 1
2061 1
2063 0
2067 0
2074 1
2086 1
2090 0
2098 0
2106 0
2113 1
2127 1
2142 1
2150 0
2155 0
2168 1
2170 0
2177 1
2179 1
2193 0
2194 1
2205 0
2207 1
2209 1
2218 0
2224 0
2237 0
2238 0
2247 1
2253 0
2261 0
2267 0
2282 1
2293 1
2296 0
2310 1
2325 0
2326 1
2331 1
2343 1
2356 0
2367 0
2371 0
2379 0
2388 0
2402 1
2404 0
2415 1
2417 1
2418 1
2424 1
2425 0
2440 1
2446 1
2459 1
2474 0
2481 1
2495 0
2502 0
2515 1
2523 1
2524 0
2539 1
2544 1
2549 0
2555 1
2556 0
2564 0
2575 1
2583 0
2609 0
2610 0
2617 1
2624 1
2637 0
2646 1
2653 0
2655 1
2658 0
2667 1
2670 1
2676 0
2681 1
2690 0
2695 0
2696 0
2709 1
2714 1
2718 0
2731 1
2738 1
2752 0
2756 0
2770 0
2778 0
2784 0
2796 0
2800 0
2812 1
2821 0
2830 0
2836 0
2843 1
2857 1
2863 1
2871 1
2879 1
2893 1
2907 0
2913 1
2922 0
2946 0
2948 1
2950 0
2954 0
2955 0
2964 0
2969 0
2971 1
2982 0
2994 0
3003 1
3011 1
3013 0
3017 1
3025 0
3030 0
3043 1
3055 0
3061 0
3070 0
3084 0
3089 0
3093 0
3098 0
3103 0
3111 1
3126 0
3141 1
3144 0
3146 1
3161 0
3169 0
3184 1
3185 0
3197 0
3210 1
3224 0
3235 0
3237 0
3248 1
3257 0
3271 1
3273 1
3280 0
3289 1
3297 1
3299 1
3311 0
3317 0
3318 1
3329 1
3343 1
3346 1
3351 0
3353 0
3362 0
3365 0
3373 0
3376 1
3384 1
3399 1
3403 0
3408 1
3423 0
3428 1
3437 1
3439 1
3441 0
3445 1
3459 0
3473 1
3479 0
3482 0
3487 0
3491 1
3492 0
3495 1
3504 1
3511 0
3523 1
3538 1
3547 1
3554 1
3569 1
3583 0
3594 0
3601 0
3615 1
3620 1
3632 1
3647 0
3652 1
3660 0
3671 0
3685 0
3687 1
3699 0
3713 1
3722 0
3728 1
3730 0
3739 1
3754 0
3765 1
3780 1
3782 1
3794 1
3802 0
3809 0
3810 1
3812 0
3826 0
3839 0
3847 1
3848 1
3853 1
3868 0
3876 0
3890 1
3894 1
3896 0
3899 1
3907 1
3911 0
3918 1
3926 1
3928 0
3932 1
3937 1
3948 0
3960 1
3966 0
3972 0
3984 0
3993 0
3994 1
4006 0
4014 0
4027 1
4036 0
4051 0
4053 1
4065 0
4078 1
4095 1
4108 0
4110 0
4114 0
4115 0
4126 1
4130 0
4132 0
4134 1
4148 1
4160 0
4161 0
4167 1
4181 0
4185 0
4190 1
4191 0
4199 1
4208 1
4210 1
4224 1
4236 1
4243 0
4251 0
4258 1
4267 0
4272 0
4280 0
4282 1
4294 0
4299 1
4306 1
4307 1
4320 0
4325 0
4337 0
4350 1
4356 1
4370 1
4377 1
4386 0
4394 0
4401 1
4408 0
4421 1
4429 1
4430 1
4434 1
4449 1
4458 1
4471 1
4475 0
4479 1
4490 0
4497 0
4501 0
4503 0
4514 1
4529 1
4544 1
4551 1
4565 0
4571 0
4574 0
4578 0
4591 1
4596 0
4598 0
4603 0
4608 1
4622 0
4636 0
4648 1
4656 0
4680 1
4682 1
4688 0
4701 1
4706 1
4711 0
4732 0
4734 1
4740 1
4747 1
4754 0
4770 0
4777 0
4778 1
4786 1
4792 1
4796 1
4803 0
4815 1
4822 1
4825 1
4831 0
4860 1
4872 1
4873 0
4877 0
4878 0
4891 0
4894 1
4895 1
4907 1
4910 0
4919 0
4934 0
4948 1
4952 0
4957 0
4960 1
4966 1
4974 0
4980 0
4983 0
4985 1
4999 0
5012 1
5014 0
5026 1
5031 1
5037 0
5039 1
5045 0
5051 1
5066 0
5078 1
5087 1
5090 0
5098 0
5106 1
5119 1
5120 0
5123 0
5136 0
5144 1
5159 1
5171 1
5185 1
5186 1
5198 0
5206 1
5220 0
5222 0
5225 0
5232 1
5247 1
5255 1
5260 0
5274 1
5289 0
5302 0
5311 1
5324 0
5326 1
5339 1
5351 1
5357 0
5364 1
5379 1
5390 1
5395 0
5402 0
5416 1
5425 0
5427 1
5432 1
5439 1
5445 1
5454 0
5466 0
5479 0
5488 1
5492 1
5496 0
5505 0
5513 1
5520 1
5527 1
5529 0
5534 0
5543 0
5555 1
5562 0
5571 1
5579 1
5585 1
5594 0
5596 1
5601 1
5606 0
5614 0
5622 0
5631 0
5637 1
5642 0
5656 1
5662 1
5668 0
5675 1
5680 0
5693 0
5708 1
5714 0
5723 0
5734 1
5742 0
5756 0
5759 1
5764 1
5775 0
5789 0
5798 0
5799 1
5812 0
5819 1
5823 0
5832 1
5834 0
5839 0
5850 1
5861 1
5865 1
5871 0
5880 0
5888 0
5894 0
5906 0
5913 0
5927 0
5933 0
5946 1
5954 1
5969 1
5970 1
5981 1
5990 1
5998 1
6012 0
6014 0
6028 1
6039 1
6054 1
6065 0
6077 0
6090 0
6096 1
6099 0
6113 1
6124 0
6128 0
6142 0
6146 0
6157 0
6171 0
6175 0
6181 0
6184 0
6193 0
6207 1
6222 1
6235 1
6241 1
6249 1
6262 0
6273 1
6284 1
6286 1
6288 0
6295 0
6301 1
6315 1
6316 0
6331 0
6335 1
6344 1
6353 0
6360 1
6369 0
6396 1
6398 1
6410 1
6411 1
6419 0
6433 1
6444 0
6446 1
6460 1
6469 0
6477 0
6492 1
6497 0
6504 0
6507 0
6512 0
6527 1
6532 1
6541 0
6566 0
6570 0
6571 0
6580 1
6594 1
6602 1
6608 1
6612 0
6616 0
6623 0
6631 1
6639 1
6644 0
6653 1
6655 0
6660 1
6661 0
6672 1
6680 1
6693 0
6698 1
6725 0
6729 0
6744 1
6750 0
6758 0
6765 1
6774 0
6776 0
6790 1
6805 0
6808 1
6810 0
6824 1
6839 0
6845 0
6852 0
6865 1
6873 1
6886 1
6894 1
6897 0
6905 0
6910 1
6918 0
6932 0
6936 0
6945 1
6949 1
6958 1
6960 1
6969 0
6977 1
6986 0
6993 1
6994 0
7005 0
7010 0
7023 1
7042 0
7055 1
7062 1
7069 0
7077 0
7078 1
7092 1
7104 0
7111 0
7122 1
7128 1
7130 0
7142 0
7155 1
7170 1
7175 0
7192 0
7199 0
7208 0
7211 1
7214 0
7220 0
7234 1
7241 1
7256 1
7271 0
7284 0
7295 1
7298 1
7309 1
7314 0
7321 1
7323 1
7336 1
7341 1
7348 0
7354 1
7363 1
7371 0
7374 0
7380 1
7388 1
7401 1
7416 0
7422 0
7433 1
7439 0
7451 1
7474 1
7486 1
7501 1
7516 1
7529 1
7540 1
7542 1
7553 1
7561 1
7565 1
7577 0
7590 0
7592 1
7598 0
7611 1
7614 1
7621 0
7635 0
7640 0
7654 1
7657 1
7668 0
7677 0
7680 1
7692 1
7705 1
7712 0
7717 1
7718 0
7719 0
7726 0
7737 0
7742 0
7761 1
7763 1
7770 0
7796 1
7797 1
7808 0
7814 1
7826 1
7832 1
7834 1
7847 0
7860 0
7869 0
7884 0
7893 0
7895 0
7896 0
7910 1
7911 0
7913 1
7914 0
7918 1
7923 1
7935 1
7940 1
7946 1
7953 1
7958 0
7970 1
7978 1
7990 0
7993 1
8008 0
8021 0
8035 0
8043 0
8051 1
8056 0
8065 1
8078 1
8087 0
8092 0
8096 0
8110 0
8112 0
8117 1
8136 1
8151 0
8152 0
8167 1
8180 0
8187 1
8191 0
8204 1
8213 0
8221 1
8236 1
8239 1
8253 0
8255 0
8261 1
8266 1
8267 0
8272 1
8280 0
8294 0
8303 0
8308 0
8309 0
8324 0
8325 1
8336 0
8337 0
8339 1
8340 0
8343 1
8344 0
8345 1
8350 1
8363 1
8371 0
8386 1
8391 0
8397 0
8399 1
8406 1
8415 1
8429 0
8440 1
8446 1
8455 0
8462 0
8474 1
8486 1
8488 0
8500 0
8507 1
8509 1
8518 0
8522 0
8523 1
8538 1
8550 1
8563 1
8577 1
8584 0
8595 1
8618 1
8631 0
8636 0
8650 1
8654 1
8662 0
8666 1
8667 0
8682 1
8694 0
8696 0
8704 1
8709 1
8721 1
8732 0
8736 0
8740 0
8742 1
8755 0
8768 0
8782 1
8794 1
8796 1
8803 1
8812 1
8816 0
8819 0
8834 1
8843 1
8844 1
8855 0
8869 1
8877 0
8885 1
8900 0
8905 1
8913 0
8927 0
8933 0
8944 1
8951 1
8958 1
8963 1
8972 1
8977 1
8989 1
9000 1
9007 0
9008 0
9016 1
9024 1
9037 0
9045 0
9056 1
9065 1
9078 1
9082 1
9094 0
9096 0
9097 1
9101 0
9115 0
9122 0
9136 1
9138 0
9141 1
9147 0
9162 1
9165 0
9167 1
9180 1
9194 1
9202 0
9211 0
9224 1
9225 0
9230 1
9241 1
9254 0
9256 1
9261 1
9263 1
9267 1
9280 0
9289 1
9297 0
9298 0
9313 1
9327 0
9340 1
9352 1
9355 1
9370 1
9385 1
9388 0
9401 1
9402 0
9403 1
9405 1
9417 1
9420 0
9422 1
9428 1
9442 1
9454 1
9457 0
9462 1
9465 0
9470 1
9483 1
9494 1
9499 0
9505 1
9512 1
9519 1
9524 0
9536 1
9545 1
9558 1
9573 0
9585 0
9592 0
9600 1
9613 1
9620 0
9628 0
9635 0
9647 0
9653 1
9661 0
9675 1
9689 1
9698 1
9701 0
9707 1
9709 0
9714 1
9727 0
9729 0
9733 0
9742 0
9755 1
9767 1
9775 1
9781 0
9782 0
9806 0
9818 0
9820 1
9822 1
9836 1
9847 1
9854 1
9865 1
9868 1
9879 0
9891 0
9905 0
9909 1
9912 1
9914 0
9915 0
9918 1
9929 0
9930 0
9931 1
9943 1
9950 0
9955 1
9963 0
9971 0
9982 0
9983 0
9984 0
9989 1
10003 1
10014 0
10026 1
10031 1
10034 1
10038 1
10044 1
10049 1
10050 1
10062 1
10075 0
10090 0
10092 0
10105 0
10107 0
10116 1
10128 1
10131 1
10134 0
10142 1
10157 0
10168 0
10176 0
10184 0
10197 1
10210 0
10219 0
10226 0
10231 0
10244 1
10249 1
10253 1
10256 0
10269 0
10273 0
10285 1
10300 1
10309 0
10314 0
10326 0
10333 1
10347 1
10356 0
10365 1
10379 1
10385 1
10388 1
10402 1
10411 0
10420 1
10433 1
10445 0
10459 0
10473 1
10480 0
10484 0
10497 0
10506 1
10515 0
10521 0
10525 1
10527 0
10540 0
10548 0
10559 1
10564 1
10573 1
10574 1
10576 0
10582 1
10587 0
10600 1
10607 1
10609 0
10616 0
10630 1
10641 1
10650 1
10652 0
10656 0
10657 0
10672 1
10673 1
10686 1
10693 0
10698 0
10712 0
10718 1
10733 0
10737 1
10751 0
10756 0
10769 1
10776 1
10777 0
10783 0
10798 1
10812 0
10820 1
10825 1
10829 1
10837 0
10842 0
10849 1
10854 0
10860 1
10861 1
10863 1
10872 0
10885 0
10900 0
10902 1
10916 1
10925 1
10931 0
10937 1
10940 1
10949 1
10952 1
10959 0
10966 1
10970 1
10975 0
10990 0
10997 0
11002 1
11014 0
11018 1
11032 0
11041 0
11045 1
11052 0
11064 1
11066 1
11070 0
11071 1
11085 1
11094 0
11100 0
11107 0
11114 0
11128 0
11136 0
11139 0
11145 1
11150 0
11164 0
11172 1
11185 1
11193 0
11202 1
11211 0
11223 1
11224 1
11231 0
11233 0
11246 1
11248 1
11260 1
11274 1
11288 0
11301 1
11316 1
11328 0
11341 0
11355 1
11367 0
11371 0
11378 0
11385 0
11386 1
11388 0
11395 0
11409 1
11424 1
11430 1
11437 0
11438 1
11439 1
11454 0
11455 1
11463 0
11469 0
11480 1
11495 1
11502 0
11504 0
11516 1
11517 0
11529 1
11535 1
11558 1
11569 0
11576 1
11582 0
11596 1
11604 1
11607 1
11621 0
11632 1
11644 0
11645 0
11651 0
11660 0
11674 1
11678 1
11691 0
11706 0
11721 0
11728 1
11734 0
11736 0
11742 1
11750 0
11751 1
11762 0
11776 0
11783 1
11792 0
11813 0
11818 0
11829 1
11840 0
11843 0
11858 1
11865 0
11870 1
11877 0
11883 1
11886 1
11888 1
11903 0
11905 1
11919 0
11938 1
11951 0
11962 0
11969 1
11996 1
12009 1
12018 1
12030 0
12031 0
12037 0
12050 1
12063 1
12074 1
12087 1
12093 0
12094 0
12108 1
12122 0
12125 0
12134 1
12142 0
12146 0
12151 1
12164 0
12175 1
12183 1
12191 0
12199 1
12207 0
12219 0
12234 0
12235 1
12248 0
12257 1
12263 1
12276 1
12278 0
12281 0
12283 1
12286 1
12290 0
12301 1
12319 1
12327 0
12338 0
12339 1
12341 0
12348 0
12351 0
12355 1
12358 1
12369 0
12384 0
12395 1
12407 0
12422 0
12427 0
12436 1
12442 0
12445 1
12448 1
12453 1
12462 0
12467 1
12468 0
12472 1
12473 0
12475 0
12489 1
12502 1
12503 1
12508 0
12521 1
12526 1
12535 1
12550 0
12564 0
12572 0
12578 0
12586 1
12587 1
12590 1
12605 0
12619 1
12634 1
12646 1
12658 0
12659 0
12672 0
12680 1
12693 1
12708 0
12721 1
12725 1
12728 1
12737 0
12744 1
12750 1
12751 0
12756 1
12770 1
12773 1
12775 0
12782 0
12788 0
12790 0
12804 0
12805 1
12818 0
12819 0
12834 0
12835 1
12839 1
12853 1
12867 1
12873 0
12885 1
12888 0
12890 0
12891 0
12904 1
12908 0
12909 0
12912 0
12919 1
12930 1
12939 1
12948 1
12954 1
12955 0
12963 1
12978 1
12982 1
12989 1
13000 0
13005 0
13011 0
13019 1
13026 1
13037 0
13045 0
13059 0
13073 0
13082 1
13087 1
13102 1
13115 1
13128 1
13131 0
13133 0
13137 0
13149 1
13152 1
13161 1
13168 0
13173 1
13175 0
13190 1
13194 0
13209 0
13222 0
13223 1
13224 0
13229 0
13230 1
13233 1
13246 1
13261 0
13263 1
13270 1
13278 0
13293 0
13305 0
13314 1
13321 0
13336 0
13340 1
13347 0
13355 0
13361 0
13366 1
13369 0
13378 1
13382 1
13388 1
13402 1
13409 1
13420 0
13432 0
13441 1
13448 0
13459 1
13463 0
13470 0
13484 1
13490 0
13501 1
13507 0
13518 0
13525 1
13539 0
13547 0
13553 1
13556 0
13561 1
13567 1
13573 1
13588 0
13589 0
13594 1
13623 0
13634 0
13639 0
13641 1
13643 1
13654 0
13661 0
13674 1
13686 0
13699 1
13714 0
13717 1
13721 0
13724 0
13731 1
13732 0
13737 1
13741 0
13750 1
13764 1
13766 0
13769 1
13774 1
13785 0
13800 0
13813 0
13824 0
13828 0
13835 0
13837 1
13839 1
13844 0
13851 1
13859 1
13874 0
13888 0
13889 0
13900 0
13904 0
13909 1
13910 1
13915 1
13924 0
13928 1
13937 1
13951 1
13958 1
13967 0
13979 1
13987 0
13998 0
13999 0
14010 0
14012 0
14015 0
14017 1
14024 1
14028 1
14030 0
14041 0
14052 0
14053 1
14067 0
14087 0
14100 1
14108 1
14112 0
14115 1
14119 1
14130 0
14132 1
14133 1
14147 0
14161 0
14162 1
14177 1
14180 0
14183 1
14191 1
14196 0
14208 1
14223 1
14230 0
14242 0
14249 1
14258 0
14265 1
14280 0
14293 0
14299 0
14304 0
14317 1
14321 1
14330 0
14344 1
14345 1
14351 0
14364 1
14379 1
14382 0
14383 1
14385 0
14391 1
14393 0
14400 1
14413 0
14428 0
14432 0
14440 0
14451 0
14459 0
14471 1
14486 0
14488 1
14501 0
14521 1
14525 0
14528 1
14531 1
14539 1
14540 0
14554 1
14568 1
14581 0
14588 1
14592 0
14607 1
14615 1
14627 1
14629 0
14631 1
14638 1
14649 1
14652 0
14664 1
14669 0
14677 1
14681 0
14694 1
14707 0
14722 0
14724 1
14728 1
14741 1
14745 1
14750 1
14756 0
14771 0
14785 1
14790 1
14802 1
14813 0
14820 1
14826 1
14841 0
14853 0
14858 0
14859 0
14865 1
14877 1
14880 0
14895 1
14900 1
14913 0
14926 0
14941 1
14954 1
14963 1
14970 1
14983 1
14996 1
14998 1
15005 0
15009 0
15024 1
15039 0
15041 0
15056 0
15063 1
15072 0
15085 0
15090 1
15098 1
15104 0
15116 0
15131 1
15139 0
15146 0
15152 0
15166 1
15174 0
15177 0
15178 0
15181 0
15185 1
15197 1
15199 0
15204 1
15218 0
15230 0
15234 1
15238 0
15243 0
15254 1
15256 1
15262 1
15265 1
15267 0
15268 1
15273 1
15279 0
15280 1
15283 1
15297 1
15298 1
15300 1
15307 1
15320 0
15325 0
15332 1
15338 0
15340 1
15355 0
15358 1
15363 1
15368 0
15382 1
15387 0
15391 0
15398 1
15412 1
15423 0
15436 0
15438 1
15453 0
15465 1
15472 0
15473 0
15481 1
15492 0
15503 0
15510 1
15515 0
15521 0
15522 0
15535 1
15538 0
15542 1
15544 1
15551 1
15554 0
15557 0
15558 1
15565 0
15572 0
15574 0
15587 0
15599 0
15607 1
15620 0
15635 1
15644 0
15659 0
15663 1
15668 0
15669 1
15673 0
15674 1
15686 1
15694 1
15699 1
15704 0
15708 1
15712 1
15725 0
15737 1
15749 0
15754 0
15755 0
15766 1
15769 1
15773 1
15780 1
15789 1
15794 0
15795 0
15800 0
15806 1
15818 1
15819 1
15821 0
15833 0
15840 0
15853 1
15865 1
15873 0
15882 0
15885 1
15897 1
15903 1
15917 0
15926 0
15940 0
15953 0
15958 1
15960 1
15974 0
15985 0
15998 1
16005 0
16012 0
16027 0
16038 1
16050 0
16056 0
16058 1
16072 1
16085 1
16088 0
16094 0
16101 0
16114 0
16129 1
16138 0
16141 0
16153 0
16162 0
16165 1
16180 1
16185 0
16196 0
16205 1
16214 1
16228 1
16237 1
16243 0
16250 0
16258 0
16272 0
16279 0
16291 1
16292 0
16297 1
16310 0
16318 0
16327 1
16339 0
16340 0
16351 1
16358 0
16372 0
16386 1
16398 1
16409 1
16418 1
16431 0
16436 1
16443 1
16455 0
16456 1
16458 1
16460 0
16471 1
16476 0
16483 1
16497 0
16502 0
16516 1
16525 0
16537 0
16545 0
16550 1
16557 1
16569 1
16578 1
16579 1
16588 1
16592 0
16603 1
16605 0
16618 0
16627 0
16635 1
16643 0
16644 0
16646 1
16647 1
16651 1
16658 0
16665 0
16676 1
16691 1
16705 0
16717 1
16724 0
16731 1
16746 1
16755 1
16762 0
16766 0
16768 1
16770 0
16782 0
16787 1
16802 1
16813 0
16825 1
16828 1
16843 1
16856 0
16868 1
16876 0
16883 1
16891 1
16902 1
16911 1
16914 1
16919 0
16949 1
16952 1
16953 1
16956 1
16970 0
16973 0
16982 0
16994 1
17001 0
17008 0
17013 1
17022 1
17028 1
17030 0
17035 0
17042 1
17051 0
17054 0
17057 0
17061 1
17064 1
17079 1
17094 0
17106 0
17121 1
17122 1
17137 0
17144 0
17145 1
17157 0
17169 0
17178 1
17192 1
17195 1
17202 0
17217 1
17225 1
17239 1
17240 1
17248 1
17261 1
17266 0
17269 0
17274 0
17285 1
17288 0
17292 1
17307 0
17322 1
17333 1
17338 0
17350 1
17364 1
17372 1
17375 0
17381 1
17390 1
17404 1
17419 1
17430 1
17442 0
17443 0
17454 1
17459 1
17466 0
17474 1
17485 1
17490 1
17494 0
17506 1
17521 0
17523 1
17525 1
17540 0
17549 0
17560 0
17565 1
17579 1
17587 1
17602 1
17606 0
17617 0
17621 1
17625 0
17627 0
17628 0
17633 1
17647 1
17661 1
17664 1
17676 0
17682 1
17689 1
17702 1
17713 0
17726 1
17738 0
17749 1
17763 0
17766 0
17767 1
17782 0
17807 1
17816 1
17822 1
17831 0
17836 1
17847 0
17865 0
17880 0
17893 0
17895 1
17904 1
17918 1
17922 1
17928 0
17936 0
17943 0
17958 1
17962 0
17969 0
17973 1
17978 0
17993 0
18001 1
18009 1
18016 0
18025 1
18027 1
18036 1
18045 0
18053 1
18057 1
18065 0
18079 1
18090 1
18096 1
18107 1
18108 0
18112 1
18126 1
18130 1
18141 0
18145 1
18150 1
18165 0
18170 0
18185 0
18190 0
18192 1
18204 1
18218 1
18231 1
18235 0
18238 0
18240 0
18245 0
18256 0
18264 1
18273 0
18287 1
18289 0
18304 1
18319 0
18321 1
18325 1
18332 1
18345 0
18347 1
18361 0
18363 0
18366 1
18381 1
18396 0
18407 1
18418 0
18430 0
18442 0
18444 0
18453 0
18464 1
18469 0
18482 1
18485 0
18499 1
18507 1
18521 1
18534 0
18541 1
18543 0
18549 1
18560 0
18569 1
18575 1
18589 1
18591 1
18606 1
18612 1
18619 1
18621 0
18632 1
18645 1
18654 0
18658 0
18671 1
18684 0
18687 1
18696 1
18707 1
18710 0
18723 0
18735 0
18738 1
18752 1
18756 1
18769 0
18775 0
18788 0
18792 1
18796 1
18803 1
18814 1
18829 1
18830 1
18843 1
18847 1
18851 1
18865 0
18869 0
18882 1
18897 0
18899 1
18910 0
18920 0
18934 1
18946 0
18958 0
18973 1
18978 0
18984 0
18986 1
18991 1
19000 1
19014 0
19018 1
19033 1
19044 1
19058 0
19060 1
19069 0
19075 0
19096 1
19104 0
19113 0
19127 1
19142 0
19150 1
19163 0
19174 1
19181 0
19183 0
19185 0
19196 1
19202 1
19207 1
19212 1
19224 0
19232 0
19235 0
19243 0
19245 0
19253 1
19264 0
19267 0
19274 1
19279 1
19284 0
19292 0
19295 0
19304 0
19318 0
19331 1
19337 1
19345 0
19358 0
19373 1
19385 0
19391 0
19406 0
19408 1
19410 0
19422 1
19424 0
19426 0
19437 1
19460 1
19463 0
19472 1
19483 1
19486 0
19494 0
19501 1
19512 0
19516 0
19529 0
19533 1
19546 1
19555 1
19562 0
19571 1
19593 0
19600 0
19601 1
19605 1
19608 0
19623 0
19624 1
19626 1
19627 0
19628 0
19639 0
19650 0
19665 0
19667 0
19674 1
19686 1
19694 1
19708 0
19713 1
19726 0
19733 1
19744 0
19751 1
19763 0
19772 0
19785 1
19788 1
19793 1
19795 0
19798 0
19802 1
19806 1
19820 0
19825 1
19838 0
19847 0
19855 0
19862 1
19867 0
19879 0
19885 0
19894 0
19903 0
19914 0
19925 0
19930 1
19947 0
19958 0
19966 1
19974 0
19983 0
19991 0
20005 1
20010 1
20024 0
20033 0
20041 1
20049 0
20062 0
20064 1
20076 1
20082 1
20091 0
20104 1
20116 1
20123 0
20127 1
20150 1
20153 0
20156 1
20160 0
20169 1
20172 1
20184 0
20198 0
20203 0
20204 0
20212 1
20223 1
20238 0
20246 0
20260 1
20264 1
20268 0
20270 0
20279 1
20285 0
20297 1
20310 1
20322 0
20325 0
20329 0
20335 0
20341 0
20342 0
20347 1
20354 0
20363 0
20376 1
20379 0
20381 0
20382 1
20383 0
20397 1
20409 0
20421 1
20429 0
20430 1
20438 1
20451 0
20455 0
20458 1
20460 0
20461 0
20469 0
20477 1
20488 1
20495 0
20504 0
20515 1
20520 0
20527 1
20536 0
20543 0
20558 1
20569 1
20573 1
20584 0
20596 1
20602 1
20614 0
20616 0
20631 1
20645 1
20651 0
20659 0
20673 0
20677 1
20680 0
20685 1
20692 0
20703 1
20704 1
20715 1
20716 0
20717 0
20723 0
20734 1
20739 0
20750 1
20763 1
20765 0
20776 0
20784 1
20799 0
20804 0
20815 0
20823 0
20829 1
20841 0
20849 1
20854 0
20867 0
20879 1
20892 1
20907 1
20921 1
20932 0
20941 1
20955 0
20964 0
20967 0
20972 1
20986 1
20998 0
21004 1
21013 1
21017 1
21020 0
21025 0
21029 0
21030 0
21044 0
21048 0
21053 0
21054 1
21055 0
21059 1
21067 1
21081 0
21084 0
21091 1
21098 0
21111 0
21124 1
21130 1
21145 0
21154 1
21156 0
21158 1
21164 1
21173 1
21187 1
21201 0
21215 0
21227 1
21234 0
21235 0
21243 1
21249 0
21260 0
21268 0
21269 1
21282 1
21288 1
21294 1
21305 0
21313 1
21324 1
21329 0
21337 1
21350 1
21354 0
21362 0
21365 0
21374 0
21378 1
21393 0
21395 0
21407 0
21414 0
21428 0
21443 1
21458 0
21473 1
21482 1
21483 1
21484 0
21489 0
21504 1
21517 0
21518 1
21524 0
21530 1
21550 1
21552 1
21560 1
21562 1
21567 0
21580 0
21595 1
21603 1
21607 1
21609 0
21618 0
21624 1
21627 0
21633 0
21646 1
21650 0
21657 0
21661 1
21676 1
21677 0
21690 0
21697 1
21709 1
21718 1
21726 0
21733 1
21741 0
21744 1
21755 1
21767 0
21775 1
21782 1
21791 1
21794 1
21805 1
21808 0
21819 0
21831 1
21845 1
21849 1
21851 0
21852 0
21860 1
21868 1
21874 1
21875 1
21881 0
21882 1
21897 0
21903 1
21905 1
21906 0
21909 0
21924 1
21932 1
21933 1
21934 0
21941 0
21950 0
21953 1
21964 1
21966 1
21972 0
21983 1
21998 1
22009 0
22023 1
22027 0
22030 0
22047 1
22056 0
22078 1
22080 0
22081 0
22084 1
22085 0
22096 1
22108 1
22117 0
22121 0
22132 0
22138 0
22141 1
22156 0
22162 0
22164 0
22176 0
22190 1
22201 0
22213 0
22218 1
22224 1
22238 1
22239 1
22248 0
22262 1
22264 0
22268 1
22271 1
22276 0
22283 1
22295 0
22306 1
22319 1
22322 1
22335 1
22344 0
22368 0
22375 0
22376 0
22381 1
22400 0
22408 1
22423 1
22427 0
22441 0
22455 1
22467 0
22480 1
22484 1
22491 0
22499 1
22505 1
22509 1
22520 1
22534 1
22536 1
22547 1
22561 0
22568 0
22569 1
22584 1
22590 0
22602 0
22614 1
22621 1
22627 0
22644 1
22659 1
22667 0
22675 1
22690 0
22702 1
22709 0
22710 1
22722 1
22729 0
22742 0
22746 1
22760 0
22769 0
22781 1
22788 0
22799 1
22816 1
22822 1
22830 0
22831 0
22836 1
22840 1
22854 1
22858 0
22865 1
22867 0
22878 1
22884 1
22895 1
22899 0
22904 0
22917 0
22925 0
22929 1
22930 0
22938 0
22943 1
22963 1
22967 1
22973 0
22988 1
22995 0
23001 0
23016 0
23028 1
23039 0
23043 0
23058 1
23066 0
23072 0
23087 1
23088 0
23103 0
23107 1
23120 1
23132 0
23146 1
23152 0
23161 1
23168 0
23174 0
23180 1
23193 0
23197 0
23208 0
23214 1
23236 1
23249 0
23263 1
23269 0
23282 1
23288 1
23290 1
23296 0
23301 1
23303 1
23307 1
23322 0
23329 1
23341 0
23344 0
23351 0
23357 0
23372 1
23381 1
23388 0
23406 1
23408 0
23413 0
23415 1
23416 0
23430 0
23432 1
23438 0
23446 0
23459 1
23474 1
23487 1
23501 0
23510 1
23514 1
23520 1
23523 1
23527 1
23541 0
23556 0
23558 1
23569 1
23572 0
23573 1
23579 1
23586 0
23591 0
23600 1
23612 1
23626 0
23638 1
23646 1
23647 1
23648 0
23652 0
23658 0
23665 1
23676 1
23688 1
23694 1
23706 1
23713 1
23726 1
23737 1
23739 1
23752 0
23765 1
23767 1
23776 1
23791 1
23796 0
23815 1
23824 1
23831 1
23843 1
23851 1
23865 1
23878 0
23881 1
23883 0
23889 1
23892 0
23893 1
23898 1
23918 0
23929 0
23936 0
23951 1
23958 1
23971 1
23978 0
23990 1
24003 1
24008 0
24020 1
24038 0
24043 1
24046 1
24051 0
24060 1
24065 1
24092 0
24097 1
24099 1
24105 1
24118 0
24131 1
24136 0
24143 0
24154 1
24163 0
24176 0
24188 0
24193 0
24197 1
24205 0
24209 1
24217 0
24225 0
24236 1
24247 0
24252 1
24258 1
24260 0
24274 1
24281 0
24289 0
24303 0
24308 0
24322 0
24331 1
24345 0
24358 0
24373 0
24379 1
24381 0
24383 0
24397 0
24399 1
24408 1
24412 0
24424 0
24426 0
24427 0
24431 0
24434 0
24437 1
24438 0
24449 0
24461 1
24462 0
24475 0
24487 1
24498 1
24504 1
24509 1
24520 1
24529 1
24532 1
24538 0
24544 0
24556 1
24563 0
24565 0
24571 1
24574 0
24580 0
24593 0
24597 0
24609 1
24618 1
24620 0
24625 1
24634 1
24648 1
24662 0
24665 1
24686 0
24693 1
24697 0
24702 1
24717 1
24731 0
24735 1
24740 1
24753 1
24756 0
24769 0
24780 1
24794 0
24799 0
24802 1
24808 0
24813 1
24825 0
24829 0
24833 1
24834 0
24841 1
24848 0
24857 1
24862 0
24865 0
24868 1
24876 1
24882 1
24887 1
24901 0
24907 1
24922 1
24928 0
24943 1
24957 0
24962 0
24966 0
24975 0
24986 0
25000 1
25001 1
25004 1
25017 1
25028 0
25029 0
25042 1
25055 1
25057 0
25060 1
25063 1
25078 1
25092 1
25101 0
25116 1
25118 1
25133 0
25145 0
25154 0
25159 1
25165 0
25178 1
25190 1
25194 0
25208 1
25221 0
25232 0
25247 0
25251 0
25262 1
25267 1
25279 1
25284 1
25288 0
25302 1
25315 0
25326 0
25330 0
25334 0
25342 0
25354 1
25366 0
25377 0
25385 0
25386 1
25389 1
25401 1
25413 1
25417 0
25428 1
25439 1
25447 1
25451 0
25462 0
25476 1
25485 1
25489 0
25492 1
25505 1
25516 1
25523 0
25534 0
25547 1
25560 0
25563 1
25575 1
25583 1
25587 1
25600 1
25611 1
25616 1
25628 1
25643 1
25644 0
25651 0
25652 1
25653 1
25656 1
25657 1
25663 1
25668 1
25677 1
25691 1
25692 0
25695 1
25707 1
25716 0
25730 1
25744 1
25749 0
25761 1
25762 1
25770 1
25776 0
25778 1
25782 0
25791 1
25802 0
25804 0
25813 1
25825 0
25840 1
25853 0
25865 1
25872 1
25877 0
25896 0
25904 0
25905 0
25914 1
25927 0
25930 1
25941 1
25950 1
25964 0
25977 0
25980 0
25989 1
26004 1
26017 0
26028 0
26033 1
26046 1
26057 1
26059 0
26071 0
26076 1
26087 1
26099 1
26100 1
26111 0
26114 1
26128 0
26137 0
26139 1
26141 1
26149 1
26150 0
26163 0
26177 0
26186 0
26192 1
26193 0
26208 1
26214 0
26220 1
26225 0
26231 1
26234 0
26242 1
26243 0
26244 1
26247 1
26258 1
26267 0
26276 0
26291 0
26302 1
26303 0
26310 1
26315 0
26319 0
26331 1
26345 0
26347 0
26359 0
26373 1
26375 0
26382 0
26385 1
26388 0
26396 1
26402 1
26417 1
26422 0
26429 1
26430 0
26434 1
26448 0
26461 0
26472 0
26479 1
26480 1
26491 1
26502 0
26507 1
26521 0
26529 0
26537 0
26552 1
26561 1
26569 1
26573 1
26588 1
26597 1
26605 1
26617 1
26630 1
26639 0
26653 0
26656 0
26671 0
26684 1
26688 0
26700 1
26706 1
26712 0
26727 1
26732 0
26733 0
26739 1
26744 1
26746 0
26752 1
26761 0
26772 0
26779 0
26793 0
26805 1
26811 0
26819 0
26833 1
26844 0
26857 0
26870 1
26878 0
26879 1
26880 1
26893 1
26907 1
26916 0
26919 0
26932 1
26937 0
26949 0
26954 1
26958 0
26966 0
26968 1
26980 0
26990 1
27004 0
27013 1
27022 0
27030 0
27036 1
27042 0
27047 0
27053 1
27064 1
27079 1
27087 1
27098 0
27111 0
27115 0
27126 0
27139 1
27141 1
27155 0
27166 0
27174 0
27180 0
27193 0
27195 0
27200 1
27209 1
27214 0
27226 0
27237 1
27239 0
27246 1
27251 1
27264 1
27270 1
27276 0
27282 1
27296 1
27298 1
27313 0
27314 0
27329 0
27331 0
27343 1
27352 1
27363 1
27377 0
27383 0
27386 1
27397 1
27405 1
27407 0
27408 1
27423 1
27425 1
27427 0
27432 0
27434 1
27437 1
27464 0
27478 0
27482 1
27485 1
27494 1
27505 0
27519 0
27531 1
27545 1
27546 0
27561 1
27567 1
27578 1
27585 0
27592 1
27597 1
27609 1
27623 0
27625 0
27638 0
27646 1
27649 0
27651 0
27653 0
27679 1
27686 0
27698 1
27704 0
27706 0
27712 1
27725 1
27728 1
27737 1
27751 1
27758 1
27765 0
27779 0
27790 1
27804 0
27818 0
27819 1
27834 1
27839 0
27851 1
27866 1
27875 0
27890 1
27899 0
27911 0
27912 1
27916 0
27921 0
27924 0
27932 1
27940 1
27944 0
27949 0
27964 1
27979 1
27987 0
28001 1
28009 1
28013 1
28014 0
28022 0
28036 1
28037 0
28039 0
28053 0
28054 0
28055 1
28056 1
28060 0
28072 0
28085 1
28096 1
28099 1
28104 0
28108 1
28122 1
28127 0
28128 1
28132 1
28136 0
28139 1
28145 1
28148 1
28153 1
28160 0
28175 0
28181 0
28189 1
28200 0
28209 0
28221 0
28235 1
28238 0
28249 0
28252 0
28264 0
28267 0
28274 0
28289 0
28301 0
28305 1
28312 1
28323 1
28328 1
28341 0
28343 1
28348 1
28355 1
28362 1
28368 0
28384 1
28396 1
28398 0
28409 0
28410 1
28421 0
28432 1
28434 1
28448 0
28460 1
28465 0
28483 0
28498 0
28502 0
28508 0
28510 0
28518 1
28526 1
28537 1
28541 1
28543 0
28550 0
28556 1
28557 0
28558 1
28571 0
28574 0
28592 0
28594 1
28597 1
28606 1
28620 0
28624 1
28631 0
28643 1
28645 0
28658 1
28667 0
28676 1
28689 0
28700 1
28713 1
28719 0
28730 0
28745 1
28747 1
28752 0
28763 0
28775 0
28789 0
28792 1
28806 0
28817 1
28823 1
28829 0
28841 0
28849 0
28864 1
28866 1
28872 1
28876 1
28879 0
28894 0
28905 1
28909 1
28923 0
28938 1
28946 1
28961 1
28975 0
28981 1
28988 0
29002 0
29005 0
29017 1
29018 0
29032 0
29033 0
29046 1
29059 1
29065 0
29080 1
29089 0
29091 0
29100 1
29107 1
29114 0
29129 0
29134 0
29141 1
29156 1
29157 1
29171 0
29175 1
29188 0
29190 0
29192 0
29204 0
29217 0
29220 1
29234 1
29242 1
29247 0
29250 1
29265 1
29272 0
29286 1
29289 0
29303 0
29311 1
29317 1
29326 1
29339 0
29343 0
29357 1
29363 0
29376 1
29378 0
29391 1
29403 1
29407 0
29415 0
29423 1
29429 1
29435 1
29439 1
29450 1
29464 0
29465 0
29476 1
29487 0
29488 0
29491 1
29495 1
29510 1
29515 1
29520 0
29528 1
29543 1
29554 0
29567 0
29580 1
29581 0
29588 0
29599 1
29614 0
29622 0
29637 1
29645 1
29646 1
29657 0
29660 0
29662 0
29666 0
29669 0
29683 0
29686 0
29694 1
29702 1
29716 0
29729 1
29744 0
29759 0
29767 1
29774 0
29781 1
29792 1
29803 1
29816 1
29831 1
29840 1
29844 0
29847 0
29863 0
29872 0
29873 0
29875 1
29877 0
29888 0
29908 0
29912 0
29924 1
29925 1
29931 0
29946 0
29949 1
29958 0
29962 1
29964 1
29973 1
29975 1
29984 0
29996 0
29997 0
30008 0
30020 0
30024 0
30030 1
30033 0
30048 0
30057 0
30065 1
30072 1
30074 1
30082 1
30094 1
30095 0
30106 0
30112 1
30141 1
30148 1
30155 1
30167 0
30173 0
30178 0
30186 0
30188 1
30195 1
30203 1
30216 0
30221 1
30232 0
30244 0
30245 0
30249 0
30257 1
30260 1
30264 1
30268 0
30273 1
30280 1
30282 1
30284 1
30298 0
30309 1
30320 1
30326 1
30340 0
30352 1
30356 0
30367 0
30382 0
30394 1
30399 1
30401 0
30410 1
30413 0
30425 1
30434 0
30458 1
30470 0
30478 1
30481 1
30489 1
30495 0
30506 0
30515 1
30523 1
30531 1
30539 1
30544 1
30549 0
30555 1
30569 0
30583 0
30584 0
30596 1
30597 1
30605 1
30607 1
30620 1
30626 0
30635 0
30650 1
30658 1
30670 1
30677 1
30691 0
30693 0
30698 1
30705 0
30710 0
30712 1
30721 1
30724 1
30727 0
30741 0
30748 1
30767 1
30769 1
30784 1
30797 1
30806 0
30815 0
30823 1
30828 0
30843 1
30850 0
30859 1
30871 1
30882 1
30896 1
30905 0
30910 0
30922 1
30933 1
30935 1
30950 0
30956 1
30961 1
30970 1
30973 1
30979 1
30991 0
31006 1
31009 1
31014 1
31027 0
31028 1
31035 1
31040 0
31044 1
31058 0
31064 1
31085 1
31096 0
31107 1
31121 1
31130 0
31137 1
31148 0
31154 0
31155 0
31170 0
31181 0
31185 1
31190 0
31198 1
31204 0
31215 0
31217 1
31220 0
31229 1
31243 1
31257 1
31266 1
31277 1
31292 1
31301 1
31302 0
31313 1
31318 1
31340 1
31347 0
31359 0
31373 1
31387 1
31402 1
31403 1
31415 0
31419 0
31434 1
31447 1
31451 1
31460 1
31474 1
31479 1
31483 1
31484 0
31497 0
31498 1
31506 0
31512 1
31519 1
31533 1
31542 0
31551 0
31556 0
31560 1
31575 0
31581 0
31584 0
31592 0
31598 1
31609 1
31615 1
31621 0
31636 1
31640 0
31651 0
31653 1
31654 0
31661 0
31666 1
31670 1
31673 0
31676 0
31678 1
31680 0
31685 0
31699 1
31710 1
31716 1
31724 1
31726 0
31740 1
31756 1
31761 1
31765 1
31772 0
31786 1
31800 1
31809 0
31818 0
31821 1
31834 0
31847 0
31849 1
31861 1
31873 1
31888 1
31893 1
31904 0
31905 1
31919 1
31920 1
31925 0
31937 1
31939 1
31951 1
31959 1
31970 1
31981 0
31994 1
31995 0
32007 0
32009 0
32012 1
32017 0
32032 0
32040 0
32047 0
32048 0
32054 0
32065 1
32067 1
32069 0
32083 0
32086 0
32089 0
32091 0
32093 1
32104 1
32113 0
32127 1
32133 0
32136 0
32138 1
32149 0
32160 1
32168 1
32182 0
32190 0
32201 1
32206 1
32214 0
32217 0
32231 1
32239 1
32240 0
32244 0
32253 1
32267 0
32284 0
32295 0
32310 1
32315 1
32318 0
32331 0
32336 1
32337 0
32344 0
32352 1
32365 0
32367 1
32382 1
32384 1
32391 1
32404 0
32416 0
32425 1
32430 0
32434 0
32450 1
32455 1
32457 0
32471 1
32477 0
32486 1
32497 0
32506 0
32514 0
32523 0
32525 0
32536 1
32540 0
32553 0
32568 0
32579 0
32590 1
32599 1
32603 1
32618 1
32632 0
32634 0
32649 0
32655 1
32656 0
32658 1
32670 0
32673 1
32675 1
32681 0
32692 1
32696 0
32697 1
32712 1
32723 1
32729 0
32744 1
32746 1
32757 0
32760 0
32761 1
32766 0
32769 1
32781 0
32792 0
32805 1
32819 0
32824 0
32829 1
32833 0
32841 1
32861 0
32864 0
32875 1
32890 1
32897 0
32921 1
32936 1
32941 0
32948 1
32950 0
32952 1
32964 1
32965 1
32967 0
32979 0
32987 1
33001 0
33003 0
33009 1
33017 1
33031 1
33046 1
33049 0
33063 0
33075 1
33079 1
33084 0
33087 1
33100 1
33111 1
33119 1
33132 0
33143 0
33156 0
33169 1
33172 1
33183 1
33191 1
33195 1
33203 0
33206 0
33220 0
33225 1
33234 0
33241 0
33254 1
33256 1
33263 1
33271 1
33282 0
33289 1
33303 0
33309 1
33320 1
33332 0
33339 1
33346 0
33355 1
33369 0
33384 1
33395 0
33407 0
33416 0
33429 1
33432 1
33444 0
33459 1
33468 1
33479 1
33481 0
33487 0
33498 1
33501 1
33509 1
33523 0
33526 1
33529 0
33533 1
33540 1
33554 1
33561 1
33566 0
33572 1
33580 1
33589 0
33600 0
33607 1
33613 1
33619 0
33625 0
33640 0
33651 1
33656 1
33661 1
33673 1
33685 1
33697 0
33703 1
33718 1
33720 1
33735 1
33746 0
33761 1
33776 0
33780 0
33783 1
33784 0
33788 1
33791 1
33793 1
33800 0
33815 1
33830 1
33832 1
33841 1
33852 0
33863 0
33872 1
33892 0
33904 1
33911 1
33913 0
33916 0
33925 1
33929 1
33940 0
33963 1
33978 0
33979 1
33980 0
33981 1
33985 0
34000 0
34004 0
34014 1
34029 1
34040 1
34046 0
34058 0
34072 1
34076 1
34080 1
34084 0
34091 1
34097 1
34105 1
34106 1
34112 0
34124 1
34139 1
34152 1
34166 1
34181 0
34192 1
34205 0
34211 1
34220 0
34229 0
34244 0
34245 0
34258 1
34272 0
34274 1
34281 1
34298 1
34312 1
34323 1
34325 1
34332 0
34347 1
34354 0
34361 1
34374 0
34381 1
34399 1
34407 1
34413 0
34419 0
34427 0
34439 0
34448 0
34449 0
34454 0
34467 1
34473 1
34475 0
34477 0
34478 0
34490 1
34505 1
34520 0
34521 1
34524 0
34539 1
34545 1
34549 1
34552 1
34566 1
34580 1
34584 1
34588 0
34589 0
34595 1
34596 1
34611 1
34613 0
34618 0
34633 0
34646 1
34650 1
34662 0
34675 1
34688 1
34693 0
34705 0
34708 0
34714 0
34722 0
34730 1
34745 0
34759 0
34770 1
34771 0
34772 0
34774 0
34787 0
34790 1
34799 0
34803 0
34804 0
34805 1
34813 0
34816 0
34820 0
34832 1
34847 0
34861 0
34870 1
34884 0
34897 1
34898 1
34899 1
34900 1
34915 1
34923 1
34930 0
34937 1
34944 1
34955 1
34957 1
34968 1
34970 1
34979 1
34987 0
34991 0
35002 0
35008 1
35019 1
35021 0
35030 1
35045 1
35052 1
35058 1
35070 0
35082 0
35091 0
35097 0
35101 0
35113 1
35121 0
35129 1
35140 0
35142 0
35155 1
35166 1
35169 0
35177 0
35192 1
35207 1
35222 1
35231 1
35235 1
35238 0
35253 1
35254 0
35269 1
35284 0
35291 0
35302 0
35316 1
35327 0
35331 1
35333 1
35346 0
35364 1
35368 1
35383 1
35396 1
35399 1
35413 0
35417 1
35424 1
35429 0
35431 0
35439 0
35442 0
35444 0
35459 1
35461 0
35476 0
35481 0
35488 0
35492 1
35496 1
35502 0
35503 0
35510 0
35525 0
35539 0
35551 0
35566 1
35581 1
35596 0
35603 0
35617 0
35626 1
35640 1
35654 0
35657 0
35664 0
35677 0
35688 1
35699 1
35713 1
35720 0
35721 0
35724 1
35735 1
35738 0
35749 0
35752 1
35755 0
35758 1
35773 1
35775 0
35788 0
35799 1
35802 1
35815 1
35830 0
35845 0
35849 1
35863 1
35865 1
35867 1
35881 1
35885 1
35890 0
35903 0
35908 0
35923 0
35927 0
35942 1
35943 1
35955 1
35961 1
35964 0
35979 1
35985 1
35993 0
36008 0
36009 1
36010 1
36016 0
36017 0
36025 0
36034 0
36041 1
36046 0
36058 0
36065 1
36072 1
36075 1
36081 1
36083 1
36088 0
36092 1
36099 0
36114 1
36118 0
36121 1
36122 0
36135 0
36144 0
36156 1
36170 1
36182 0
36194 1
36208 1
36210 1
36225 0
36238 1
36241 0
36246 1
36261 0
36268 1
36276 1
36280 0
36289 1
36301 0
36324 0
36331 1
36333 0
36340 0
36348 0
36355 0
36363 1
36368 1
36373 0
36377 1
36392 0
36401 0
36412 0
36415 1
36421 1
36434 0
36437 1
36438 1
36453 1
36457 1
36459 1
36461 1
36469 0
36480 1
36483 0
36496 0
36508 1
36522 1
36535 0
36549 0
36561 1
36573 1
36582 0
36586 0
36592 0
36606 0
36609 0
36616 1
36623 1
36634 1
36635 1
36644 1
36657 1
36659 1
36673 1
36685 1
36692 1
36694 0
36703 0
36707 0
36722 0
36729 1
36743 1
36752 0
36760 0
36771 1
36783 0
36785 0
36786 0
36788 1
36803 0
36815 0
36823 1
36840 0
36848 1
36862 0
36865 1
36867 1
36881 1
36892 0
36904 0
36910 1
36912 0
36916 1
36924 0
36936 1
36951 0
36959 1
36968 0
36996 1
37010 0
37016 1
37022 1
37033 0
37038 1
37045 1
37053 0
37067 0
37080 0
37087 0
37101 1
37106 0
37128 1
37142 0
37143 0
37146 1
37149 1
37156 1
37158 0
37160 0
37169 1
37180 0
37185 0
37194 1
37200 1
37203 0
37204 0
37205 0
37216 1
37219 0
37227 0
37230 1
37238 0
37239 0
37245 1
37250 1
37256 0
37283 0
37284 0
37298 1
37302 0
37307 1
37314 1
37317 1
37318 0
37333 1
37355 0
37368 1
37371 1
37386 1
37391 0
37400 0
37404 1
37412 0
37416 1
37425 1
37426 1
37434 0
37442 1
37447 0
37450 1
37459 1
37465 0
37472 0
37483 0
37485 1
37499 0
37506 0
37510 0
37523 1
37529 0
37541 1
37548 1
37551 1
37556 0
37558 1
37570 0
37584 0
37587 1
37588 0
37603 1
37612 1
37626 1
37627 1
37633 1
37638 0
37657 0
37661 0
37675 0
37680 1
37693 0
37701 0
37704 0
37717 1
37724 1
37732 1
37738 1
37742 1
37755 1
37769 0
37774 0
37775 1
37789 0
37793 0
37808 1
37815 0
37830 0
37842 0
37843 0
37845 0
37852 1
37861 1
37864 1
37868 0
37871 0
37875 0
37876 1
37879 1
37892 1
37894 1
37905 1
37920 1
37923 0
37938 1
37952 0
37958 1
37979 1
37985 0
37993 1
38008 0
38011 1
38012 1
38015 0
38024 0
38029 1
38037 0
38045 1
38051 1
38066 0
38078 0
38093 0
38108 1
38123 0
38131 1
38157 1
38172 1
38187 1
38201 1
38203 1
38216 0
38220 0
38223 0
38224 1
38227 0
38231 0
38244 0
38246 0
38252 1
38255 0
38256 0
38267 0
38280 1
38285 1
38288 0
38297 1
38312 0
38325 0
38329 0
38336 0
38350 0
38356 0
38368 1
38372 0
38385 0
38396 0
38402 1
38413 1
38419 1
38427 1
38439 1
38454 1
38469 0
38474 1
38478 1
38490 0
38498 0
38512 1
38521 1
38530 0
38539 0
38542 0
38556 0
38562 1
38565 0
38570 1
38574 1
38576 0
38578 0
38580 0
38598 1
38599 0
38610 0
38617 0
38632 0
38640 1
38646 0
38658 0
38664 1
38671 1
38684 0
38693 1
38707 0
38711 0
38715 0
38716 0
38721 0
38727 1
38728 0
38736 1
38740 0
38744 0
38753 0
38768 1
38780 1
38783 1
38792 1
38795 1
38799 1
38806 1
38812 0
38813 1
38816 0
38827 0
38829 1
38841 1
38842 0
38847 1
38859 0
38860 1
38866 0
38867 0
38880 0
38891 0
38905 0
38919 0
38923 1
38938 1
38952 1
38957 0
38964 1
38975 0
38980 0
38986 1
38989 1
39000 0
39005 0
39012 0
39020 0
39021 0
39022 1
39029 0
39033 1
39034 1
39037 0
39039 0
39053 1
39065 1
39066 0
39068 0
39073 0
39076 1
39091 0
39096 0
39102 0
39114 0
39122 1
39135 0
39137 1
39149 1
39158 0
39162 1
39175 1
39183 1
39190 1
39197 0
39198 0
39222 1
39224 1
39229 1
39236 1
39241 1
39244 1
39257 1
39268 0
39270 0
39272 0
39284 0
39291 0
39300 1
39302 1
39307 0
39313 1
39324 1
39336 1
39350 0
39364 0
39375 0
39380 1
39384 0
39399 0
39400 0
39401 1
39408 0
39410 1
39417 0
39426 0
39428 0
39441 1
39443 1
39455 0
39460 0
39462 0
39464 0
39477 0
39485 1
39492 1
39503 0
39506 1
39511 0
39523 0
39525 0
39536 1
39539 1
39554 1
39566 0
39574 0
39585 0
39588 0
39602 1
39611 0
39626 0
39628 0
39629 0
39636 1
39654 0
39666 0
39681 1
39693 0
39698 0
39704 1
39706 0
39710 1
39724 0
39728 1
39733 0
39742 1
39756 1
39768 1
39781 1
39795 1
39801 0
39808 1
39812 1
39824 0
39837 1
39849 0
39854 0
39859 1
39861 0
39864 1
39865 1
39868 1
39874 1
39888 1
39890 1
39897 1
39905 1
39919 1
39920 0
39935 0
39946 0
39955 0
39964 1
39969 0
39978 1
39980 1
39992 1
40007 0
40018 0
40029 1
40036 1
40043 0
40047 0
40060 1
40073 1
40076 0
40077 1
40092 0
40097 1
40110 1
40121 1
40130 0
40132 0
40141 1
40143 1
40150 1
40152 1
40164 1
40175 0
40177 0
40185 1
40190 0
40201 1
40213 1
40220 1
40223 1
40231 0
40237 1
40246 0
40248 1
40257 1
40268 0
40272 0
40279 0
40291 0
40293 1
40307 1
40316 1
40318 1
40319 1
40327 0
40332 0
40340 0
40355 1
40368 1
40376 1
40390 1
40404 0
40411 1
40419 0
40426 1
40441 0
40452 1
40457 1
40461 0
40473 0
40476 0
40477 1
40478 1
40489 1
40498 0
40513 0
40516 0
40517 0
40521 1
40533 1
40545 0
40559 0
40562 0
40567 0
40574 1
40576 0
40590 1
40597 0
40612 1
40626 0
40628 0
40633 0
40641 1
40656 1
40670 0
40673 0
40677 1
40691 1
40694 0
40700 1
40708 1
40723 0
40734 0
40742 1
40747 0
40751 1
40755 0
40762 0
40773 1
40780 0
40786 0
40799 0
40805 0
40809 1
40810 1
40823 1
40831 0
40836 0
40842 0
40855 0
40860 1
40866 0
40867 1
40871 0
40884 0
40897 0
40904 1
40910 0
40919 0
40922 1
40925 0
40928 0
40931 0
40933 1
40934 0
40936 0
40942 0
40951 1
40959 1
40962 1
40971 0
40975 1
40990 1
40998 1
41005 1
41018 0
41025 0
41029 1
41044 1
41057 1
41068 1
41083 1
41091 1
41097 1
41098 0
41105 0
41118 1
41124 1
41125 0
41139 1
41146 1
41147 1
41149 1
41156 0
41171 0
41185 0
41197 1
41201 1
41204 1
41218 0
41225 1
41233 1
41235 0
41239 1
41248 1
41255 1
41258 1
41263 0
41272 1
41286 1
41289 1
41292 1
41296 1
41308 1
41322 1
41326 1
41329 1
41343 1
41344 0
41350 1
41359 0
41364 0
41376 0
41389 0
41398 1
41400 0
41412 1
41426 0
41440 0
41455 1
41462 1
41471 0
41484 0
41487 1
41491 1
41497 1
41508 0
41509 0
41513 0
41519 1
41525 0
41540 0
41555 1
41567 1
41580 0
41587 0
41600 0
41604 1
41608 1
41624 0
41633 1
41645 1
41654 0
41661 0
41663 0
41678 1
41686 0
41695 1
41702 1
41709 1
41714 0
41720 1
41727 0
41740 0
41742 0
41746 1
41754 1
41765 0
41773 1
41787 0
41796 1
41801 1
41810 0
41813 1
41832 1
41834 0
41843 0
41857 1
41858 0
41869 1
41880 0
41882 0
41885 0
41892 1
41896 0
41898 1
41900 1
41915 1
41921 1
41923 0
41929 1
41942 0
41948 1
41957 0
41968 1
41973 0
41980 1
41991 0
41998 0
41999 1
42002 0
42017 0
42031 1
42033 0
42056 0
42060 1
42074 0
42083 0
42095 1
42108 0
42116 1
42124 0
42131 1
42144 1
42151 0
42152 0
42153 0
42162 1
42166 0
42180 1
42183 0
42189 1
42204 1
42209 0
42221 0
42232 1
42239 0
42247 1
42256 1
42259 0
42271 1
42279 0
42288 0
42296 0
42300 0
42308 1
42319 1
42334 0
42346 1
42349 0
42361 1
42374 0
42375 1
42380 0
42392 0
42394 0
42398 0
42402 0
42410 1
42424 0
42438 1
42451 0
42458 1
42470 1
42477 1
42491 1
42503 1
42509 1
42513 1
42528 1
42539 0
42553 0
42566 0
42580 1
42583 1
42584 0
42585 0
42586 0
42599 0
42600 1
42614 0
42625 1
42637 1
42652 1
42664 1
42679 1
42686 0
42697 1
42716 1
42724 0
42730 0
42742 1
42751 0
42754 0
42760 1
42775 0
42778 0
42789 1
42802 1
42805 0
42807 1
42816 1
42820 1
42826 0
42834 0
42849 0
42858 1
42866 0
42872 1
42875 1
42880 0
42895 0
42902 0
42910 1
42918 0
42926 1
42938 1
42947 1
42956 1
42963 1
42970 0
42979 0
42982 0
42989 0
43002 0
43008 1
43020 1
43035 1
43047 0
43055 1
43066 1
43080 1
43083 1
43086 0
43092 0
43100 1
43107 0
43116 0
43120 0
43126 0
43131 0
43132 1
43135 0
43136 1
43144 1
43147 0
43161 1
43173 1
43176 0
43178 0
43186 1
43198 0
43201 0
43212 1
43221 0
43230 0
43234 0
43248 1
43252 1
43253 1
43257 1
43266 0
43274 1
43278 0
43293 1
43298 1
43309 0
43310 1
43325 0
43338 0
43351 0
43365 0
43380 0
43395 1
43400 1
43409 0
43413 1
43428 1
43434 1
43442 1
43454 0
43468 1
43472 0
43479 1
43494 1
43503 1
43514 1
43522 1
43531 0
43543 0
43558 1
43560 1
43562 0
43577 0
43591 0
43603 1
43608 1
43614 1
43623 1
43625 1
43630 0
43644 1
43663 0
43674 0
43681 0
43689 0
43700 1
43702 0
43704 0
43716 1
43722 0
43737 1
43742 0
43753 1
43755 0
43760 0
43766 0
43767 1
43773 0
43782 0
43783 0
43789 0
43791 0
43802 1
43803 0
43809 1
43822 1
43834 1
43835 1
43847 1
43853 1
43856 0
43861 0
43864 1
43875 0
43887 1
43902 0
43911 0
43922 1
43929 1
43944 1
43947 1
43960 0
43961 0
43976 1
43981 1
43982 1
43993 0
44002 0
44004 1
44010 0
44024 0
44036 0
44044 1
44053 1
44068 1
44080 0
44088 1
44089 0
44092 0
44097 0
44110 1
44112 1
44126 1
44128 0
44135 1
44140 0
44143 1
44156 1
44167 0
44178 0
44181 1
44192 0
44193 0
44200 0
44203 0
44212 1
44215 1
44224 1
44235 1
44243 0
44250 0
44253 0
44256 0
44270 1
44281 1
44284 1
44298 0
44310 1
44313 0
44326 0
44335 0
44338 0
44347 1
44360 0
44369 1
44381 0
44394 0
44409 0
44416 0
44425 0
44430 1
44441 0
44449 1
44460 0
44474 1
44478 1
44482 1
44493 1
44504 0
44505 1
44511 0
44526 0
44529 0
44542 1
44544 1
44555 1
44563 0
44576 0
44580 1
44591 1
44594 1
44597 1
44606 0
44608 1
44610 0
44624 0
44631 0
44644 0
44652 1
44667 1
44678 1
44686 0
44700 0
44704 0
44710 1
44711 1
44715 0
44717 1
44719 1
44733 0
44742 1
44764 0
44779 0
44790 1
44803 1
44817 0
44828 0
44839 1
44848 1
44853 0
44862 1
44869 0
44883 1
44891 0
44901 1
44912 1
44919 0
44921 0
44924 1
44937 1
44940 1
44953 0
44962 1
44964 1
44971 1
44976 1
44991 1
44995 1
44996 1
45004 0
45009 0
45024 0
45031 0
45044 0
45052 0
45066 0
45074 1
45077 0
45092 1
45097 0
45111 0
45114 0
45118 0
45123 1
45129 0
45136 0
45151 0
45154 1
45159 0
45165 1
45173 1
45188 1
45190 0
45205 0
45220 1
45225 1
45232 0
45247 1
45255 1
45269 1
45274 0
45286 0
45288 0
45295 0
45297 0
45302 0
45306 0
45311 1
45314 1
45315 1
45329 1
45335 1
45346 0
45357 1
45363 0
45376 1
45389 1
45391 1
45396 1
45402 1
45414 0
45416 0
45429 1
45431 0
45440 1
45452 0
45467 0
45469 1
45471 0
45473 1
45479 1
45485 1
45496 0
45501 0
45503 0
45508 0
45516 0
45521 0
45529 0
45540 0
45548 0
45554 1
45563 0
45570 1
45574 1
45581 0
45595 1
45607 0
45619 0
45624 1
45628 1
45631 0
45642 1
45644 1
45648 1
45663 1
45664 0
45675 1
45686 0
45698 0
45701 1
45716 0
45725 0
45728 0
45737 1
45762 1
45771 1
45775 0
45790 1
45802 0
45811 0
45816 0
45818 0
45833 0
45848 0
45852 1
45859 1
45861 1
45865 1
45866 0
45874 0
45886 1
45891 1
45898 0
45913 0
45914 0
45926 0
45941 1
45950 0
45958 1
45959 1
45965 0
45973 1
45980 1
45987 1
46000 1
46012 0
46027 1
46029 0
46034 1
46037 1
46043 1
46054 0
46055 0
46070 0
46076 1
46088 1
46099 1
46106 0
46111 1
46117 1
46142 1
46143 0
46149 0
46174 0
46180 0
46182 0
46188 0
46191 1
46196 1
46209 1
46213 1
46216 1
46225 0
46234 1
46242 0
46247 1
46250 1
46263 1
46266 0
46269 1
46284 0
46296 0
46308 1
46323 0
46330 1
46344 0
46345 0
46348 1
46360 0
46384 0
46387 0
46399 0
46407 0
46414 1
46429 0
46444 1
46446 1
46453 1
46455 0
46464 1
46475 1
46476 0
46478 0
46492 0
46495 1
46510 0
46525 1
46526 1
46539 1
46547 0
46562 0
46574 1
46575 0
46583 1
46584 1
46598 0
46606 0
46617 0
46618 1
46620 1
46623 1
46624 0
46627 1
46640 1
46652 0
46666 1
46671 1
46672 1
46683 1
46690 0
46701 1
46709 0
46716 0
46730 1
46741 0
46747 1
46749 1
46753 1
46755 0
46759 1
46774 0
46781 0
46789 0
46801 1
46810 0
46814 0
46818 0
46826 0
46830 0
46834 0
46841 1
46856 0
46869 1
46880 1
46885 0
46898 1
46904 1
46909 0
46911 1
46916 0
46918 1
46930 1
46939 1
46941 0
46956 1
46971 1
46976 0
46989 1
46998 0
47010 1
47013 0
47025 0
47034 0
47048 1
47056 1
47071 0
47077 1
47082 0
47094 0
47106 1
47114 0
47119 0
47130 0
47136 0
47147 0
47159 0
47160 1
47166 1
47170 0
47173 0
47188 0
47200 0
47205 1
47209 1
47211 0
47222 0
47235 1
47249 1
47260 1
47275 0
47282 1
47288 1
47295 1
47302 0
47314 1
47320 1
47331 0
47339 1
47345 0
47362 1
47363 1
47371 0
47378 0
47387 0
47395 0
47396 0
47401 0
47409 0
47413 1
47424 0
47428 0
47448 1
47460 0
47465 0
47480 1
47483 0
47485 1
47486 1
47499 0
47512 0
47515 1
47521 1
47536 1
47542 0
47548 0
47549 0
47554 1
47561 1
47574 1
47588 1
47591 1
47598 1
47613 0
47621 1
47648 1
47650 0
47657 1
47659 0
47671 1
47692 0
47704 0
47717 1
47721 0
47735 1
47740 1
47742 0
47756 0
47767 1
47768 0
47769 1
47771 1
47774 0
47776 1
47789 0
47795 0
47802 0
47815 1
47828 1
47835 1
47839 0
47852 1
47856 0
47859 1
47871 1
47874 0
47878 0
47879 0
47880 0
47886 1
47899 1
47901 0
47902 0
47914 0
47920 0
47932 1
47938 1
47945 1
47951 1
47952 1
47953 1
47957 1
47968 1
47974 1
47979 0
47985 1
47999 0
48012 0
48024 0
48033 0
48034 0
48042 0
48053 0
48062 0
48063 1
48065 1
48079 0
48084 0
48091 1
48103 1
48114 1
48120 0
48127 0
48133 0
48138 1
48149 0
48160 1
48172 0
48184 1
48197 1
48205 0
48210 0
48215 0
48219 1
48224 1
48238 0
48240 1
48244 1
48259 0
48262 0
48274 1
48287 1
48302 0
48317 0
48319 1
48324 1
48325 1
48338 0
48339 1
48350 0
48359 0
48366 0
48372 1
48380 1
48389 0
48398 1
48402 0
48411 0
48415 1
48418 0
48420 0
48422 1
48433 1
48439 1
48445 0
48447 1
48454 0
48458 0
48465 1
48473 0
48481 0
48482 0
48488 1
48494 0
48508 1
48514 1
48525 1
48528 0
48540 1
48541 1
48552 1
48560 1
48562 0
48567 0
48583 0
48586 0
48599 0
48608 1
48616 0
48624 0
48637 0
48640 1
48649 1
48654 1
48658 0
48661 0
48665 1
48672 0
48676 1
48689 0
48704 1
48707 1
48722 1
48726 0
48740 0
48751 1
48754 1
48768 1
48772 0
48787 1
48789 1
48794 1
48797 1
48802 0
48803 0
48816 1
48831 1
48839 1
48843 1
48849 0
48878 0
48892 0
48903 0
48909 1
48917 0
48918 0
48931 1
48938 1
48940 0
48946 1
48948 1
48962 0
48968 0
48983 0
48988 1
49000 0
49015 1
49027 0
49028 0
49037 1
49044 1
49057 1
49059 0
49074 0
49086 0
49087 0
49100 0
49102 0
49116 1
49119 1
49130 0
49143 0
49147 0
49154 1
49156 0
49159 1
49163 1
49164 0
49165 1
49172 1
49179 0
49191 1
49192 1
49215 1
49230 0
49237 1
49248 0
49262 0
49269 0
49274 0
49286 0
49289 1
49295 1
49298 1
49310 1
49315 1
49319 1
49331 1
49336 0
49345 0
49351 0
49364 0
49366 0
49378 1
49387 0
49399 0
49413 0
49414 0
49418 1
49430 1
49435 1
49441 0
49446 0
49449 1
49463 0
49471 1
49482 0
49494 0
49498 0
49502 1
49517 1
49528 0
49536 1
49541 1
49553 1
49567 0
49576 0
49577 0
49590 1
49601 1
49608 0
49620 1
49632 0
49647 0
49659 1
49667 0
49674 0
49689 0
49698 1
49713 1
49716 0
49722 1
49730 1
49745 0
49752 1
49759 1
49761 1
49766 1
49773 0
49781 1
49792 1
49797 0
49805 0
49812 1
49820 1
49829 1
49836 0
49861 1
49869 0
49888 1
49899 0
49908 1
49923 0
49931 1
49935 1
49942 1
49950 0
49965 0
49966 0
49970 1
49971 0
49975 1
49982 1
49989 0
49997 0
50004 0
50010 1
50025 1
50032 1
50038 0
50039 0
50040 0
50054 1
50066 0
50077 0
50085 1
50093 1
50108 0
50114 1
50133 0
50148 0
50161 0
50167 0
50168 1
50179 1
50181 0
50184 1
50195 0
50202 1
50210 0
50230 0
50235 1
50239 0
50252 0
50263 0
50264 1
50269 0
50280 1
50286 1
50292 1
50298 1
50307 1
50320 1
50334 0
50342 1
50351 0
50366 0
50374 1
50385 0
50411 1
50416 1
50425 0
50431 0
50432 0
50437 0
50450 1
50461 0
50475 0
50483 0
50490 1
50498 1
50511 1
50522 1
50525 0
50527 1
50532 0
50533 1
50545 0
50549 0
50553 1
50562 0
50571 1
50583 0
50585 0
50596 1
50602 0
50607 1
50613 1
50618 1
50627 0
50632 0
50644 0
50658 0
50659 0
50672 1
50685 0
50694 1
50703 0
50710 1
50712 0
50713 1
50717 0
50730 0
50742 0
50746 0
50760 0
50762 1
50766 0
50768 0
50771 1
50773 0
50778 1
50779 0
50781 1
50785 1
50813 1
50821 0
50835 0
50838 0
50846 1
50854 0
50869 1
50883 1
50898 0
50902 0
50913 1
50927 1
50932 1
50941 0
50954 1
50959 1
50963 1
50977 0
50989 1
50992 0
51006 1
51013 1
51022 0
51024 1
51026 0
51033 1
51047 1
51048 0
51050 0
51064 1
51078 1
51092 1
51099 1
51108 1
51122 1
51135 0
51144 1
51153 1
51162 0
51167 1
51187 0
51199 0
51210 0
51219 1
51222 0
51224 0
51231 0
51238 0
51246 1
51252 1
51258 1
51269 0
51275 1
51282 1
51283 0
51291 1
51298 1
51301 0
51304 0
51310 1
51321 0
51330 0
51335 0
51338 0
51352 0
51361 0
51369 0
51383 0
51396 0
51405 1
51414 0
51433 0
51436 0
51443 0
51445 0
51457 0
51462 0
51467 0
51476 0
51481 1
51483 1
51490 1
51503 0
51515 1
51528 1
51529 1
51541 1
51554 0
51569 1
51573 1
51580 1
51586 0
51595 1
51614 0
51625 1
51630 1
51642 1
51647 1
51648 0
51663 1
51671 0
51684 1
51696 0
51703 1
51708 0
51709 1
51722 1
51735 1
51748 0
51760 0
51765 1
51776 1
51785 1
51790 1
51802 1
51808 1
51819 0
51820 1
51832 1
51836 1
51844 1
51848 0
51863 0
51871 1
51879 1
51880 0
51895 0
51900 0
51907 0
51918 0
51919 0
51924 0
51932 1
51939 0
51962 1
51970 1
51982 0
51988 0
51995 1
52003 1
52007 0
52022 0
52028 0
52031 1
52039 0
52054 0
52065 1
52068 1
52070 1
52081 1
52087 1
52088 0
52092 1
52100 1
52115 0
52130 0
52143 1
52147 1
52162 0
52171 1
52179 1
52186 1
52194 0
52205 0
52207 0
52215 1
52229 1
52231 1
52242 1
52250 1
52252 0
52256 1
52268 1
52275 0
52281 0
52282 0
52296 0
52307 0
52311 0
52315 1
52322 0
52329 1
52336 0
52341 1
52343 1
52357 1
52361 0
52370 0
52383 0
52396 1
52408 1
52417 1
52420 1
52425 1
52429 1
52434 0
52435 1
52442 0
52443 0
52457 1
52470 1
52483 1
52497 1
52503 1
52507 0
52511 1
52525 1
52529 0
52543 0
52551 0
52552 0
52556 0
52570 1
52585 1
52589 0
52593 1
52605 1
52618 0
52626 1
52641 1
52646 1
52650 1
52662 0
52676 0
52689 1
52692 1
52705 1
52712 0
52727 0
52729 1
52744 1
52759 0
52762 1
52767 1
52771 0
52783 1
52795 0
52802 1
52813 1
52814 1
52825 0
52827 0
52839 1
52843 1
52855 0
52860 0
52872 1
52883 1
52896 1
52902 0
52908 1
52921 1
52930 0
52932 1
52953 0
52962 1
52967 1
52976 1
52979 1
52990 0
52999 0
53013 0
53028 0
53041 1
53048 0
53053 1
53057 1
53062 0
53065 1
53073 0
53074 1
53088 1
53095 0
53112 1
53115 1
53130 0
53135 1
53147 0
53155 1
53166 1
53174 0
53175 1
53177 0
53188 0
53194 1
53195 0
53198 0
53210 0
53214 0
53243 1
53248 1
53261 1
53268 0
53273 1
53287 0
53295 1
53300 0
53306 0
53318 1
53325 1
53334 0
53337 1
53350 0
53366 0
53370 0
53375 1
53396 0
53403 0
53406 0
53421 0
53424 0
53427 1
53429 1
53441 0
53447 0
53450 1
53452 0
53456 0
53467 0
53473 1
53479 1
53492 0
53495 1
53497 1
53501 1
53514 0
53527 1
53535 0
53538 0
53546 0
53555 0
53566 1
53575 0
53581 1
53587 1
53589 1
53594 0
53600 0
53602 0
53617 1
53625 0
53632 0
53639 1
53654 1
53666 1
53675 0
53688 0
53692 1
53705 1
53707 1
53710 1
53713 1
53714 0
53721 1
53729 1
53743 0
53752 1
53754 0
53776 0
53779 1
53792 1
53800 1
53811 0
53820 0
53831 0
53835 0
53849 0
53861 1
53869 0
53872 1
53883 1
53887 0
53902 0
53909 0
53911 1
53916 1
53924 0
53930 0
53935 1
53942 1
53948 1
53952 1
53959 0
53965 1
53974 0
53989 0
53994 0
53999 1
54005 0
54007 1
54016 0
54031 0
54046 1
54061 1
54073 1
54088 1
54094 1
54100 0
54112 1
54116 0
54125 0
54137 0
54141 0
54148 0
54154 1
54159 1
54160 0
54172 0
54173 1
54179 0
54186 1
54190 1
54196 0
54203 1
54215 0
54233 0
54236 1
54238 1
54239 0
54250 0
54251 0
54266 1
54277 0
54280 1
54293 0
54304 0
54308 1
54315 1
54324 1
54336 0
54350 0
54362 1
54371 0
54386 1
54398 0
54411 1
54419 1
54427 1
54434 1
54436 0
54448 1
54452 1
54460 0
54467 1
54478 1
54487 1
54492 1
54495 1
54501 1
54505 1
54511 1
54524 1
54537 1
54548 1
54555 0
54570 1
54585 0
54600 0
54607 0
54621 1
54636 1
54637 0
54644 0
54657 0
54661 1
54672 0
54684 1
54696 0
54705 0
54712 0
54725 0
54727 0
54730 1
54743 1
54744 1
54756 1
54765 0
54770 1
54777 0
54793 1
54802 1
54803 1
54809 1
54820 1
54832 0
54845 0
54846 0
54858 0
54870 0
54883 1
54896 1
54908 0
54917 1
54923 1
54932 1
54947 1
54951 1
54952 0
54959 0
54960 1
54964 1
54968 1
54974 0
54983 1
55000 1
55007 0
55019 1
55031 0
55040 0
55043 0
55046 1
55050 0
55053 0
55058 0
55065 0
55070 0
55081 1
55085 1
55088 0
55094 0
55102 1
55107 0
55114 1
55123 1
55138 0
55145 1
55156 1
55170 1
55177 0
55179 1
55185 1
55191 0
55199 1
55213 1
55224 1
55231 1
55239 1
55253 0
55254 1
55259 0
55266 1
55277 1
55290 0
55305 1
55314 0
55329 1
55331 1
55336 1
55344 1
55350 1
55364 1
55379 0
55392 0
55400 1
55401 1
55410 1
55411 0
55418 0
55432 0
55447 1
55450 0
55454 1
55466 0
55479 0
55481 0
55493 0
55497 0
55502 1
55511 1
55524 0
55531 0
55537 1
55543 1
55554 0
55562 0
55569 1
55573 1
55581 0
55588 1
55590 0
55601 1
55605 0
55617 1
55646 0
55657 1
55664 0
55670 1
55672 0
55687 1
55701 0
55706 1
55708 1
55710 0
55725 1
55734 0
55749 0
55758 0
55763 1
55766 1
55781 1
55796 1
55807 0
55813 0
55819 0
55824 0
55828 0
55836 0
55837 0
55848 0
55862 1
55873 1
55879 1
55880 0
55885 1
55893 0
55902 1
55909 1
55922 0
55928 1
55940 1
55947 1
55958 0
55969 0
55972 1
55975 1
55987 0
55991 1
56005 1
56018 1
56022 1
56025 0
56026 1
56030 0
56045 0
56050 0
56058 1
56059 0
56066 1
56068 1
56082 0
56096 0
56101 0
56116 0
56122 1
56133 0
56147 0
56153 0
56165 1
56174 1
56183 0
56198 1
56199 1
56204 0
56211 1
56223 0
56224 1
56229 0
56231 1
56243 0
56255 0
56267 0
56280 0
56291 0
56305 0
56319 0
56326 0
56340 1
56343 1
56344 0
56357 0
56369 1
56371 0
56383 1
56394 1
56397 1
56399 0
56412 1
56416 0
56421 1
56430 0
56443 0
56458 1
56462 1
56474 0
56487 1
56494 0
56499 1
56518 0
56525 1
56527 0
56529 1
56541 1
56553 1
56555 0
56561 0
56574 0
56578 1
56581 0
56587 1
56600 0
56608 1
56616 1
56621 1
56628 0
56632 0
56646 1
56658 0
56667 1
56675 1
56681 0
56696 0
56700 0
56707 0
56714 1
56719 0
56732 1
56736 1
56745 1
56747 1
56760 1
56775 0
56788 0
56791 1
56795 0
56808 0
56812 0
56824 1
56831 1
56839 0
56845 1
56858 0
56873 0
56887 0
56889 0
56890 0
56898 1
56907 0
56918 1
56932 0
56936 0
56943 1
56954 0
56959 1
56961 0
56963 0
56965 0
56978 0
56983 1
56991 1
56996 1
57000 0
57012 0
57026 1
57031 1
57036 0
57047 0
57059 0
57060 0
57073 0
57076 1
57084 1
57093 1
57105 1
57108 0
57116 1
57119 1
57124 0
57135 0
57139 0
57148 0
57162 1
57171 1
57178 0
57189 0
57204 0
57217 1
57221 0
57235 1
57244 1
57251 0
57257 1
57258 0
57260 1
57265 1
57276 1
57278 1
57289 1
57294 1
57301 1
57313 0
57324 0
57331 0
57336 1
57340 1
57343 1
57356 1
57368 1
57382 1
57394 0
57399 1
57411 1
57417 0
57430 1
57437 0
57448 1
57457 0
57465 0
57476 1
57481 0
57490 1
57501 0
57510 0
57517 1
57518 0
57524 1
57526 0
57532 1
57534 1
57538 1
57546 0
57560 0
57561 1
57562 1
57567 1
57575 0
57589 1
57594 1
57605 0
57614 1
57623 1
57630 0
57636 1
57641 1
57642 1
57656 0
57667 0
57678 0
57680 1
57686 0
57697 1
57704 1
57717 0
57722 0
57727 0
57741 1
57746 0
57755 0
57761 1
57772 1
57781 1
57783 1
57798 1
57803 0
57812 1
57816 1
57819 1
57822 1
57835 1
57838 1
57845 0
57846 1
57852 0
57867 0
57881 0
57884 1
57889 0
57901 0
57905 0
57910 1
57927 1
57938 0
57947 1
57950 1
57953 1
57957 1
57958 0
57972 1
57983 1
57992 0
57995 1
58000 1
58004 1
58019 0
58031 0
58032 1
58036 0
58048 1
58053 1
58055 0
58058 1
58069 0
58076 0
58087 0
58093 0
58097 1
58102 0
58114 1
58125 1
58139 0
58154 0
58165 1
58172 0
58183 1
58188 0
58196 0
58200 1
58201 1
58202 1
58213 1
58228 0
58231 0
58242 0
58251 0
58258 0
58266 1
58274 0
58286 1
58300 1
58311 0
58324 0
58328 0
58329 1
58343 0
58349 0
58358 0
58359 1
58367 0
58378 1
58385 1
58391 0
58399 1
58412 1
58423 0
58435 1
58440 0
58442 1
58447 1
58456 0
58460 0
58465 0
58470 1
58476 1
58488 0
58499 1
58514 0
58517 1
58528 1
58539 1
58540 1
58547 1
58559 0
58561 1
58574 1
58586 1
58599 1
58607 0
58620 0
58627 1
58631 1
58639 0
58653 1
58657 1
58671 1
58685 0
58699 0
58704 0
58715 0
58730 1
58743 1
58751 1
58766 1
58770 0
58779 0
58782 0
58788 0
58799 1
58800 0
58814 0
58827 1
58828 1
58836 1
58845 0
58848 0
58857 0
58871 0
58886 1
58900 0
58915 1
58921 1
58927 1
58932 1
58939 0
58948 1
58966 0
58972 0
58973 0
58986 0
58989 0
59003 0
59004 0
59005 1
59007 1
59018 0
59020 1
59022 1
59036 1
59045 1
59049 0
59064 0
59073 1
59085 0
59099 1
59108 0
59110 0
59112 1
59118 0
59132 0
59147 1
59151 0
59162 1
59176 0
59179 1
59182 0
59187 1
59201 0
59214 0
59228 0
59234 0
59246 0
59259 0
59271 1
59275 0
59286 1
59288 1
59302 0
59315 1
59324 0
59331 0
59338 1
59342 1
59351 0
59367 0
59375 0
59388 0
59395 1
59403 0
59412 0
59413 0
59422 0
59431 1
59435 0
59436 0
59447 0
59458 0
59467 1
59474 1
59488 1
59493 0
59507 0
59514 1
59529 1
59543 0
59554 0
59565 0
59578 0
59582 1
59597 1
59605 0
59626 1
59629 0
59631 0
59642 1
59647 0
59649 0
59660 0
59673 1
59686 0
59690 0
59701 1
59713 0
59716 1
59721 1
59728 1
59729 1
59742 0
59751 1
59766 0
59770 0
59779 1
59791 0
59797 1
59799 1
59805 0
59813 1
59817 0
59822 0
59831 0
59835 1
59848 1
59861 0
59869 1
59875 1
59886 0
59888 1
59900 1
59915 1
59917 1
59918 1
59920 0
59922 1
59933 0
59946 0
59958 1
59967 0
59992 0
60001 0
60009 0
60014 1
60018 1
60026 0
60031 1
60037 1
60050 1
60064 0
60067 1
60072 1
60076 1
60087 0
60096 0
60105 1
60112 1
60120 0
60131 0
60146 1
60149 0
60151 0
60160 0
60171 1
60183 0
60194 1
60201 0
60216 1
60220 0
60224 1
60235 1
60240 1
60251 1
60266 0
60280 0
60291 1
60300 0
60312 1
60319 1
60330 0
60341 1
60354 1
60360 0
60369 1
60382 0
60391 0
60404 1
60409 0
60432 1
60447 0
60460 0
60466 1
60474 0
60479 0
60492 0
60494 1
60506 0
60513 1
60515 1
60530 0
60544 0
60553 1
60565 0
60579 0
60583 0
60587 1
60601 1
60603 1
60609 0
60610 1
60618 1
60625 1
60637 0
60644 0
60651 0
60664 1
60670 0
60673 0
60676 0
60681 1
60693 0
60708 1
60720 0
60726 1
60735 1
60737 1
60746 1
60757 0
60759 0
60760 0
60765 0
60772 0
60778 1
60786 0
60801 0
60805 1
60819 0
60827 0
60831 1
60843 0
60858 0
60863 1
60871 0
60877 1
60888 1
60893 1
60898 1
60910 0
60916 1
60919 0
60925 1
60938 0
60951 0
60958 1
60972 0
60978 1
60989 0
61001 1
61010 1
61015 0
61027 0
61036 0
61038 1
61045 0
61060 1
61074 0
61085 0
61091 1
61097 1
61112 1
61116 0
61128 1
61141 0
61154 1
61169 1
61170 0
61176 0
61180 1
61185 1
61193 0
61204 0
61205 0
61219 1
61225 1
61230 0
61237 0
61248 0
61256 0
61265 0
61274 0
61279 1
61285 1
61297 1
61303 1
61315 1
61319 1
61324 1
61336 0
61341 0
61347 0
61361 0
61366 1
61370 1
61379 1
61387 0
61394 0
61398 1
61401 1
61413 1
61427 0
61438 0
61442 1
61454 1
61459 0
61473 0
61488 0
61497 1
61505 0
61512 0
61523 1
61537 0
61541 0
61542 1
61555 0
61556 1
61571 1
61572 1
61579 1
61581 0
61587 1
61601 1
61616 1
61622 1
61635 1
61642 0
61651 1
61658 1
61669 0
61683 0
61684 0
61698 1
61700 1
61702 1
61716 0
61731 1
61746 0
61748 0
61753 1
61765 1
61773 0
61784 1
61789 1
61798 0
61815 0
61822 1
61829 0
61838 0
61851 0
61864 1
61876 0
61881 0
61884 1
61892 1
61900 1
61909 1
61923 0
61931 1
61937 0
61946 1
61949 1
61958 1
61971 1
61974 0
61980 1
61994 0
61995 1
62001 1
62002 0
62007 0
62014 0
62025 0
62032 1
62045 0
62053 1
62059 0
62074 0
62088 1
62093 1
62094 1
62096 0
62099 1
62101 1
62104 1
62113 1
62125 1
62130 0
62142 1
62143 0
62145 1
62151 0
62169 1
62183 1
62198 1
62212 0
62223 1
62238 1
62253 1
62258 0
62264 0
62269 1
62272 1
62287 0
62294 1
62300 0
62312 0
62315 0
62320 0
62334 0
62339 0
62343 0
62347 1
62360 1
62371 0
62373 1
62375 1
62384 0
62392 0
62398 0
62406 0
62415 0
62429 0
62430 0
62433 1
62435 0
62442 0
62450 1
62453 1
62456 1
62468 1
62480 1
62481 0
62489 0
62496 0
62509 1
62523 0
62536 1
62538 0
62541 1
62552 1
62566 1
62568 1
62577 1
62590 0
62591 0
62606 1
62613 1
62625 0
62633 0
62647 0
62660 0
62666 0
62675 0
62682 0
62694 1
62709 1
62721 1
62727 0
62734 1
62738 1
62749 0
62764 1
62772 1
62784 0
62791 0
62800 0
62803 1
62809 1
62822 0
62830 0
62832 0
62836 1
62837 1
62840 0
62851 0
62864 1
62875 0
62886 0
62892 0
62896 1
62911 1
62914 1
62915 0
62928 0
62943 1
62944 0
62955 1
62967 0
62972 1
62976 1
62991 0
62992 1
63003 0
63018 1
63030 0
63034 1
63043 1
63052 1
63067 0
63078 0
63080 1
63085 1
63096 0
63107 0
63111 0
63123 0
63131 1
63136 0
63140 1
63145 0
63157 1
63168 0
63169 1
63180 0
63194 1
63205 1
63212 0
63227 1
63228 0
63235 1
63237 0
63251 1
63266 0
63279 1
63282 0
63284 1
63296 1
63307 1
63308 1
63313 0
63321 0
63330 1
63337 0
63338 0
63342 0
63345 0
63346 0
63358 0
63373 0
63387 1
63392 1
63401 0
63409 0
63424 0
63425 1
63427 0
63429 0
63440 0
63448 0
63450 1
63452 0
63456 0
63467 1
63476 1
63481 1
63494 0
63507 1
63510 0
63513 1
63524 1
63528 1
63537 1
63540 0
63544 1
63552 1
63554 1
63566 0
63569 1
63575 0
63590 0
63596 0
63597 1
63600 1
63608 1
63612 1
63617 0
63623 1
63634 0
63635 0
63647 1
63655 1
63656 0
63662 1
63674 1
63676 0
63679 1
63685 1
63697 1
63698 0
63703 0
63718 1
63722 0
63731 1
63753 0
63766 0
63780 0
63789 0
63793 0
63794 0
63797 0
63810 1
63822 0
63827 1
63841 0
63856 1
63864 1
63867 1
63879 1
63883 1
63889 0
63902 0
63905 1
63919 1
63921 1
63924 0
63936 1
63944 0
63959 1
63964 1
63968 0
63969 1
63971 1
63983 1
63985 1
63988 0
63997 1
64006 0
64013 1
64014 0
64022 1
64036 0
64049 0
64052 1
64058 1
64066 1
64070 1
64073 0
64087 1
64099 1
64106 0
64126 1
64141 0
64142 0
64153 0
64164 0
64166 1
64172 1
64175 0
64190 1
64197 1
64205 1
64207 1
64218 1
64226 1
64232 1
64240 0
64245 1
64259 1
64260 0
64272 1
64273 1
64285 0
64296 1
64308 1
64316 1
64327 0
64340 1
64351 1
64360 0
64364 0
64372 1
64378 0
64379 0
64385 1
64391 0
64398 0
64413 0
64426 0
64428 1
64433 1
64441 0
64453 1
64458 1
64461 1
64462 0
64476 1
64487 0
64490 1
64498 1
64506 1
64510 0
64513 1
64522 1
64523 0
64534 1
64549 0
64564 1
64579 0
64591 0
64606 0
64619 0
64630 1
64633 1
64642 0
64650 0
64662 1
64673 1
64676 0
64680 1
64695 0
64698 1
64713 0
64726 0
64730 0
64742 1
64748 0
64761 0
64775 0
64779 0
64790 1
64795 1
64801 0
64807 1
64814 0
64827 1
64833 0
64844 1
64851 0
64855 1
64858 1
64870 1
64885 1
64900 1
64904 0
64912 1
64917 1
64925 1
64938 0
64947 1
64956 1
64957 0
64964 1
64973 0
64976 0
64991 1
64996 0
64999 0
65006 1
65019 0
65028 0
65034 0
65041 1
65045 0
65053 0
65075 0
65078 1
65089 0
65104 0
65107 0
65109 0
65123 1
65134 0
65143 1
65156 0
65169 0
65170 0
65177 0
65178 0
65189 1
65198 0
65211 0
65214 0
65218 1
65225 1
65231 0
65239 1
65254 0
65256 0
65271 1
65284 1
65286 1
65289 1
65298 0
65311 0
65315 1
65330 1
65343 0
65347 0
65361 1
65363 1
65375 1
65380 0
65389 0
65391 1
65406 1
65417 0
65419 0
65422 0
65433 0
65441 0
65447 0
65462 1
65466 1
65472 1
65484 0
65497 1
65503 1
65506 0
65508 1
65510 1
65522 0
65536 0
65549 0
65553 1
65554 0
65565 0
65566 0
65580 1
65602 1
65608 0
65616 0
65629 1
65633 0
65638 0
65640 1
65658 0
65670 1
65673 0
65688 0
65690 1
65702 0
65706 0
65723 1
65735 1
65740 1
65742 0
65745 1
65747 1
65748 0
65753 0
65758 0
65773 1
65782 1
65789 0
65804 0
65813 1
65819 1
65825 0
65831 1
65846 0
65860 1
65862 1
65875 0
65876 1
65889 1
65900 1
65914 1
65923 1
65938 0
65949 1
65954 1
65956 1
65959 1
65970 1
65985 0
65989 0
65995 0
65996 1
66007 0
66008 0
66021 0
66025 1
66038 0
66066 0
66068 0
66077 0
66082 0
66084 1
66089 1
66090 1
66098 1
66111 1
66120 0
66133 1
66141 1
66149 0
66152 0
66165 1
66176 1
66187 0
66190 0
66203 0
66208 0
66222 0
66226 1
66237 0
66240 0
66249 1
66263 0
66265 1
66272 0
66281 1
66288 1
66291 1
66298 0
66305 0
66319 0
66333 0
66336 0
66338 1
66347 0
66361 1
66375 0
66380 1
66382 1
66394 0
66409 0
66414 0
66421 0
66430 0
66436 1
66451 1
66463 0
66466 1
66477 1
66486 1
66488 1
66493 0
66517 0
66524 0
66527 1
66533 0
66545 0
66556 1
66565 1
66578 1
66591 0
66602 0
66604 1
66613 1
66621 0
66645 1
66651 0
66663 1
66676 0
66678 0
66687 1
66694 0
66702 0
66708 0
66720 0
66722 0
66737 1
66740 1
66742 0
66744 1
66748 1
66759 1
66760 0
66764 0
66767 1
66769 1
66781 1
66789 1
66791 1
66796 0
66810 1
66818 1
66825 0
66839 0
66843 1
66854 0
66865 1
66880 1
66885 1
66892 0
66907 1
66921 0
66935 1
66950 1
66954 1
66966 0
66967 1
66981 0
66989 1
67002 0
67003 0
67008 1
67009 1
67012 1
67017 1
67026 0
67041 1
67044 0
67050 1
67063 1
67069 0
67071 0
67082 0
67085 0
67098 0
67112 0
67118 1
67126 1
67127 1
67132 1
67138 1
67143 1
67152 1
67158 0
67166 1
67167 1
67169 1
67196 1
67203 1
67208 0
67222 1
67227 0
67228 1
67241 0
67247 1
67253 1
67257 1
67261 1
67266 1
67267 0
67275 0
67287 0
67298 1
67310 0
67317 1
67325 1
67326 1
67339 0
67350 0
67355 1
67358 0
67360 0
67364 0
67373 0
67382 1
67395 1
67404 1
67413 1
67419 0
67430 0
67435 0
67437 1
67442 1
67444 1
67449 0
67461 1
67476 0
67489 0
67491 1
67494 0
67508 1
67510 0
67512 0
67524 0
67532 1
67541 0
67552 0
67554 1
67565 0
67577 0
67589 1
67598 0
67606 0
67614 1
67637 1
67650 1
67652 1
67666 0
67671 1
67691 1
67699 0
67702 1
67705 1
67708 1
67710 1
67725 1
67740 1
67753 1
67757 1
67763 0
67764 0
67771 1
67786 1
67789 1
67804 0
67816 1
67821 1
67829 1
67835 1
67847 0
67849 1
67856 0
67860 0
67865 1
67876 1
67888 1
67891 1
67903 0
67915 0
67929 0
67932 1
67935 0
67948 0
67961 0
67963 0
67965 0
67976 0
67985 0
67998 1
68001 1
68009 0
68023 0
68028 0
68031 0
68038 0
68052 0
68061 0
68064 0
68078 1
68085 1
68093 0
68108 1
68109 1
68111 1
68123 1
68137 1
68146 0
68158 0
68166 1
68167 1
68179 1
68185 0
68197 0
68200 0
68205 0
68217 1
68225 1
68231 0
68243 1
68249 0
68260 0
68275 1
68283 1
68297 0
68300 1
68309 1
68318 0
68344 0
68345 0
68353 0
68357 0
68368 0
68377 1
68400 1
68407 0
68416 1
68422 1
68427 0
68441 0
68452 1
68465 0
68477 0
68479 1
68480 0
68491 1
68497 0
68504 0
68515 1
68529 1
68541 1
68550 0
68555 0
68570 1
68585 0
68600 0
68611 0
68620 1
68624 0
68627 0
68639 0
68641 1
68650 1
68652 0
68663 0
68675 1
68678 1
68690 0
68693 1
68695 1
68698 1
68716 0
68719 0
68732 1
68739 1
68752 1
68765 0
68770 1
68784 0
68792 1
68796 0
68799 0
68804 1
68812 0
68818 0
68827 0
68841 1
68856 1
68865 0
68872 0
68877 1
68880 0
68882 1
68883 1
68887 1
68898 1
68911 1
68919 0
68933 1
68948 1
68956 1
68963 0
68971 1
68972 0
68976 0
68982 0
68983 0
68992 0
69005 1
69012 0
69017 0
69018 0
69027 1
69042 1
69057 0
69071 1
69084 0
69088 1
69092 1
69096 0
69103 1
69114 0
69128 1
69139 1
69154 1
69160 1
69163 0
69177 1
69186 0
69191 1
69199 1
69207 0
69222 1
69234 0
69243 0
69247 1
69260 0
69268 1
69281 0
69288 0
69293 1
69299 0
69304 1
69316 1
69321 0
69325 0
69333 0
69335 1
69341 1
69352 1
69354 1
69367 1
69379 0
69393 1
69398 0
69399 1
69400 0
69408 0
69421 0
69434 1
69440 0
69451 1
69459 1
69463 1
69471 1
69477 1
69483 1
69496 0
69499 1
69514 1
69521 1
69525 1
69531 0
69540 0
69546 1
69555 1
69562 1
69575 1
69581 0
69594 0
69595 1
69597 1
69600 1
69615 0
69618 0
69626 0
69634 0
69639 0
69647 0
69655 1
69669 0
69684 0
69687 0
69688 0
69703 0
69717 0
69722 0
69734 0
69746 1
69761 1
69762 0
69763 0
69766 1
69777 1
69779 1
69794 1
69795 0
69806 1
69811 0
69815 0
69820 0
69826 1
69837 1
69842 1
69856 1
69864 1
69870 1
69878 0
69884 0
69893 1
69897 0
69898 1
69909 0
69913 0
69919 1
69934 0
69946 0
69953 1
69961 0
69973 0
69978 1
69984 0
69985 0
69998 0
70003 1
70015 0
70020 1
70022 1
70023 1
70027 1
70039 1
70045 0
70050 1
70058 1
70065 0
70067 1
70079 1
70081 1
70084 1
70085 0
70088 1
70090 1
70098 0
70107 1
70112 1
70127 1
70128 1
70134 1
70143 0
70147 1
70161 0
70163 1
70167 1
70180 0
70195 0
70202 1
70206 1
70217 1
70224 1
70225 0
70240 0
70245 0
70260 0
70265 0
70270 0
70271 0
70273 1
70276 1
70284 1
70289 0
70303 1
70308 1
70313 1
70316 0
70325 1
70330 1
70332 1
70338 1
70347 0
70356 1
70363 0
70364 1
70369 0
70376 1
70388 0
70399 1
70407 1
70409 0
70421 0
70428 1
70440 1
70445 0
70457 0
70468 0
70480 0
70482 0
70489 1
70504 0
70517 0
70529 0
70536 1
70550 1
70557 0
70563 1
70565 1
70569 0
70576 0
70583 1
70589 0
70592 1
70594 1
70595 0
70602 1
70610 1
70611 1
70612 1
70621 0
70634 0
70636 0
70639 0
70641 0
70646 1
70660 1
70663 0
70664 1
70668 0
70679 1
70681 0
70696 0
70708 0
70720 0
70729 1
70743 1
70756 0
70767 0
70773 0
70781 0
70785 0
70789 0
70801 1
70805 1
70820 1
70832 1
70845 1
70853 1
70862 1
70871 1
70872 0
70873 0
70877 0
70906 1
70908 0
70909 1
70924 0
70932 1
70947 1
70948 1
70952 0
70963 1
70972 1
70984 0
70999 0
71012 0
71024 0
71033 0
71038 0
71050 1
71057 0
71063 0
71070 1
71081 0
71095 0
71107 1
71110 0
71112 0
71116 0
71121 0
71124 0
71131 0
71138 1
71153 0
71155 0
71164 1
71177 0
71183 0
71184 0
71196 1
71210 1
71217 0
71226 0
71233 0
71241 1
71242 0
71250 1
71265 1
71279 1
71282 0
71295 0
71307 0
71318 1
71323 1
71325 1
71340 0
71341 1
71342 0
71355 0
71361 1
71372 1
71380 1
71389 1
71393 0
71404 0
71413 0
71425 1
71431 0
71442 0
71443 0
71456 1
71467 1
71482 0
71489 0
71493 1
71495 0
71501 1
71509 0
71512 0
71537 0
71549 1
71560 0
71572 0
71584 1
71585 1
71596 1
71607 1
71622 1
71627 1
71633 1
71644 0
71646 1
71650 0
71658 1
71665 0
71674 1
71687 1
71693 1
71707 1
71719 1
71722 0
71734 1
71741 1
71750 0
71763 1
71764 1
71769 1
71777 1
71785 0
71792 1
71799 1
71812 1
71814 1
71827 1
71829 1
71841 0
71850 0
71861 0
71867 0
71873 0
71880 1
71889 0
71898 0
71911 0
71918 1
71925 1
71928 0
71939 0
71942 1
71956 0
71971 0
71985 0
71990 0
71993 0
71995 1
72002 0
72016 1
72024 0
72032 1
72033 0
72039 1
72048 0
72057 0
72061 1
72063 1
72091 1
72093 0
72100 0
72106 1
72107 0
72119 1
72122 1
72136 0
72148 1
72157 1
72159 1
72161 1
72172 0
72173 0
72175 0
72179 1
72190 0
72218 1
72226 0
72233 0
72240 1
72255 0
72268 0
72269 0
72278 1
72290 1
72291 1
72306 0
72319 0
72330 0
72336 1
72351 1
72360 0
72382 1
72390 0
72399 1
72408 0
72426 0
72438 0
72439 1
72451 0
72452 0
72464 1
72470 1
72474 0
72478 1
72489 1
72491 1
72502 0
72515 1
72530 0
72543 0
72545 0
72557 1
72559 1
72562 1
72573 0
72587 0
72590 0
72601 0
72604 0
72617 0
72618 1
72626 0
72627 1
72628 1
72634 0
72646 1
72647 0
72655 0
72660 0
72661 1
72667 1
72675 0
72683 0
72689 0
72691 1
72697 1
72705 1
72707 1
72708 0
72714 0
72720 0
72724 1
72729 1
72733 1
72736 1
72751 0
72759 1
72765 0
72778 0
72781 1
72795 0
72803 0
72809 1
72821 1
72829 0
72834 1
72836 1
72837 1
72846 1
72855 0
72862 0
72866 1
72869 1
72878 1
72880 1
72885 1
72896 1
72911 0
72925 0
72930 0
72945 0
72947 1
72952 0
72964 0
72976 0
72990 1
72997 1
72998 1
73001 0
73016 0
73031 1
73032 1
73043 1
73058 0
73070 1
73074 0
73078 0
73093 0
73108 0
73121 1
73132 0
73141 1
73149 0
73158 1
73170 0
73177 0
73178 1
73192 0
73199 1
73201 1
73214 1
73227 1
73231 0
73243 1
73245 1
73249 1
73254 0
73256 1
73260 1
73269 0
73284 1
73299 0
73314 1
73320 1
73326 0
73327 0
73342 1
73346 0
73360 0
73369 1
73376 0
73391 1
73397 1
73409 1
73422 1
73423 0
73429 1
73436 0
73438 0
73450 0
73454 0
73460 1
73468 0
73477 0
73479 1
73485 0
73494 0
73505 1
73512 1
73514 0
73529 1
73536 0
73538 1
73545 0
73552 1
73563 1
73569 1
73576 1
73590 0
73599 0
73602 0
73605 0
73620 1
73631 1
73646 1
73647 1
73652 1
73664 0
73665 0
73673 0
73674 1
73675 0
73677 1
73689 0
73703 0
73712 1
73718 1
73723 0
73724 1
73727 1
73734 1
73746 1
73750 1
73760 0
73761 0
73769 1
73781 0
73792 1
73807 1
73815 0
73824 0
73831 0
73839 0
73853 0
73864 1
73878 0
73890 0
73899 0
73906 1
73913 0
73921 1
73930 1
73939 0
73942 1
73947 0
73954 1
73976 1
73978 0
73990 1
73991 1
74002 1
74010 0
74023 0
74036 0
74040 0
74054 1
74060 0
74073 0
74087 0
74099 0
74107 1
74110 1
74116 1
74123 0
74127 0
74132 0
74146 1
74160 1
74169 1
74180 1
74184 1
74196 1
74204 0
74213 1
74222 0
74251 1
74252 0
74264 1
74275 1
74281 0
74282 0
74289 0
74296 1
74301 1
74310 0
74319 1
74327 0
74335 0
74346 1
74358 0
74364 0
74378 0
74379 0
74382 0
74394 1
74402 0
74415 0
74430 1
74443 1
74445 0
74446 0
74458 1
74467 0
74480 1
74481 1
74500 1
74507 1
74520 0
74535 1
74547 1
74552 1
74553 1
74562 1
74577 1
74591 1
74606 1
74617 0
74629 0
74640 1
74653 1
74656 0
74657 0
74659 1
74660 1
74675 1
74679 1
74682 1
74690 1
74701 1
74702 0
74710 1
74715 1
74729 1
74744 0
74746 0
74757 1
74759 1
74761 0
74764 1
74773 1
74781 1
74796 0
74798 0
74801 1
74810 1
74819 0
74826 0
74837 0
74838 0
74843 0
74856 0
74865 0
74869 1
74876 1
74880 0
74895 0
74898 0
74905 1
74911 1
74916 1
74931 0
74943 0
74948 0
74960 0
74968 1
74981 1
74990 0
74995 0
74996 0
74999 1
75007 1
75019 0
75032 0
75047 0
75049 1
75055 0
75067 1
75076 0
75090 0
75094 0
75096 1
75101 0
75104 0
75105 0
75118 0
75132 0
75140 1
75155 1
75156 1
75159 1
75163 0
75164 0
75185 1
75186 1
75190 0
75199 0
75208 0
75212 0
75219 0
75228 1
75245 1
75251 0
75264 0
75276 1
75291 0
75302 1
75317 0
75326 1
75331 1
75344 0
75351 1
75359 0
75372 0
75378 0
75390 1
75401 0
75406 0
75409 1
75421 0
75427 1
75442 1
75457 0
75464 0
75467 0
75469 0
75470 1
75485 0
75506 0
75521 1
75532 0
75540 1
75547 1
75553 1
75554 0
75558 1
75563 1
75568 0
75577 1
75582 0
75589 1
75603 0
75616 0
75624 0
75627 1
75641 0
75650 0
75658 1
75663 1
75668 0
75686 0
75692 0
75695 1
75709 1
75720 0
75725 1
75728 0
75741 0
75752 1
75753 0
75768 0
75782 0
75787 0
75792 0
75794 0
75805 0
75818 0
75820 0
75834 0
75839 1
75843 0
75854 1
75859 0
75862 1
75866 0
75879 1
75891 0
75904 0
75913 1
75918 1
75925 0
75931 0
75945 1
75949 0
75964 0
75977 1
75986 1
75993 0
76000 0
76005 0
76012 0
76016 1
76030 0
76038 1
76050 1
76059 1
76063 1
76069 0
76081 1
76096 0
76111 1
76113 1
76122 0
76135 0
76149 0
76153 1
76166 1
76171 0
76180 0
76191 1
76193 0
76207 1
76222 1
76237 1
76239 1
76250 0
76253 0
76268 0
76277 0
76289 1
76293 1
76304 1
76319 1
76332 1
76345 1
76360 0
76369 0
76372 1
76385 1
76388 1
76402 1
76408 0
76417 1
76420 1
76425 0
76436 1
76445 0
76458 0
76469 0
76470 1
76473 0
76487 0
76508 0
76510 1
76522 0
76527 1
76535 0
76546 1
76549 1
76564 0
76569 1
76581 0
76598 0
76601 1
76609 1
76620 0
76631 0
76638 1
76650 1
76655 1
76666 0
76673 1
76682 1
76685 0
76700 1
76703 0
76707 1
76715 1
76729 1
76737 0
76749 0
76756 0
76759 1
76772 1
76783 1
76790 1
76804 0
76811 0
76824 0
76839 0
76846 1
76851 1
76863 0
76865 1
76867 1
76868 0
76872 0
76874 1
76881 1
76888 1
76900 1
76905 0
76908 1
76909 0
76914 0
76916 1
76918 0
76920 0
76923 1
76929 0
76932 0
76938 0
76949 0
76960 0
76971 0
76983 0
76988 0
76993 0
76997 0
76998 0
77004 1
77005 1
77006 0
77007 0
77016 0
77027 1
77032 0
77043 1
77056 0
77068 0
77080 1
77083 0
77085 0
77096 0
77098 0
77112 0
77125 0
77132 0
77143 0
77151 1
77159 0
77179 1
77193 1
77208 0
77217 1
77224 1
77238 1
77251 1
77266 1
77270 0
77281 0
77292 1
77303 1
77310 1
77318 0
77321 0
77335 1
77339 1
77346 1
77360 0
77372 0
77381 0
77393 0
77402 1
77415 0
77419 1
77423 1
77434 1
77445 0
77460 1
77467 1
77471 0
77483 0
77489 0
77493 1
77508 1
77514 1
77519 1
77532 0
77534 1
77538 0
77551 0
77559 1
77565 1
77567 0
77581 1
77585 0
77592 1
77612 1
77618 0
77627 0
77630 0
77632 1
77637 1
77645 1
77650 0
77658 1
77663 1
77674 1
77685 1
77698 1
77712 1
77720 1
77725 0
77732 0
77746 1
77760 0
77764 0
77770 1
77785 1
77793 0
77798 0
77807 0
77816 0
77821 0
77828 0
77840 1
77851 1
77862 0
77870 1
77871 1
77876 0
77878 1
77880 1
77887 1
77891 0
77893 1
77897 1
77903 0
77912 1
77923 0
77925 1
77938 0
77941 0
77944 1
77949 0
77960 1
77967 0
77991 1
77995 1
78006 1
78011 1
78018 0
78025 1
78040 1
78046 0
78053 1
78066 0
78071 0
78080 0
78087 0
78099 0
78107 1
78121 1
78136 1
78150 0
78152 0
78153 1
78154 1
78169 0
78183 1
78196 0
78198 1
78203 0
78210 1
78212 1
78217 0
78228 1
78246 1
78248 0
78251 0
78252 0
78261 1
78263 0
78277 0
78290 1
78304 0
78308 0
78316 1
78321 1
78335 0
78338 1
78341 1
78352 0
78366 1
78378 1
78387 0
78400 1
78415 1
78428 1
78434 0
78446 1
78453 1
78462 1
78463 0
78467 1
78472 1
78483 0
78498 0
78510 0
78516 1
78523 1
78532 1
78543 1
78551 1
78554 1
78561 1
78567 0
78570 1
78582 0
78596 0
78607 0
78619 1
78624 1
78632 1
78633 1
78645 1
78659 1
78674 1
78677 1
78678 1
78686 0
78700 0
78712 0
78713 0
78715 0
78722 0
78723 1
78737 1
78748 0
78751 1
78755 0
78760 0
78772 0
78785 1
78792 1
78793 0
78798 1
78813 1
78821 1
78829 1
78834 1
78836 1
78837 0
78838 0
78852 0
78861 1
78886 1
78899 1
78908 0
78914 0
78926 0
78937 0
78939 1
78942 1
78955 1
78966 1
78979 0
78990 0
78998 1
79009 0
79018 0
79030 0
79039 0
79040 0
79048 1
79059 1
79062 1
79068 0
79081 0
79086 1
79113 0
79117 1
79129 1
79141 1
79154 0
79156 0
79158 0
79160 0
79168 0
79169 0
79171 0
79173 1
79174 0
79177 0
79182 0
79188 1
79193 1
79201 0
79207 0
79212 1
79218 0
79225 0
79231 1
79238 1
79242 0
79245 1
79253 1
79264 0
79266 0
79273 0
79274 1
79281 0
