9722
12 1
24 1
36 1
47 0
61 1
65 1
70 0
76 0
77 0
85 1
101 0
113 1
128 0
143 1
156 0
170 0
181 0
182 1
195 0
204 1
213 1
216 1
225 0
239 1
240 0
245 0
253 1
260 1
261 0
273 0
281 1
287 1
290 1
302 0
315 0
317 0
320 0
324 1
327 1
339 1
351 0
360 1
375 1
380 1
386 0
389 0
402 0
410 1
421 1
434 0
445 0
452 0
457 0
461 1
462 1
475 0
495 0
500 1
528 1
536 1
542 0
545 0
551 0
562 1
569 0
570 1
585 0
594 1
596 0
599 1
604 1
611 0
615 1
629 1
633 0
647 1
661 1
666 0
694 0
696 1
700 0
701 1
705 0
712 0
723 0
735 1
739 1
751 1
766 1
768 1
781 1
784 1
787 0
795 0
803 1
812 0
826 1
841 1
847 1
853 1
859 1
864 0
872 1
885 0
890 0
899 1
907 1
909 0
913 1
924 0
929 1
943 1
944 0
958 0
971 0
980 0
988 0
990 0
1005 1
1008 0
1022 0
1037 1
1042 1
1046 1
1052 1
1061 0
1073 1
1085 1
1089 0
1093 0
1104 1
1107 1
1118 1
1130 1
1145 1
1158 1
1163 0
1172 1
1174 1
1189 0
1203 1
1214 0
1223 1
1228 1
1243 1
1251 1
1253 0
1265 1
1273 0
1288 0
1293 0
1294 0
1296 0
1302 0
1313 1
1319 1
1333 0
1337 1
1349 1
1364 0
1379 0
1384 1
1385 1
1394 1
1401 0
1415 0
1417 0
1421 0
1423 0
1436 1
1451 1
1462 0
1477 1
1479 1
1494 1
1503 1
1512 0
1525 1
1526 0
1534 1
1541 1
1556 1
1557 0
1565 1
1580 1
1593 1
1597 0
1602 0
1615 1
1621 1
1632 1
1635 0
1644 0
1653 1
1662 1
1668 0
1675 0
1680 0
1686 1
1698 0
1703 0
1712 0
1713 1
1720 1
1725 0
1739 1
1744 1
1756 0
1770 1
1772 1
1775 0
1789 0
1792 1
1807 1
1822 1
1833 1
1836 0
1837 1
1845 1
1854 1
1859 0
1870 1
1877 0
1893 0
1904 1
1910 0
1922 1
1935 1
1939 1
1950 0
1955 0
1967 1
1971 1
1986 1
1987 0
1992 1
2006 1
2010 1
2016 1
2025 0
2028 0
2036 0
2043 1
2050 0
2059 1
2073 1
2085 1
2097 0
2112 1
2125 1
2136 0
2141 0
2155 1
2158 1
2172 1
2179 1
2184 0
2187 1
2199 1
2206 1
2210 1
2215 0
2224 1
2232 0
2239 1
2240 1
2251 1
2266 1
2267 0
2271 1
2279 1
2288 1
2303 1
2314 1
2317 0
2328 1
2331 0
2346 1
2354 1
2358 1
2373 0
2380 1
2405 0
2407 1
2409 1
2417 1
2425 1
2429 1
2430 1
2435 1
2437 0
2441 1
2455 0
2457 0
2459 0
2460 0
2472 1
2477 0
2493 0
2495 0
2508 1
2512 1
2523 0
2536 1
2549 1
2554 0
2563 1
2567 0
2580 0
2591 0
2597 1
2598 0
2601 1
2616 0
2622 1
2625 1
2627 1
2640 1
2651 0
2657 0
2672 0
2674 0
2677 1
2686 0
2688 1
2700 1
2709 1
2714 1
2726 0
2727 1
2728 1
2735 1
2738 0
2739 0
2748 0
2755 1
2773 0
2777 0
2786 1
2800 0
2806 0
2820 0
2828 0
2839 1
2841 0
2844 0
2855 0
2856 0
2868 1
2877 1
2881 0
2882 0
2888 0
2901 0
2904 0
2911 0
2913 1
2916 0
2930 1
2935 1
2942 1
2956 1
2971 0
2975 0
2978 1
2992 0
2999 1
3014 1
3020 0
3022 0
3028 1
3030 0
3041 1
3042 0
3054 0
3060 0
3066 0
3073 1
3098 1
3112 0
3123 0
3129 1
3134 1
3135 1
3144 1
3147 1
3154 1
3156 1
3162 1
3163 1
3177 1
3180 1
3192 1
3200 1
3214 0
3228 1
3237 0
3239 0
3242 1
3257 1
3262 1
3264 1
3270 1
3276 0
3282 1
3288 0
3301 1
3313 1
3315 0
3322 1
3326 1
3334 0
3347 0
3348 0
3362 0
3377 1
3385 0
3389 1
3398 1
3399 0
3411 0
3420 1
3444 0
3449 1
3458 1
3464 1
3465 0
3467 0
3475 1
3483 1
3490 1
3497 0
3506 0
3512 0
3518 1
3537 0
3550 1
3558 0
3565 0
3574 1
3588 0
3599 1
3604 1
3616 0
3629 0
3635 1
3646 1
3659 0
3667 0
3681 1
3683 0
3690 0
3705 0
3717 0
3723 1
3725 0
3736 1
3741 0
3748 1
3757 1
3770 1
3776 0
3779 1
3788 0
3793 0
3800 0
3813 0
3825 1
3839 1
3841 1
3850 1
3855 1
3870 0
3874 0
3887 0
3902 0
3906 1
3911 1
3917 1
3920 1
3922 0
3933 0
3939 1
3941 1
3942 0
3943 0
3958 1
3970 0
3985 0
3999 0
4007 1
4022 1
4031 0
4034 0
4040 1
4046 1
4053 0
4061 0
4066 0
4077 1
4090 0
4092 1
4106 0
4121 1
4123 0
4127 1
4131 1
4134 1
4139 1
4151 1
4162 1
4173 1
4178 0
4181 1
4194 1
4208 1
4219 1
4225 1
4239 0
4246 1
4272 0
4279 0
4283 1
4297 0
4303 1
4308 1
4317 1
4328 0
4330 0
4331 1
4337 0
4344 1
4351 1
4358 0
4370 0
4383 0
4384 0
4399 1
4400 1
4414 1
4416 1
4428 0
4441 1
4443 0
4445 0
4453 0
4460 0
4461 1
4463 0
4465 0
4479 1
4492 0
4505 0
4513 1
4524 0
4533 0
4542 1
4555 1
4560 1
4566 0
4567 0
4576 1
4582 1
4591 1
4605 0
4606 0
4621 1
4622 1
4635 1
4638 0
4649 1
4656 1
4657 1
4669 0
4682 0
4691 1
4704 0
4708 1
4722 1
4724 1
4732 0
4740 0
4752 0
4765 0
4770 1
4781 0
4790 1
4799 1
4802 1
4809 0
4813 0
4827 1
4838 0
4842 1
4847 1
4851 0
4862 1
4872 1
4881 1
4888 1
4894 1
4901 0
4907 0
4909 0
4914 1
4927 1
4935 0
4944 0
4955 1
4959 1
4964 0
4972 1
4986 0
4995 0
5010 1
5017 1
5030 0
5038 0
5053 0
5065 1
5076 0
5081 1
5095 0
5111 0
5112 0
5115 1
5120 0
5134 1
5140 0
5152 1
5159 1
5162 0
5177 1
5190 0
5205 1
5219 0
5225 0
5237 0
5246 0
5251 1
5262 1
5275 1
5286 0
5299 0
5314 0
5321 1
5330 0
5349 0
5350 0
5356 1
5365 1
5369 1
5370 1
5375 1
5384 0
5399 1
5413 0
5414 1
5416 1
5422 0
5435 0
5444 1
5457 1
5471 0
5479 1
5494 1
5506 0
5521 0
5524 1
5537 0
5542 0
5545 1
5547 0
5551 1
5563 0
5589 0
5597 1
5612 1
5614 1
5628 0
5634 0
5643 0
5644 0
5646 0
5653 1
5657 1
5658 0
5659 0
5670 1
5684 0
5709 0
5724 1
5729 0
5738 1
5747 0
5762 1
5767 1
5779 1
5790 1
5797 1
5809 0
5813 0
5819 1
5836 1
5845 1
5849 1
5860 0
5871 1
5875 1
5887 1
5901 0
5903 1
5910 1
5916 1
5922 0
5937 0
5940 0
5955 1
5959 1
5974 1
5983 0
5990 0
6001 0
6005 0
6009 0
6017 0
6028 1
6033 1
6042 1
6053 1
6064 1
6075 1
6080 1
6093 0
6098 1
6121 1
6129 1
6144 1
6147 0
6158 1
6170 1
6174 1
6176 0
6181 0
6189 0
6194 1
6198 1
6201 0
6203 1
6204 0
6215 1
6226 1
6233 0
6245 1
6259 1
6274 0
6283 1
6297 1
6312 0
6321 1
6336 1
6350 1
6364 1
6365 0
6372 1
6384 0
6393 0
6405 0
6409 1
6421 0
6428 1
6439 0
6453 1
6468 0
6473 0
6485 0
6494 1
6496 1
6498 0
6499 1
6505 1
6516 0
6517 0
6523 0
6524 1
6536 1
6538 0
6540 0
6542 0
6548 1
6559 0
6564 1
6570 1
6578 0
6592 0
6605 1
6609 1
6615 0
6620 0
6628 1
6635 1
6640 0
6642 0
6668 0
6680 1
6686 0
6687 1
6691 0
6696 0
6699 1
6701 1
6715 0
6723 1
6729 1
6730 1
6744 1
6753 1
6767 0
6769 0
6771 0
6783 0
6796 1
6797 0
6811 0
6822 1
6823 1
6829 0
6836 1
6844 1
6850 1
6851 1
6858 0
6872 0
6886 0
6899 1
6914 0
6920 0
6933 0
6946 0
6947 0
6950 1
6952 0
6963 0
6964 0
6969 0
6975 0
6983 1
6987 1
6989 0
6994 1
7008 0
7013 0
7026 0
7029 0
7043 0
7056 1
7067 0
7076 0
7091 1
7094 1
7099 0
7113 0
7114 0
7115 0
7118 0
7129 0
7133 0
7142 1
7146 1
7159 1
7160 1
7162 1
7168 0
7170 0
7171 0
7186 0
7201 0
7209 0
7221 1
7233 0
7244 1
7258 1
7265 1
7272 0
7276 0
7288 0
7301 1
7313 1
7326 1
7330 0
7341 1
7350 1
7355 1
7356 1
7361 0
7370 0
7376 1
7388 1
7402 1
7415 0
7418 1
7420 0
7427 0
7436 1
7439 0
7445 1
7448 1
7456 0
7459 0
7473 0
7484 1
7499 0
7502 0
7517 1
7532 1
7541 1
7543 1
7556 0
7570 0
7572 0
7587 1
7599 0
7603 1
7611 1
7623 0
7624 0
7632 0
7634 1
7640 1
7659 1
7671 1
7675 0
7676 0
7689 1
7693 0
7706 1
7709 0
7710 0
7724 1
7739 0
7740 1
7755 1
7768 1
7781 0
7785 0
7796 1
7802 1
7814 0
7823 1
7828 1
7843 1
7852 0
7860 1
7875 0
7888 0
7894 1
7917 0
7923 0
7936 0
7951 0
7954 1
7968 0
7974 0
7986 0
7991 0
7996 1
8010 0
8018 0
8020 0
8031 0
8046 0
8047 1
8053 0
8059 1
8082 1
8089 1
8090 1
8093 0
8107 0
8114 0
8118 1
8121 1
8133 1
8145 0
8160 0
8172 1
8174 1
8185 1
8194 1
8198 1
8201 1
8202 0
8215 1
8223 0
8243 0
8250 0
8259 0
8264 0
8273 1
8295 1
8308 1
8321 1
8329 0
8335 0
8339 0
8341 1
8354 0
8365 0
8367 1
8372 0
8375 0
8383 0
8388 1
8394 0
8406 0
8410 0
8425 1
8430 1
8432 0
8446 1
8459 1
8471 0
8484 0
8487 0
8502 0
8511 1
8520 1
8522 0
8531 0
8538 0
8545 1
8557 1
8572 0
8574 0
8577 0
8582 1
8585 0
8596 0
8599 1
8607 0
8612 1
8620 1
8634 1
8637 1
8642 0
8664 1
8672 1
8677 0
8680 1
8688 0
8695 0
8707 0
8716 0
8730 0
8742 0
8744 1
8759 1
8761 1
8773 1
8777 0
8784 1
8790 0
8797 1
8809 1
8822 1
8825 0
8828 1
8839 1
8840 1
8841 0
8852 0
8865 0
8876 0
8891 0
8905 1
8909 1
8917 1
8920 0
8933 0
8945 1
8947 1
8954 0
8966 0
8972 1
8981 0
8987 0
9002 0
9016 1
9031 1
9044 1
9048 0
9056 1
9065 0
9069 0
9070 0
9083 0
9085 1
9090 1
9105 0
9107 1
9121 1
9128 1
9133 0
9156 0
9170 1
9179 0
9182 0
9196 0
9207 0
9211 0
9226 1
9227 0
9233 1
9248 0
9257 0
9264 0
9269 0
9280 0
9287 0
9296 1
9299 0
9302 1
9305 1
9307 1
9310 1
9315 0
9338 1
9350 1
9356 1
9363 0
9372 0
9380 1
9384 0
9399 0
9401 1
9408 1
9430 0
9437 0
9442 0
9448 0
9454 1
9455 0
9469 1
9478 0
9486 1
9494 1
9498 1
9506 0
9513 1
9519 0
9531 1
9543 0
9546 0
9559 0
9561 0
9568 1
9573 1
9580 1
9585 0
9599 0
9603 0
9618 0
9619 1
9625 0
9633 1
9646 1
9650 0
9662 0
9670 0
9682 0
9688 1
9696 0
9701 0
9704 0
9706 0
9710 0
9712 1
9715 1
9718 1
9726 1
9735 0
9742 0
9747 0
9752 0
9756 0
9758 1
9764 1
9772 1
9777 1
9791 1
9806 0
9807 0
9811 1
9818 0
9828 1
9829 1
9844 1
9847 0
9859 1
9872 1
9879 1
9891 0
9902 1
9914 0
9922 0
9935 1
9942 1
9949 1
9952 0
9967 0
9978 0
9986 0
9997 1
10001 0
10008 0
10016 1
10022 0
10023 1
10036 0
10043 1
10054 1
10066 0
10072 1
10075 1
10089 0
10094 1
10098 0
10099 1
10104 0
10111 0
10125 1
10132 0
10147 0
10155 1
10159 1
10170 0
10176 0
10190 1
10202 0
10217 1
10225 0
10240 0
10254 0
10261 1
10267 0
10281 0
10295 0
10296 0
10301 0
10316 0
10321 0
10333 1
10342 0
10355 1
10358 0
10367 0
10378 1
10382 0
10393 1
10394 1
10405 0
10412 1
10419 0
10426 1
10435 0
10450 1
10451 0
10463 0
10469 0
10470 0
10475 0
10479 0
10492 1
10504 0
10512 0
10527 0
10538 0
10539 0
10547 0
10548 1
10549 1
10556 1
10558 1
10564 1
10567 0
10578 0
10586 1
10595 1
10608 1
10613 1
10624 1
10636 0
10650 0
10662 1
10671 0
10678 0
10685 0
10699 0
10708 0
10716 0
10728 0
10737 0
10740 1
10744 0
10752 0
10767 1
10781 1
10782 1
10786 0
10794 1
10803 1
10812 1
10813 0
10824 1
10827 0
10829 1
10844 0
10855 1
10863 0
10871 1
10882 1
10889 0
10900 0
10901 0
10908 0
10919 1
10931 1
10942 1
10951 1
10962 0
10964 0
10969 0
10980 1
10981 1
10995 1
11001 1
11013 1
11019 0
11021 1
11028 1
11042 1
11050 0
11063 1
11077 0
11086 0
11097 1
11111 1
11116 1
11123 1
11129 1
11134 0
11138 0
11143 1
11157 0
11161 1
11163 0
11167 0
11178 1
11180 1
11183 0
11184 1
11199 1
11211 0
11213 1
11214 1
11222 1
11223 0
11231 1
11232 1
11241 1
11254 0
11257 0
11260 1
11262 0
11267 1
11279 0
11291 1
11296 0
11308 1
11313 0
11315 0
11321 1
11334 1
11343 0
11358 0
11370 1
11371 1
11374 0
11375 1
11383 1
11389 0
11390 1
11397 1
11402 1
11408 0
11423 0
11424 0
11439 0
11447 1
11462 0
11473 0
11484 1
11491 1
11493 1
11504 0
11519 0
11532 1
11533 0
11538 0
11551 0
11562 0
11573 1
11587 0
11601 0
11607 0
11615 0
11628 1
11635 1
11637 0
11652 1
11654 0
11659 0
11664 0
11671 0
11683 1
11694 0
11705 0
11717 0
11719 1
11723 1
11738 1
11747 1
11754 0
11762 0
11777 0
11790 1
11797 0
11806 0
11812 1
11814 1
11818 1
11819 1
11830 0
11843 0
11851 0
11859 0
11863 1
11878 1
11886 0
11887 0
11889 0
11891 1
11895 0
11906 0
11911 0
11923 0
11928 0
11943 0
11949 1
11952 1
11955 0
11958 1
11962 1
11977 1
11989 1
12000 1
12014 0
12017 1
12029 1
12044 1
12045 1
12047 1
12059 0
12072 1
12077 1
12080 1
12083 0
12088 0
12099 0
12114 1
12129 1
12133 1
12147 1
12152 0
12156 1
12165 0
12179 0
12193 0
12206 0
12213 1
12219 0
12220 1
12233 1
12244 0
12249 1
12255 0
12270 0
12281 1
12293 1
12300 0
12305 1
12320 1
12335 0
12342 1
12353 0
12357 1
12364 1
12388 0
12396 0
12409 0
12410 1
12422 1
12429 1
12444 1
12447 0
12453 1
12461 0
12467 1
12475 0
12478 0
12487 1
12496 1
12498 1
12506 0
12520 0
12526 1
12528 0
12529 0
12532 1
12540 0
12543 1
12557 1
12565 1
12579 0
12583 0
12595 0
12600 1
12612 0
12617 1
12629 0
12632 1
12636 1
12642 1
12657 0
12664 1
12668 0
12672 0
12673 0
12681 0
12688 1
12695 0
12704 1
12716 1
12731 0
12738 0
12741 0
12756 1
12764 1
12770 0
12777 0
12790 1
12792 1
12805 0
12816 1
12827 0
12832 0
12843 1
12850 0
12867 1
12879 1
12885 1
12888 1
12901 0
12903 0
12914 1
12927 0
12934 1
12940 1
12952 1
12959 0
12964 1
12975 1
12988 1
12996 0
12999 0
13008 0
13010 1
13014 0
13029 0
13055 0
13063 1
13066 1
13069 1
13078 1
13093 1
13108 1
13114 0
13116 1
13117 1
13121 0
13132 1
13145 0
13154 1
13163 1
13166 1
13177 1
13184 1
13193 0
13202 1
13213 1
13224 1
13231 0
13243 0
13250 1
13265 0
13271 0
13278 1
13283 0
13296 1
13302 0
13303 1
13314 0
13326 1
13329 0
13337 0
13352 1
13356 0
13357 0
13365 1
13373 0
13378 1
13387 0
13390 0
13393 1
13396 0
13410 0
13413 0
13414 1
13417 1
13431 1
13439 0
13443 0
13449 1
13464 0
13465 1
13467 1
13475 1
13484 0
13499 0
13506 0
13508 0
13523 0
13527 1
13540 0
13555 0
13558 0
13559 1
13572 1
13587 1
13599 1
13605 1
13613 0
13637 0
13646 1
13649 0
13662 1
13683 1
13689 0
13698 0
13700 0
13711 0
13722 0
13735 1
13742 1
13746 0
13747 1
13754 0
13760 0
13761 0
13770 0
13771 0
13776 1
13783 0
13784 0
13788 1
13800 1
13812 0
13821 1
13840 0
13851 1
13862 1
13864 1
13876 1
13891 1
13897 0
13903 1
13909 0
13920 1
13922 0
13933 1
13937 1
13941 1
13946 0
13957 1
13962 0
13963 1
13977 0
13989 1
13998 1
14009 0
14013 1
14020 0
14032 1
14041 0
14053 0
14060 1
14071 1
14075 1
14080 0
14089 1
14092 0
14107 1
14109 0
14123 0
14127 1
14139 0
14150 0
14151 0
14159 0
14164 1
14178 0
14181 0
14190 1
14205 1
14207 0
14211 1
14215 1
14218 1
14223 0
14224 0
14225 0
14230 1
14234 0
14243 1
14249 1
14258 0
14270 0
14278 0
14283 0
14286 0
14299 1
14314 1
14315 0
14329 1
14343 1
14351 1
14366 0
14372 0
14380 0
14389 1
14408 0
14416 0
14431 0
14432 1
14438 0
14452 0
14453 0
14467 0
14479 0
14487 0
14498 0
14509 1
14517 0
14524 1
14530 0
14538 1
14551 1
14556 1
14561 0
14564 1
14576 1
14581 1
14585 0
14602 1
14613 0
14621 0
14633 1
14634 0
14640 1
14654 0
14661 1
14689 0
14694 0
14700 1
14711 0
14726 1
14732 0
14743 0
14746 1
14761 0
14769 1
14770 1
14777 1
14789 0
14801 1
14807 1
14822 0
14831 0
14835 1
14849 0
14856 0
14867 1
14871 0
14878 1
14884 0
14886 1
14889 1
14893 0
14904 1
14905 0
14910 1
14914 1
14929 0
14931 0
14932 0
14940 0
14948 0
14960 0
14975 1
14978 1
14979 1
14983 1
14984 0
14987 1
14993 0
14999 0
15002 1
15005 1
15013 0
15022 1
15025 1
15030 0
15038 0
15043 1
15050 0
15057 0
15062 1
15066 0
15078 0
15084 1
15085 0
15090 1
15101 0
15108 1
15113 0
15128 0
15132 1
15136 0
15148 0
15157 0
15162 1
15163 1
15179 0
15184 0
15193 1
15208 0
15212 1
15220 1
15234 1
15246 0
15248 0
15261 0
15269 1
15276 1
15281 0
15283 1
15285 0
15291 1
15292 1
15299 0
15301 0
15307 1
15327 1
15332 1
15333 0
15334 1
15349 1
15353 0
15365 1
15377 1
15386 1
15392 1
15399 0
15424 0
15439 1
15452 1
15458 0
15459 0
15467 1
15478 0
15487 1
15515 1
15527 0
15540 1
15552 1
15567 0
15568 0
15576 1
15589 1
15604 0
15619 1
15625 0
15626 0
15632 0
15638 1
15640 0
15651 1
15666 1
15679 0
15691 1
15703 0
15717 1
15721 1
15733 1
15747 1
15762 0
15776 0
15789 0
15791 0
15803 0
15809 0
15817 0
15822 1
15828 0
15830 0
15839 1
15841 1
15852 0
15858 1
15860 1
15869 0
15884 0
15893 1
15900 0
15913 0
15922 1
15930 0
15938 0
15943 1
15944 0
15957 0
15960 1
15969 1
15978 1
15986 1
15988 0
15997 0
16002 1
16004 1
16012 1
16015 1
16016 0
16021 1
16022 1
16034 0
16036 0
16045 1
16049 1
16064 1
16072 1
16078 0
16090 0
16101 0
16107 1
16116 0
16120 1
16122 0
16123 1
16135 1
16141 1
16156 0
16157 1
16169 1
16174 1
16189 1
16195 1
16202 0
16216 0
16231 1
16237 0
16257 0
16266 1
16292 0
16299 1
16314 0
16316 1
16325 1
16333 1
16344 1
16349 1
16356 1
16367 1
16373 0
16390 0
16393 0
16396 0
16410 0
16411 0
16424 0
16427 0
16438 0
16441 1
16447 0
16454 1
16461 0
16462 0
16465 1
16479 0
16480 0
16483 1
16495 1
16504 0
16506 0
16511 1
16518 0
16519 1
16530 0
16543 0
16554 0
16563 1
16565 1
16572 0
16591 0
16593 0
16607 0
16616 0
16630 1
16639 0
16651 1
16655 0
16660 1
16673 0
16686 0
16701 1
16707 0
16722 0
16723 0
16729 0
16732 1
16746 1
16760 1
16772 1
16778 0
16789 1
16795 1
16809 0
16811 0
16826 0
16841 1
16842 1
16846 0
16848 1
16854 1
16863 0
16877 0
16885 0
16898 1
16904 1
16917 0
16922 1
16926 0
16927 1
16932 0
16946 0
16958 1
16969 0
16973 1
16984 1
16993 0
17006 0
17019 1
17024 0
17036 0
17040 0
17051 0
17065 1
17080 1
17082 0
17083 0
17096 1
17104 0
17118 1
17132 1
17144 1
17158 0
17164 0
17168 0
17176 0
17191 1
17202 1
17203 0
17211 0
17217 0
17221 1
17223 1
17235 0
17239 0
17253 1
17258 0
17269 0
17270 1
17273 1
17275 1
17277 1
17286 1
17288 0
17290 1
17305 1
17312 1
17321 0
17328 1
17337 1
17344 1
17346 1
17353 0
17362 0
17367 0
17379 1
17392 0
17399 1
17413 0
17426 0
17440 0
17447 1
17458 0
17467 1
17474 0
17481 0
17485 0
17498 0
17501 1
17513 1
17516 1
17531 0
17539 0
17545 1
17547 0
17553 0
17564 1
17570 1
17576 1
17584 0
17591 1
17602 0
17630 0
17635 1
17639 0
17653 0
17666 0
17670 1
17677 1
17688 1
17693 1
17698 0
17710 1
17730 1
17744 1
17749 0
17776 1
17782 1
17784 0
17796 1
17807 1
17812 1
17817 1
17820 1
17833 1
17839 0
17847 1
17848 1
17862 1
17865 0
17878 1
17880 1
17900 0
17915 0
17916 0
17925 0
17927 1
17930 0
17932 1
17941 1
17949 0
17958 1
17963 0
17966 1
17980 1
17989 0
17992 0
18000 0
18002 1
18005 0
18009 1
18016 0
18030 1
18033 1
18040 1
18052 0
18056 0
18067 1
18070 0
18082 1
18083 1
18089 1
18096 0
18100 1
18112 1
18125 0
18130 1
18139 1
18152 0
18164 0
18166 1
18170 1
18173 0
18177 0
18184 0
18189 0
18197 0
18205 0
18210 1
18222 1
18228 1
18239 1
18251 0
18257 0
18270 1
18285 0
18292 0
18297 1
18306 1
18311 0
18313 0
18327 0
18336 0
18343 0
18345 1
18352 1
18360 1
18369 0
18375 0
18386 0
18398 1
18410 0
18417 1
18425 1
18437 1
18438 1
18440 0
18445 1
18453 1
18460 0
18467 0
18470 1
18475 0
18479 1
18494 1
18501 0
18506 0
18511 0
18519 1
18523 1
18538 0
18544 0
18552 1
18553 1
18568 1
18579 0
18585 1
18587 1
18601 1
18615 1
18626 0
18633 0
18639 1
18645 1
18651 1
18655 0
18662 0
18668 1
18675 1
18684 1
18687 0
18688 0
18703 1
18717 1
18723 0
18724 1
18732 0
18735 0
18739 0
18745 0
18756 1
18759 1
18774 1
18776 0
18782 1
18784 0
18793 1
18799 1
18804 1
18819 0
18834 0
18836 1
18837 0
18849 1
18850 0
18861 0
18875 0
18880 1
18883 0
18897 1
18902 0
18904 0
18918 1
18919 1
18930 0
18931 0
18937 1
18943 1
18956 0
18959 1
18974 1
18989 1
18995 1
19004 1
19011 1
19023 1
19034 0
19041 0
19043 1
19057 0
19060 1
19063 0
19069 0
19074 0
19082 1
19083 0
19086 0
19087 0
19093 0
19099 1
19106 1
19118 0
19131 0
19146 0
19158 1
19165 1
19166 0
19180 1
19187 0
19189 0
19193 0
19208 0
19220 0
19221 1
19229 1
19231 0
19232 1
19235 1
19236 1
19242 0
19257 1
19268 0
19277 0
19280 1
19293 0
19295 0
19298 0
19307 1
19312 0
19327 0
19332 1
19340 1
19355 1
19369 1
19380 0
19383 1
19387 0
19388 1
19393 1
19399 0
19405 1
19413 1
19418 0
19446 1
19461 0
19470 0
19482 0
19490 0
19495 0
19498 0
19511 0
19512 0
19523 1
19532 0
19546 1
19551 1
19554 0
19558 0
19560 0
19563 1
19578 0
19594 0
19601 1
19627 0
19628 1
19634 1
19652 1
19666 1
19679 1
19680 0
19686 1
19687 0
19692 1
19699 0
19703 0
19712 0
19718 0
19722 1
19735 0
19749 1
19757 0
19766 1
19768 0
19769 0
19783 0
19786 1
19790 0
19803 0
19806 1
19815 0
19821 0
19827 0
19829 1
19838 1
19847 1
19852 1
19866 1
19869 0
19875 0
19888 0
19892 0
19896 1
19898 1
19913 1
19914 1
19917 0
19919 0
19930 0
19932 0
19946 0
19947 1
19958 0
19973 0
19977 0
19978 0
19987 1
20000 0
20006 1
20018 0
20024 0
20027 1
20035 1
20049 1
20055 0
20070 0
20074 0
20085 0
20090 1
20104 0
20111 1
20120 0
20131 1
20138 1
20143 1
20156 0
20165 0
20174 0
20180 1
20187 1
20200 0
20201 0
20204 1
20205 0
20212 1
20214 0
20226 0
20227 1
20234 0
20248 1
20253 1
20264 1
20279 1
20281 1
20285 1
20287 1
20302 0
20311 1
20320 0
20335 1
20348 0
20356 0
20359 0
20371 1
20382 0
20395 0
20398 0
20403 1
20417 0
20430 0
20435 1
20436 0
20438 1
20443 1
20451 1
20462 0
20477 1
20482 0
20484 0
20491 0
20494 1
20505 1
20507 0
20512 1
20525 0
20528 1
20540 0
20552 0
20564 0
20565 0
20580 0
20594 0
20600 0
20607 1
20614 0
20619 1
20623 0
20627 1
20628 1
20631 1
20643 1
20654 1
20669 1
20674 1
20675 0
20681 0
20695 1
20707 0
20714 0
20725 0
20733 1
20742 0
20749 1
20750 1
20763 1
20772 0
20775 0
20789 1
20792 0
20803 1
20817 1
20831 0
20846 0
20860 0
20865 0
20869 1
20870 1
20877 1
20884 1
20889 1
20890 0
20901 1
20907 0
20908 0
20915 1
20924 0
20937 1
20943 0
20952 1
20964 1
20966 0
20981 0
20996 0
21003 1
21014 1
21029 0
21037 1
21040 0
21052 0
21067 0
21071 1
21078 0
21090 1
21106 1
21118 0
21131 1
21137 1
21139 1
21152 1
21163 1
21176 0
21178 0
21186 0
21194 0
21200 1
21209 0
21212 1
21216 1
21222 1
21234 1
21238 0
21242 0
21256 0
21263 0
21268 1
21282 1
21295 1
21301 0
21307 1
21310 0
21314 0
21316 1
21328 0
21343 1
21346 1
21357 0
21370 0
21385 0
21390 1
21391 0
21398 1
21410 1
21421 0
21422 1
21425 0
21428 0
21431 1
21433 0
21439 1
21440 1
21447 1
21452 1
21463 0
21472 0
21487 1
21500 1
21508 0
21509 1
21520 0
21535 0
21541 1
21548 0
21557 1
21564 1
21566 1
21567 0
21578 1
21583 1
21588 0
21601 0
21612 0
21621 0
21626 0
21630 1
21642 0
21645 0
21659 0
21667 1
21675 0
21686 1
21707 0
21721 0
21736 1
21749 1
21756 0
21768 0
21773 0
21782 1
21795 1
21801 0
21803 0
21806 1
21824 1
21832 1
21834 0
21840 1
21849 0
21863 1
21874 1
21888 0
21900 0
21905 1
21909 1
21913 1
21927 1
21930 0
21932 1
21936 0
21947 1
21959 0
21961 1
21976 1
21983 1
21985 1
21993 1
22007 1
22016 1
22031 0
22034 1
22037 0
22050 0
22062 0
22070 0
22077 0
22085 0
22090 1
22093 1
22098 0
22109 1
22118 1
22121 0
22132 0
22144 0
22149 1
22150 0
22162 0
22171 1
22183 0
22195 0
22209 0
22220 1
22226 1
22230 1
22233 0
22245 0
22251 0
22254 0
22269 1
22276 0
22280 1
22293 1
22304 0
22311 0
22325 1
22337 1
22339 1
22347 0
22351 1
22352 0
22357 1
22360 1
22373 0
22377 1
22388 1
22397 0
22406 0
22407 1
22410 1
22414 0
22417 0
22432 1
22443 0
22447 0
22455 0
22458 1
22472 0
22484 1
22492 1
22499 1
22502 0
22513 1
22526 1
22540 0
22547 1
22554 1
22569 1
22572 0
22587 0
22592 1
22601 0
22604 0
22629 0
22635 1
22646 1
22651 0
22662 0
22671 0
22680 1
22692 1
22700 1
22711 1
22716 0
22745 1
22758 0
22769 1
22774 0
22782 0
22797 1
22804 1
22810 0
22816 1
22819 0
22820 0
22835 0
22846 0
22850 1
22854 1
22857 0
22872 0
22885 1
22888 1
22890 1
22895 0
22904 0
22906 0
22917 0
22931 1
22946 1
22961 1
22967 0
22982 0
22995 0
23007 1
23015 0
23016 1
23029 0
23036 0
23048 1
23053 0
23066 0
23081 0
23089 0
23092 0
23097 1
23105 1
23114 1
23123 1
23131 1
23139 1
23151 1
23157 1
23165 1
23171 1
23175 0
23189 0
23194 1
23196 0
23199 0
23202 0
23208 1
23211 1
23220 1
23233 1
23234 0
23239 0
23251 0
23259 1
23268 1
23273 0
23281 1
23293 0
23297 0
23310 0
23321 0
23332 0
23336 0
23347 1
23353 1
23356 0
23367 0
23372 1
23384 1
23386 1
23395 0
23399 0
23405 1
23410 1
23421 0
23436 1
23441 1
23454 1
23463 0
23478 1
23479 1
23490 0
23493 1
23498 1
23509 0
23513 1
23517 0
23519 1
23522 1
23526 0
23538 0
23540 0
23545 0
23549 1
23558 0
23565 0
23577 0
23585 0
23586 0
23590 1
23599 1
23614 1
23620 0
23623 0
23638 1
23647 0
23649 0
23658 0
23673 1
23676 1
23678 0
23685 1
23693 0
23700 0
23715 0
23717 0
23718 1
23725 0
23733 0
23742 1
23754 0
23768 0
23773 1
23774 0
23775 0
23782 0
23787 1
23796 1
23803 1
23807 1
23820 1
23822 0
23828 1
23829 1
23843 1
23858 1
23869 0
23882 1
23884 1
23892 1
23893 0
23900 0
23915 1
23927 1
23940 0
23953 1
23968 0
23969 0
23978 1
23992 1
23993 0
23994 0
24008 0
24014 1
24023 1
24034 1
24038 0
24049 1
24053 0
24055 1
24056 1
24068 0
24091 1
24094 0
24096 1
24097 0
24105 1
24111 1
24118 0
24119 1
24125 1
24126 1
24133 1
24141 0
24147 1
24162 1
24168 1
24171 0
24172 1
24183 1
24184 1
24193 1
24207 0
24208 0
24211 0
24214 0
24229 0
24232 0
24240 1
24246 0
24253 0
24265 0
24270 0
24277 0
24291 0
24296 0
24308 0
24317 1
24332 0
24346 1
24358 0
24365 1
24372 0
24381 1
24394 0
24405 0
24418 1
24424 0
24443 0
24445 1
24452 0
24454 1
24466 0
24480 0
24487 0
24489 1
24496 0
24508 0
24523 0
24532 0
24539 1
24543 1
24558 0
24564 0
24572 0
24583 0
24587 0
24591 1
24602 1
24617 1
24630 1
24642 0
24644 0
24658 0
24673 0
24681 1
24692 0
24705 0
24720 0
24721 1
24725 1
24729 0
24738 0
24747 0
24759 0
24764 1
24767 1
24768 1
24771 0
24785 0
24797 0
24812 1
24815 1
24817 1
24819 0
24826 0
24835 1
24840 0
24842 1
24845 0
24859 1
24866 0
24878 1
24889 0
24891 0
24903 1
24916 1
24918 1
24926 0
24939 0
24951 0
24954 0
24966 1
24978 0
24991 0
25003 0
25017 0
25023 1
25024 0
25031 1
25043 0
25050 1
25063 1
25065 1
25067 1
25070 0
25075 1
25087 1
25102 0
25111 1
25113 1
25124 0
25137 0
25146 1
25149 1
25157 0
25168 1
25173 0
25180 1
25185 0
25199 1
25201 0
25207 0
25216 1
25227 0
25232 0
25237 0
25240 0
25245 1
25248 0
25259 0
25275 1
25282 1
25285 1
25291 1
25299 1
25301 1
25309 0
25316 1
25332 0
25338 0
25350 0
25358 0
25371 1
25377 1
25391 1
25404 1
25410 1
25423 0
25426 0
25433 1
25440 0
25442 0
25453 1
25462 0
25473 1
25485 1
25486 1
25487 0
25499 1
25513 1
25515 0
25517 1
25523 0
25534 1
25549 0
25558 0
25564 1
25573 1
25585 1
25593 1
25602 0
25606 1
25617 0
25618 0
25620 0
25628 0
25630 1
25636 1
25639 0
25644 1
25657 1
25672 1
25676 0
25688 0
25696 1
25709 1
25718 1
25720 1
25728 1
25733 0
25744 1
25769 0
25777 1
25791 0
25797 1
25810 1
25815 0
25822 1
25836 1
25848 0
25862 1
25866 1
25867 1
25876 0
25883 1
25899 0
25902 0
25914 0
25923 1
25926 1
25929 1
25936 1
25941 1
25942 1
25951 1
25966 0
25968 1
25979 1
25990 1
26005 0
26010 1
26019 1
26034 0
26039 0
26050 1
26054 0
26059 1
26062 1
26067 1
26078 1
26083 0
26086 0
26092 0
26101 1
26105 0
26109 1
26122 1
26137 1
26149 0
26160 1
26175 1
26181 0
26192 0
26207 1
26213 0
26214 1
26222 0
26245 1
26260 1
26261 0
26268 0
26282 1
26296 1
26299 0
26312 1
26324 0
26344 0
26348 1
26361 0
26368 0
26371 1
26380 1
26394 0
26399 1
26401 0
26407 1
26418 1
26425 1
26434 0
26439 1
26451 0
26460 1
26467 1
26478 0
26480 1
26493 0
26504 0
26509 1
26511 0
26523 1
26538 1
26541 0
26542 1
26556 1
26568 1
26576 0
26579 1
26594 1
26601 1
26614 1
26623 0
26625 0
26631 1
26639 0
26650 0
26651 1
26662 0
26681 1
26692 0
26697 1
26700 0
26715 1
26724 0
26731 1
26732 1
26741 1
26742 1
26751 0
26759 0
26772 1
26786 1
26792 1
26798 0
26801 1
26816 1
26818 1
26819 1
26835 0
26840 1
26854 1
26868 1
26875 0
26883 0
26886 0
26889 0
26897 1
26903 1
26909 0
26930 0
26943 1
26946 0
26957 0
26972 0
26973 0
26986 1
26998 0
27004 1
27015 0
27020 1
27021 0
27034 1
27045 0
27060 1
27062 0
27065 0
27073 1
27077 0
27082 0
27088 0
27100 1
27111 0
27126 1
27127 0
27138 0
27145 0
27157 1
27161 1
27170 0
27187 1
27199 0
27200 1
27208 1
27231 0
27244 1
27249 0
27257 1
27266 0
27273 1
27280 1
27288 1
27302 1
27306 0
27319 1
27324 1
27337 1
27350 0
27364 1
27373 1
27384 1
27385 1
27394 1
27401 0
27413 0
27424 1
27426 1
27437 1
27444 0
27456 1
27460 0
27472 0
27477 1
27486 0
27499 1
27508 1
27509 0
27517 0
27522 1
27533 0
27546 1
27552 0
27571 0
27580 0
27588 1
27592 0
27605 0
27613 1
27616 0
27617 0
27622 0
27630 1
27640 1
27648 1
27649 0
27655 1
27658 0
27661 0
27674 0
27681 1
27696 0
27699 1
27713 0
27719 1
27732 0
27743 1
27755 1
27758 1
27760 1
27771 1
27785 1
27799 1
27806 0
27825 1
27836 1
27839 1
27844 0
27858 0
27864 1
27877 0
27883 1
27891 0
27899 1
27903 0
27906 1
27911 0
27922 1
27925 0
27938 0
27939 1
27952 1
27953 1
27956 1
27970 1
27983 0
27984 0
27987 1
27990 1
28002 0
28009 1
28018 1
28033 1
28041 1
28056 1
28071 1
28075 0
28090 1
28093 0
28104 1
28119 1
28128 0
28143 1
28149 0
28150 0
28165 0
28176 0
28191 1
28199 0
28208 0
28214 0
28229 1
28230 0
28235 1
28250 1
28261 1
28265 1
28271 0
28282 1
28283 0
28288 1
28296 0
28316 1
28321 1
28324 0
28326 1
28331 0
28335 0
28337 0
28340 1
28345 1
28349 1
28352 1
28354 1
28359 1
28368 1
28371 0
28382 1
28395 1
28396 1
28397 1
28403 0
28409 0
28420 1
28423 1
28436 0
28451 0
28459 1
28463 1
28476 0
28489 1
28504 1
28518 0
28525 0
28536 1
28544 0
28558 0
28562 1
28576 0
28583 0
28586 1
28588 1
28592 0
28594 1
28599 1
28605 0
28611 0
28620 0
28621 1
28622 1
28624 0
28625 1
28629 1
28656 1
28664 1
28673 0
28681 0
28683 1
28684 0
28699 0
28703 0
28718 1
28725 0
28730 0
28733 0
28746 0
28755 1
28767 0
28772 0
28777 0
28785 0
28788 0
28794 1
28796 1
28807 0
28809 1
28827 1
28831 0
28843 0
28847 0
28862 0
28869 0
28874 0
28887 0
28902 1
28904 1
28919 0
28932 0
28944 1
28957 1
28970 1
28982 1
28993 0
29004 0
29013 1
29020 0
29022 0
29031 0
29044 0
29047 0
29053 1
29061 1
29076 0
29084 0
29088 0
29099 0
29111 1
29119 1
29121 1
29135 1
29147 0
29149 0
29150 1
29165 0
29184 0
29193 0
29197 0
29205 1
29211 1
29216 1
29222 0
29227 1
29231 1
29238 1
29241 0
29250 1
29261 0
29265 0
29276 1
29283 0
29290 1
29310 1
29317 0
29321 1
29323 1
29342 0
29354 0
29366 0
29369 1
29384 1
29385 1
29390 1
29391 1
29395 0
29409 0
29424 1
29439 0
29448 1
29463 1
29474 0
29482 1
29495 1
29500 0
29512 1
29516 1
29527 0
29534 1
29540 0
29545 0
29556 1
29565 0
29591 1
29593 1
29599 1
29611 0
29615 0
29628 1
29632 1
29637 1
29642 0
29643 0
29654 1
29668 0
29671 1
29682 1
29685 1
29696 1
29704 0
29707 1
29722 0
29735 0
29744 0
29746 1
29755 0
29769 0
29780 0
29793 0
29796 0
29810 0
29812 0
29824 0
29829 0
29842 1
29843 0
29848 1
29852 0
29860 1
29875 0
29901 1
29905 0
29907 1
29920 1
29925 1
29929 1
29932 0
29941 1
29950 0
29957 1
29972 0
29975 0
29984 1
29991 1
30005 0
30017 0
30028 1
30042 1
30044 0
30045 1
30056 0
30062 0
30076 0
30077 0
30089 1
30092 1
30097 1
30105 1
30112 1
30118 0
30119 0
30144 0
30155 1
30162 1
30169 1
30173 0
30181 0
30196 0
30202 1
30210 1
30219 1
30234 0
30245 1
30250 1
30264 0
30268 0
30274 1
30283 1
30297 1
30303 1
30311 0
30334 1
30341 1
30347 0
30368 0
30370 1
30379 1
30390 1
30395 1
30401 1
30415 0
30428 0
30431 1
30436 1
30445 1
30458 0
30463 0
30469 0
30483 1
30490 1
30491 1
30502 0
30507 1
30508 0
30515 1
30522 0
30529 0
30541 0
30550 1
30555 1
30567 1
30569 1
30580 0
30585 0
30598 0
30602 1
30610 0
30623 0
30626 0
30628 0
30635 1
30650 0
30651 0
30659 0
30664 1
30665 0
30676 1
30691 0
30692 1
30694 1
30702 0
30706 1
30720 0
30721 1
30733 0
30744 1
30759 0
30765 1
30771 0
30787 1
30789 0
30791 0
30804 1
30818 1
30820 0
30835 1
30836 0
30851 0
30863 1
30867 0
30871 1
30883 1
30898 1
30900 1
30901 1
30915 0
30916 0
30925 1
30932 0
30933 1
30937 0
30951 0
30963 0
30968 0
30970 1
30983 1
30995 0
31002 0
31016 1
31025 1
31037 0
31050 0
31062 1
31074 0
31080 0
31095 0
31096 1
31104 1
31106 1
31115 0
31117 1
31132 0
31160 0
31175 1
31179 1
31185 0
31193 1
31208 1
31219 1
31233 1
31248 0
31253 0
31262 0
31263 1
31271 0
31279 0
31280 1
31282 0
31288 0
31301 1
31309 1
31314 1
31316 0
31328 1
31336 0
31343 0
31358 1
31371 1
31377 1
31386 0
31412 0
31424 1
31436 1
31447 1
31450 0
31454 1
31461 0
31463 0
31465 1
31469 0
31481 1
31494 0
31495 1
31501 0
31506 0
31507 1
31518 0
31525 1
31534 0
31539 1
31543 0
31551 1
31577 0
31583 1
31591 0
31606 0
31617 1
31631 1
31643 1
31654 1
31656 0
31669 1
31680 0
31685 0
31686 0
31695 0
31696 0
31697 0
31706 0
31711 1
31713 1
31724 0
31737 0
31738 0
31753 1
31756 1
31764 1
31772 0
31780 1
31789 0
31792 0
31806 1
31810 0
31817 1
31819 1
31832 1
31845 0
31857 0
31864 0
31875 0
31884 0
31887 0
31896 1
31911 1
31926 1
31931 0
31938 0
31944 1
31946 1
31957 1
31971 0
31985 0
31991 1
31997 0
32004 1
32015 0
32030 1
32043 1
32044 0
32050 0
32072 0
32079 0
32084 0
32089 1
32097 0
32109 0
32110 0
32112 0
32121 0
32125 0
32136 1
32147 1
32150 1
32152 0
32163 1
32167 0
32170 0
32174 1
32175 1
32178 0
32183 0
32198 1
32210 0
32225 0
32227 0
32236 0
32248 0
32259 1
32271 0
32272 0
32274 0
32286 0
32299 0
32313 0
32316 1
32330 1
32336 1
32344 0
32345 0
32354 1
32365 0
32368 1
32377 1
32383 1
32385 1
32388 1
32401 1
32410 1
32425 1
32434 1
32441 0
32447 1
32458 1
32467 0
32473 1
32485 1
32496 0
32499 0
32503 1
32512 1
32513 0
32524 1
32527 0
32536 1
32538 0
32550 0
32561 1
32563 0
32574 1
32582 0
32589 0
32594 0
32601 1
32607 1
32619 1
32630 1
32641 1
32644 1
32656 0
32668 1
32674 1
32677 0
32682 1
32683 1
32686 1
32694 1
32697 1
32700 0
32714 1
32718 0
32723 1
32734 1
32749 0
32751 0
32756 0
32769 0
32774 0
32785 1
32792 0
32799 1
32804 1
32817 1
32825 1
32838 1
32851 1
32858 1
32873 0
32886 0
32887 1
32895 1
32904 0
32919 1
32932 0
32936 1
32951 0
32965 0
32972 0
32984 0
32996 0
33011 0
33018 0
33032 1
33041 0
33056 1
33069 0
33073 0
33079 0
33080 0
33082 1
33085 0
33091 0
33100 1
33124 1
33132 0
33152 1
33159 0
33173 0
33184 0
33198 0
33209 0
33217 0
33220 0
33223 1
33227 0
33241 0
33255 0
33268 0
33270 0
33273 0
33278 1
33290 1
33291 0
33294 0
33302 1
33309 0
33320 1
33333 1
33339 1
33353 1
33364 1
33366 0
33367 0
33380 0
33389 0
33400 1
33415 1
33422 0
33437 1
33443 1
33457 0
33472 1
33474 1
33477 0
33492 0
33499 1
33503 0
33505 0
33507 1
33511 0
33523 1
33526 1
33534 1
33536 0
33549 0
33551 1
33565 0
33576 1
33578 1
33581 1
33592 1
33601 0
33614 0
33616 0
33621 0
33625 0
33636 1
33642 0
33648 1
33655 1
33669 1
33675 0
33704 0
33711 0
33715 0
33720 0
33723 0
33732 1
33736 0
33741 1
33753 1
33759 0
33761 0
33774 1
33779 0
33792 1
33798 0
33808 1
33816 0
33835 0
33847 0
33849 1
33855 1
33856 1
33860 1
33868 0
33882 1
33889 0
33895 1
33903 1
33904 0
33917 0
33920 0
33933 1
33937 1
33949 0
33950 0
33956 0
33961 1
33962 1
33970 0
33973 1
33982 1
33990 1
33992 1
33998 0
34020 0
34029 1
34041 0
34054 1
34068 1
34083 0
34091 0
34096 0
34101 0
34104 0
34112 1
34120 0
34121 0
34138 1
34150 0
34159 0
34163 1
34170 1
34183 0
34188 0
34193 1
34201 0
34204 0
34209 1
34220 1
34227 0
34236 0
34242 1
34257 0
34260 1
34273 0
34291 0
34299 0
34311 1
34315 1
34320 0
34331 1
34351 0
34352 0
34356 1
34363 1
34368 1
34376 1
34390 0
34399 0
34412 0
34424 0
34426 1
34441 1
34450 0
34464 0
34468 0
34470 0
34484 1
34486 1
34487 0
34493 0
34500 1
34502 1
34505 1
34519 0
34522 0
34533 1
34534 0
34539 1
34543 0
34556 0
34558 1
34561 0
34573 0
34580 1
34591 0
34595 0
34607 1
34611 0
34612 0
34626 0
34630 0
34636 1
34649 1
34653 0
34660 0
34673 1
34680 0
34689 0
34692 1
34703 0
34714 1
34716 0
34729 1
34736 0
34744 0
34758 1
34769 0
34781 0
34783 1
34798 1
34800 1
34809 0
34823 1
34825 0
34827 0
34842 1
34845 0
34859 0
34874 1
34879 1
34885 1
34893 0
34908 1
34912 1
34917 0
34924 0
34938 1
34951 0
34957 0
34970 1
34977 0
34984 0
34995 1
35001 0
35012 1
35016 1
35021 0
35029 1
35032 1
35047 1
35056 1
35059 1
35074 0
35083 0
35085 1
35100 1
35105 1
35110 1
35118 0
35131 0
35138 1
35145 1
35152 0
35159 1
35171 1
35177 0
35188 1
35192 1
35204 0
35205 1
35216 0
35227 1
35231 0
35240 0
35246 1
35248 0
35252 1
35260 0
35263 1
35278 0
35290 0
35305 0
35317 0
35326 0
35330 1
35344 0
35359 0
35365 0
35373 1
35374 1
35387 1
35395 0
35400 0
35409 0
35414 0
35427 0
35431 1
35443 1
35444 1
35456 1
35469 1
35470 0
35473 0
35478 1
35484 0
35485 1
35493 0
35499 0
35506 1
35511 1
35519 1
35530 1
35534 1
35546 0
35555 0
35562 1
35566 0
35573 0
35580 0
35587 0
35601 1
35615 1
35617 0
35619 0
35621 0
35624 0
35632 0
35646 0
35649 1
35654 1
35667 1
35682 0
35683 0
35687 1
35696 1
35704 0
35709 1
35717 0
35732 0
35736 1
35743 1
35757 0
35758 1
35762 1
35768 0
35774 1
35787 0
35789 0
35794 1
35805 0
35813 1
35814 0
35822 0
35837 1
35840 1
35849 1
35854 0
35860 1
35871 1
35885 0
35900 1
35913 1
35921 0
35941 1
35952 0
35960 1
35969 1
35980 1
35983 1
35992 0
35999 1
36017 1
36031 0
36045 1
36054 1
36065 1
36066 1
36080 0
36082 0
36089 0
36091 0
36103 0
36109 0
36123 1
36126 0
36134 0
36145 1
36154 1
36160 0
36162 0
36166 1
36169 0
36177 1
36190 0
36202 0
36205 0
36206 0
36217 0
36226 1
36239 0
36253 1
36265 0
36268 0
36271 0
36278 0
36280 1
36292 0
36296 1
36307 0
36309 0
36317 0
36322 1
36330 1
36335 0
36343 1
36354 0
36358 1
36359 0
36362 1
36376 1
36380 0
36389 1
36392 1
36396 0
36405 1
36416 1
36425 1
36433 1
36446 0
36449 0
36456 1
36461 0
36470 1
36476 1
36487 1
36492 1
36505 0
36509 0
36521 0
36526 0
36533 0
36542 1
36557 1
36570 1
36576 0
36578 0
36582 1
36595 0
36597 1
36608 0
36622 0
36629 0
36632 0
36637 0
36644 0
36658 1
36667 0
36681 1
36685 0
36700 0
36702 0
36704 0
36706 0
36719 1
36731 0
36737 1
36752 0
36756 1
36771 1
36786 1
36788 1
36794 0
36805 0
36807 1
36812 1
36827 0
36839 0
36843 1
36857 0
36860 1
36862 0
36876 1
36891 0
36896 0
36910 0
36918 0
36924 1
36946 0
36954 1
36958 1
36964 1
36979 0
36986 0
36992 0
37003 1
37004 0
37015 0
37023 1
37027 0
37029 0
37046 0
37054 1
37069 1
37077 0
37092 1
37098 0
37103 0
37110 1
37115 1
37127 0
37141 0
37149 0
37153 0
37167 0
37178 1
37193 1
37207 0
37220 1
37227 0
37236 1
37247 0
37252 1
37265 1
37272 0
37286 1
37287 0
37288 0
37297 0
37302 1
37311 0
37330 0
37335 0
37337 0
37344 0
37345 1
37346 1
37348 1
37351 1
37355 1
37356 0
37368 0
37376 1
37391 0
37399 0
37404 1
37406 1
37420 1
37428 1
37434 0
37443 0
37455 1
37464 0
37473 1
37480 0
37489 0
37490 1
37498 1
37512 1
37514 1
37515 1
37518 1
37531 1
37537 1
37546 0
37551 1
37562 0
37563 1
37566 0
37581 1
37596 1
37605 1
37613 1
37617 0
37632 1
37641 1
37648 0
37663 1
37671 0
37678 1
37690 1
37702 1
37707 1
37710 0
37725 0
37738 0
37741 0
37744 0
37758 1
37759 0
37764 1
37765 0
37769 0
37770 1
37778 1
37791 1
37794 0
37799 0
37814 1
37827 1
37833 1
37848 1
37849 1
37857 1
37872 1
37880 1
37883 0
37895 0
37907 0
37918 1
37924 1
37935 1
37949 1
37964 1
37969 1
37975 0
37987 0
37990 1
37994 1
38000 0
38012 1
38035 0
38038 1
38050 0
38060 1
38086 1
38091 1
38106 1
38114 1
38117 0
38125 0
38127 0
38131 0
38138 0
38149 0
38162 1
38175 0
38186 0
38201 0
38202 1
38205 0
38210 0
38221 1
38227 0
38230 0
38239 0
38251 0
38264 1
38277 0
38281 0
38290 1
38292 1
38293 0
38300 1
38314 1
38323 0
38332 1
38343 1
38356 1
38367 1
38368 0
38380 0
38392 0
38400 0
38413 0
38417 0
38432 0
38436 0
38437 0
38445 0
38456 0
38460 1
38465 0
38466 1
38470 0
38477 0
38490 1
38493 0
38501 0
38508 0
38511 0
38526 0
38532 0
38541 1
38548 1
38563 0
38577 1
38585 0
38596 1
38605 1
38617 0
38622 1
38624 1
38652 1
38655 1
38669 1
38671 1
38679 1
38688 0
38692 1
38704 1
38713 1
38725 1
38730 1
38734 1
38748 1
38751 0
38764 1
38773 0
38785 0
38798 1
38806 1
38808 1
38810 1
38813 0
38828 1
38843 0
38856 1
38864 0
38879 1
38881 0
38890 0
38895 1
38899 0
38910 1
38924 1
38938 0
38952 1
38955 1
38959 0
38961 1
38975 0
38980 0
38987 1
38993 1
39007 0
39018 0
39023 1
39035 0
39036 1
39038 1
39040 1
39042 0
39049 1
39058 1
39071 0
39084 0
39099 1
39113 0
39117 1
39132 0
39140 0
39151 0
39166 0
39175 0
39183 1
39188 1
39200 0
39209 1
39214 1
39222 1
39230 0
39247 1
39250 0
39253 0
39255 1
39264 0
39273 1
39278 1
39280 0
39294 0
39307 1
39308 1
39310 0
39317 1
39329 0
39344 0
39346 0
39354 1
39357 1
39358 0
39359 1
39374 0
39382 1
39387 0
39399 1
39407 1
39420 1
39433 0
39438 0
39444 0
39458 0
39462 0
39469 0
39473 1
39487 1
39488 0
39492 1
39505 1
39507 1
39516 1
39524 1
39528 0
39541 1
39552 0
39559 0
39568 1
39583 1
39586 1
39598 1
39611 1
39622 0
39625 0
39638 1
39650 1
39665 0
39670 1
39682 0
39687 1
39688 1
39699 0
39707 1
39722 0
39736 0
39747 1
39753 0
39761 1
39764 1
39770 1
39781 0
39782 1
39794 0
39809 0
39814 1
39822 0
39826 1
39829 0
39844 0
39856 0
39859 0
39873 0
39886 1
39895 1
39906 1
39918 1
39926 1
39939 1
39950 1
39964 0
39975 1
39988 1
39993 1
40007 0
40016 1
40030 0
40032 0
40034 1
40041 0
40056 0
40057 1
40070 0
40085 0
40086 1
40091 0
40104 0
40110 1
40121 0
40133 0
40147 0
40152 1
40153 0
40156 0
40167 0
40181 1
40190 0
40194 1
40195 1
40204 0
40219 0
40234 1
40242 0
40248 0
40257 1
40272 1
40278 1
40287 1
40290 0
40303 1
40323 1
40329 1
40330 0
40336 1
40342 1
40343 0
40349 1
40364 1
40367 1
40373 1
40385 1
40390 0
40394 1
40399 1
40404 1
40407 0
40419 1
40426 1
40430 0
40437 1
40448 0
40463 1
40472 0
40487 1
40489 1
40495 0
40510 0
40521 1
40522 1
40526 1
40527 1
40529 1
40540 1
40547 0
40562 1
40570 0
40579 0
40582 1
40586 0
40591 0
40596 1
40598 0
40613 0
40615 0
40627 0
40634 0
40639 0
40648 1
40655 0
40670 0
40685 0
40700 1
40711 1
40723 1
40726 0
40741 1
40750 0
40762 0
40768 1
40776 0
40788 1
40800 1
40809 0
40816 1
40824 0
40832 1
40846 1
40861 1
40875 0
40879 0
40883 0
40889 1
40902 1
40913 1
40918 0
40931 0
40939 1
40943 1
40949 1
40960 0
40974 0
40978 1
40981 0
40992 1
40999 1
41012 0
41027 0
41028 0
41029 0
41033 1
41040 1
41046 1
41050 1
41065 0
41074 0
41078 1
41091 0
41096 1
41113 0
41128 1
41134 0
41146 1
41157 1
41163 1
41174 1
41180 0
41182 1
41195 0
41209 1
41216 0
41218 0
41222 1
41234 1
41241 1
41244 1
41253 1
41256 0
41271 1
41278 0
41285 0
41290 0
41297 1
41312 1
41324 1
41329 0
41338 0
41344 1
41352 1
41360 1
41364 1
41376 0
41377 1
41384 0
41399 0
41407 1
41415 1
41416 0
41417 1
41418 0
41425 0
41440 1
41443 0
41445 0
41448 0
41453 0
41461 0
41473 0
41476 0
41488 0
41491 1
41493 1
41495 1
41502 1
41509 0
41518 1
41530 0
41543 1
41555 1
41556 0
41559 1
41570 1
41574 0
41579 0
41593 0
41608 1
41616 0
41622 1
41623 1
41636 0
41650 0
41652 1
41656 0
41663 1
41671 0
41672 0
41680 1
41688 1
41695 0
41721 1
41728 1
41741 0
41755 0
41766 1
41774 0
41781 1
41789 0
41800 0
41814 1
41817 0
41831 0
41840 0
41841 0
41856 1
41868 0
41871 0
41883 0
41888 1
41895 1
41908 1
41913 1
41928 1
41937 0
41949 1
41956 0
41971 1
41977 0
41980 0
41993 1
42000 1
42014 0
42015 1
42020 0
42026 1
42032 0
42044 1
42058 0
42066 1
42067 0
42074 1
42078 0
42093 0
42097 1
42102 0
42111 0
42116 0
42123 0
42137 1
42145 0
42154 1
42156 0
42169 0
42177 0
42190 0
42203 1
42216 1
42218 0
42221 1
42222 0
42233 0
42238 1
42244 0
42255 1
42260 0
42267 0
42273 0
42282 0
42287 0
42300 0
42306 1
42307 0
42310 0
42313 0
42320 0
42328 1
42339 0
42346 1
42352 0
42353 1
42354 0
42356 1
42369 0
42374 0
42381 1
42395 1
42409 0
42415 0
42420 0
42426 1
42428 0
42437 1
42443 0
42452 0
42465 1
42466 0
42472 1
42487 1
42495 0
42510 0
42512 0
42523 1
42537 1
42549 0
42554 0
42555 1
42569 0
42580 1
42585 1
42600 0
42606 0
42612 1
42619 0
42623 0
42632 1
42635 1
42643 0
42650 1
42655 0
42659 1
42673 1
42675 0
42687 0
42695 0
42703 0
42706 1
42710 0
42711 1
42726 0
42731 1
42742 1
42747 1
42761 0
42775 0
42776 0
42783 1
42787 1
42790 1
42795 1
42808 1
42814 1
42821 0
42829 1
42836 0
42847 1
42859 0
42863 0
42866 0
42871 0
42882 1
42896 1
42899 1
42900 1
42901 0
42904 1
42907 1
42910 1
42921 0
42933 0
42937 1
42944 1
42946 1
42958 1
42964 1
42965 1
42973 1
42975 1
42984 1
42986 0
42993 0
43009 1
43018 0
43033 1
43034 0
43047 1
43060 0
43074 1
43075 1
43086 1
43092 1
43096 0
43098 1
43111 1
43124 1
43135 0
43147 1
43149 1
43155 0
43158 0
43170 0
43184 0
43186 0
43187 1
43195 1
43208 1
43220 1
43233 0
43240 1
43245 1
43253 0
43260 0
43272 1
43283 1
43287 0
43301 1
43305 0
43317 0
43322 0
43328 1
43331 1
43339 0
43353 0
43365 1
43377 0
43391 1
43399 0
43402 0
43406 0
43418 1
43423 0
43430 1
43445 0
43452 0
43457 1
43461 1
43473 1
43480 0
43484 0
43499 1
43503 1
43508 0
43516 0
43519 0
43524 0
43526 0
43531 1
43535 0
43536 0
43547 0
43555 1
43559 0
43561 1
43570 1
43577 1
43586 1
43594 1
43600 1
43601 0
43614 1
43622 1
43637 1
43638 1
43642 1
43651 1
43660 1
43666 1
43675 0
43678 1
43690 0
43698 1
43704 1
43712 1
43724 0
43727 1
43728 0
43743 0
43757 0
43766 0
43767 0
43772 0
43781 0
43796 0
43805 1
43820 1
43822 0
43828 1
43834 1
43846 1
43859 1
43863 1
43869 1
43878 1
43879 0
43893 0
43906 1
43907 1
43919 0
43922 0
43934 0
43935 0
43936 0
43951 0
43954 0
43957 1
43960 1
43963 1
43970 0
43979 1
43992 0
43996 1
44001 1
44013 1
44014 1
44020 1
44021 1
44030 1
44036 1
44047 1
44049 1
44057 0
44066 0
44069 1
44084 0
44097 0
44108 1
44117 1
44119 1
44121 1
44122 0
44134 0
44146 1
44151 1
44162 1
44166 1
44180 0
44191 0
44198 0
44200 0
44215 1
44219 1
44228 1
44239 1
44241 1
44249 0
44252 0
44254 1
44261 0
44269 0
44278 0
44292 1
44294 1
44307 1
44312 0
44323 0
44334 0
44340 1
44352 0
44353 1
44354 0
44365 0
44377 0
44389 1
44391 1
44403 0
44416 0
44429 1
44442 0
44453 0
44455 0
44467 0
44468 1
44473 1
44478 1
44479 1
44487 1
44490 1
44502 1
44510 1
44517 0
44518 0
44525 0
44533 0
44545 1
44554 1
44556 0
44571 1
44589 0
44600 1
44604 1
44605 1
44613 0
44628 1
44636 0
44649 1
44656 0
44661 1
44674 1
44686 1
44694 1
44703 0
44712 0
44724 1
44736 0
44740 1
44755 0
44770 1
44776 1
44787 0
44800 0
44808 1
44816 1
44827 1
44828 1
44836 1
44845 0
44857 0
44864 0
44865 0
44879 0
44888 0
44893 0
44894 1
44902 1
44904 0
44915 1
44920 1
44928 0
44939 1
44954 1
44962 1
44970 1
44979 0
44986 1
44995 1
44999 0
45008 1
45010 1
45014 0
45026 0
45029 1
45044 1
45058 1
45064 0
45070 0
45075 1
45079 0
45091 0
45100 1
45106 0
45111 0
45123 1
45129 1
45130 0
45137 1
45146 0
45148 1
45169 1
45174 0
45185 1
45188 0
45202 0
45207 1
45208 1
45213 1
45228 0
45241 0
45253 0
45260 1
45261 1
45282 1
45285 0
45286 0
45300 1
45308 1
45315 0
45321 1
45326 1
45332 1
45335 0
45343 1
45350 0
45358 1
45367 0
45373 1
45386 1
45400 1
45411 0
45423 1
45428 0
45441 0
45452 0
45457 0
45458 0
45463 0
45467 0
45471 1
45482 0
45483 1
45498 1
45501 0
45502 1
45504 0
45508 1
45523 0
45527 1
45532 1
45535 0
45536 1
45550 1
45567 0
45569 0
45575 1
45576 0
45578 1
45587 1
45602 1
45604 1
45617 0
45619 1
45622 0
45633 1
45639 1
45646 1
45661 1
45665 1
45669 1
45680 0
45694 1
45701 0
45712 1
45726 0
45727 0
45733 1
45741 1
45752 1
45761 1
45764 0
45779 0
45793 1
45800 1
45801 0
45807 1
45818 0
45819 0
45831 1
45838 1
45853 0
45855 1
45857 1
45871 1
45885 1
45899 1
45901 0
45903 0
45911 1
45922 1
45936 0
45937 1
45939 1
45943 1
45952 0
45965 0
45968 0
45977 1
45980 1
45994 0
45998 1
46012 1
46017 1
46031 1
46046 0
46059 1
46064 1
46077 0
46086 1
46089 1
46100 1
46101 1
46110 1
46115 0
46122 0
46125 0
46134 1
46147 1
46162 0
46171 1
46190 0
46198 1
46213 1
46220 1
46222 0
46226 0
46227 0
46232 0
46234 0
46249 0
46252 0
46261 0
46264 0
46279 0
46280 1
46286 0
46287 0
46295 1
46318 1
46331 0
46340 1
46344 0
46347 0
46355 1
46368 1
46382 1
46390 1
46403 0
46411 0
46417 1
46424 0
46438 1
46446 1
46448 1
46451 0
46456 0
46459 1
46471 1
46485 1
46489 1
46491 0
46496 0
46498 1
46503 1
46517 0
46523 1
46530 0
46539 0
46554 0
46563 0
46568 1
46576 1
46591 0
46598 0
46611 0
46626 1
46627 1
46641 1
46656 0
46665 1
46677 1
46689 0
46690 0
46696 1
46705 1
46712 1
46725 1
46740 1
46749 0
46755 1
46762 1
46777 1
46791 0
46792 0
46794 1
46801 1
46815 1
46822 1
46834 0
46843 1
46856 0
46858 1
46859 0
46861 0
46862 0
46875 1
46888 1
46903 1
46906 1
46917 0
46932 1
46947 0
46962 1
46976 1
46981 0
46982 0
46997 1
47010 1
47022 1
47029 0
47033 1
47038 0
47049 1
47056 1
47059 0
47074 0
47088 1
47095 1
47108 0
47123 0
47127 1
47139 0
47157 0
47162 1
47169 1
47183 0
47186 1
47192 1
47201 0
47214 1
47229 1
47232 0
47243 1
47245 0
47256 0
47267 1
47268 1
47283 0
47288 0
47296 1
47302 1
47307 0
47328 0
47336 0
47347 0
47353 1
47354 0
47366 1
47381 0
47392 0
47394 0
47398 1
47409 0
47420 1
47431 0
47438 0
47442 0
47443 1
47448 0
47461 0
47462 1
47467 1
47474 1
47480 0
47493 1
47495 0
47497 1
47501 1
47514 0
47528 0
47542 0
47554 0
47558 0
47572 0
47574 0
47577 0
47582 0
47593 0
47605 0
47606 0
47612 1
47614 1
47620 0
47631 1
47642 0
47643 0
47657 0
47663 0
47668 1
47672 0
47687 1
47691 1
47700 0
47702 0
47717 1
47720 0
47725 0
47733 0
47739 1
47741 0
47747 0
47762 0
47768 1
47780 0
47792 0
47801 0
47809 0
47814 0
47828 1
47830 1
47841 0
47848 1
47849 1
47858 1
47863 1
47874 1
47877 0
47882 0
47888 1
47901 0
47913 1
47922 0
47931 0
47932 0
47936 1
47951 1
47958 0
47959 0
47970 0
47984 0
47988 1
48001 0
48006 0
48018 0
48021 1
48036 1
48037 1
48050 0
48061 1
48068 0
48083 1
48098 1
48100 0
48109 1
48111 0
48112 0
48113 0
48128 0
48135 1
48140 1
48151 1
48163 1
48178 0
48193 0
48201 1
48204 1
48216 0
48223 1
48228 1
48242 1
48250 0
48263 1
48269 0
48281 1
48294 1
48302 1
48315 1
48328 1
48331 1
48336 1
48338 1
48350 1
48359 1
48371 1
48384 0
48388 1
48401 0
48419 1
48424 0
48431 0
48440 1
48447 1
48461 1
48470 1
48476 0
48491 1
48496 0
48504 0
48515 0
48529 0
48540 0
48541 1
48555 0
48558 1
48570 1
48576 0
48578 1
48590 0
48608 0
48619 1
48634 1
48648 1
48660 0
48667 1
48674 1
48679 0
48696 0
48697 1
48698 0
48709 1
48723 1
48727 1
48740 0
48751 1
48755 0
48759 1
48767 1
48769 0
48781 1
48796 0
48811 0
48815 1
48830 1
48838 0
48857 1
48868 0
48874 1
48882 1
48885 1
48890 1
48893 0
48898 1
48906 0
48913 1
48922 0
48930 1
48943 0
48957 0
48958 1
48964 0
48967 1
48981 0
49007 0
49019 0
49030 1
49033 0
49047 1
49053 0
49056 0
49059 1
49070 1
49073 1
49088 1
49094 1
49103 1
49110 0
49116 0
49123 0
49134 0
49136 1
49142 0
49155 0
49166 0
49167 0
49179 0
49183 0
49196 0
49211 0
49224 0
49237 1
49239 0
49244 1
49256 0
49267 1
49274 1
49285 1
49294 0
49298 1
49302 0
49306 0
49321 0
49338 0
49340 1
49349 1
49356 1
49368 0
49375 0
49382 0
49391 0
49400 1
49412 0
49417 0
49420 1
49423 1
49432 0
49435 1
49441 1
49450 0
49463 0
49471 0
49476 1
49487 1
49489 0
49495 0
49503 0
49512 0
49526 0
49527 0
49542 0
49557 0
49568 0
49572 0
49578 1
49580 1
49594 1
49599 0
49611 0
49618 0
49625 1
49633 1
49642 0
49647 0
49652 1
49659 1
49671 1
49682 1
49689 1
49703 0
49705 0
49707 0
49714 1
49728 1
49737 1
49738 0
49751 1
49752 1
49763 0
49766 1
49770 0
49775 0
49788 1
49790 1
49795 1
49804 0
49828 1
49833 1
49835 0
49841 0
49842 1
49856 0
49860 1
49869 0
49883 0
49886 1
49895 0
49897 0
49909 1
49916 0
49928 0
49934 0
49935 0
49943 0
49955 1
49958 0
49971 0
49980 0
49992 1
49993 1
50007 0
50022 0
50025 0
50030 0
50038 1
50045 0
50058 0
50063 1
50069 1
50073 1
50087 1
50093 1
50097 0
50104 0
50110 1
50122 1
50128 1
50142 1
50153 1
50156 0
50168 1
50182 1
50187 0
50190 0
50198 0
50211 0
50226 1
50240 0
50245 0
50252 1
50254 0
50266 1
50273 0
50281 1
50282 0
50288 1
50291 0
50306 0
50310 0
50317 1
50318 0
50323 0
50332 1
50347 0
50354 1
50358 0
50369 0
50370 0
50377 0
50392 0
50396 1
50409 1
50412 1
50421 1
50426 0
50438 0
50447 0
50462 0
50473 0
50479 1
50487 0
50500 0
50514 0
50516 1
50527 0
50540 1
50555 1
50569 0
50570 1
50583 1
50588 1
50590 1
50594 1
50598 0
50603 1
50609 1
50624 1
50633 0
50636 0
50651 0
50660 0
50663 0
50669 0
50678 1
50690 0
50694 1
50707 0
50723 1
50725 0
50728 1
50743 1
50747 1
50761 1
50776 1
50781 1
50789 0
50798 0
50799 0
50808 1
50820 0
50831 1
50840 1
50848 1
50850 1
50857 0
50865 1
50887 0
50896 1
50900 0
50911 0
50918 1
50924 1
50938 1
50945 0
50954 1
50963 1
50966 1
50971 0
50980 0
50989 1
50991 1
51003 1
51016 0
51021 1
51048 0
51059 0
51070 0
51073 0
51078 0
51093 0
51095 0
51099 0
51113 1
51122 0
51125 1
51136 0
51138 0
51149 0
51153 0
51167 1
51178 1
51185 1
51198 1
51213 0
51226 1
51228 1
51241 1
51256 1
51262 0
51270 0
51278 1
51289 1
51292 0
51293 1
51304 0
51315 0
51330 1
51341 1
51350 1
51351 1
51362 1
51376 0
51388 1
51393 0
51396 1
51397 0
51405 1
51414 0
51417 1
51428 0
51436 1
51451 1
51462 0
51471 1
51476 1
51480 1
51491 0
51494 0
51503 0
51516 1
51519 0
51525 1
51528 0
51536 1
51548 1
51555 1
51556 0
51567 0
51573 1
51580 0
51595 1
51620 1
51621 0
51636 1
51641 1
51645 0
51658 1
51663 0
51670 1
51681 1
51692 1
51693 1
51699 0
51707 1
51720 0
51735 1
51736 0
51749 1
51761 0
51766 0
51779 1
51792 0
51797 1
51799 0
51802 0
51815 0
51828 1
51841 0
51855 0
51868 0
51872 0
51874 1
51881 1
51886 0
51901 1
51905 1
51918 0
51927 0
51933 0
51945 0
51958 1
51965 0
51977 1
51983 0
51994 1
51995 0
52010 1
52012 1
52023 0
52029 1
52036 0
52045 0
52057 0
52061 1
52064 0
52066 1
52073 0
52075 0
52082 0
52095 1
52098 1
52106 0
52114 1
52121 0
52143 0
52150 0
52152 0
52161 0
52164 1
52177 1
52178 1
52179 0
52182 0
52186 0
52192 1
52197 1
52199 1
52203 0
52207 1
52218 1
52223 1
52232 0
52238 0
52251 0
52254 0
52269 0
52278 1
52281 0
52283 1
52294 0
52309 0
52312 0
52324 0
52339 0
52354 0
52360 1
52371 1
52384 0
52397 0
52399 1
52402 0
52416 0
52424 0
52430 0
52437 0
52448 1
52451 1
52455 0
52459 1
52466 0
52471 0
52473 0
52481 1
52487 0
52488 0
52500 0
52514 1
52525 1
52526 1
52537 0
52544 1
52549 0
52562 0
52569 1
52580 0
52593 0
52596 0
52603 0
52608 1
52615 1
52622 0
52631 0
52635 1
52648 1
52663 1
52669 1
52674 0
52675 1
52687 1
52699 0
52702 0
52728 1
52730 0
52732 1
52738 1
52747 0
52759 1
52773 1
52787 1
52802 0
52813 0
52825 0
52826 1
52833 1
52834 0
52845 1
52854 0
52871 1
52880 0
52884 0
52892 1
52900 0
52915 0
52918 0
52919 0
52932 1
52937 0
52950 0
52961 0
52968 0
52969 1
52974 1
52976 0
52977 1
52983 0
52991 1
52997 1
53002 0
53004 0
53006 0
53009 1
53020 0
53026 0
53032 0
53038 1
53040 1
53049 1
53055 1
53068 1
53077 0
53083 0
53092 0
53094 1
53108 0
53121 1
53125 0
53130 0
53137 1
53143 0
53148 0
53150 1
53153 1
53167 1
53181 1
53188 1
53202 1
53211 1
53219 0
53233 1
53236 1
53237 0
53250 0
53252 1
53257 1
53259 1
53282 0
53297 1
53308 0
53312 0
53326 1
53340 1
53347 1
53360 1
53371 1
53379 1
53386 1
53395 0
53402 0
53406 1
53408 0
53417 1
53431 1
53442 1
53451 1
53459 1
53461 1
53472 1
53481 1
53488 0
53499 0
53501 1
53507 0
53513 1
53526 1
53531 0
53534 0
53549 0
53552 1
53558 0
53561 0
53568 1
53583 0
53594 0
53606 1
53609 0
53610 1
53623 1
53626 1
53645 1
53659 0
53663 1
53678 1
53679 0
53691 1
53694 0
53706 0
53716 0
53729 1
53737 0
53751 0
53760 0
53766 1
53777 0
53786 0
53793 1
53794 1
53799 0
53811 0
53812 0
53819 1
53825 1
53830 0
53842 1
53853 0
53867 0
53875 1
53883 1
53894 0
53897 1
53911 1
53920 1
53928 0
53935 0
53942 1
53946 0
53954 1
53969 0
53971 1
53986 1
53987 1
54001 1
54009 0
54014 1
54015 0
54028 1
54040 1
54042 1
54050 0
54063 1
54074 0
54087 1
54091 0
54100 1
54108 0
54109 1
54121 1
54133 1
54145 1
54153 0
54156 0
54157 0
54161 1
54175 1
54183 0
54189 1
54203 1
54204 1
54212 0
54219 0
54220 0
54234 1
54247 0
54256 0
54271 0
54277 1
54282 1
54283 0
54294 1
54306 1
54314 1
54323 1
54327 1
54334 0
54342 0
54356 0
54362 1
54373 0
54375 0
54388 0
54389 1
54392 1
54393 1
54399 1
54400 0
54408 1
54412 0
54417 0
54423 1
54424 0
54427 1
54430 1
54445 0
54459 0
54463 0
54478 1
54493 1
54494 0
54508 1
54521 0
54528 1
54540 1
54543 0
54557 1
54559 1
54571 1
54578 0
54585 1
54599 1
54610 1
54625 1
54630 0
54651 1
54657 1
54659 1
54665 1
54671 1
54672 1
54687 1
54694 1
54706 1
54710 0
54712 0
54719 0
54733 0
54736 1
54748 0
54756 0
54759 1
54770 1
54781 1
54785 0
54788 0
54793 0
54796 0
54807 0
54818 0
54830 0
54838 0
54843 0
54846 1
54859 0
54866 1
54872 0
54887 0
54894 1
54909 0
54918 0
54926 0
54927 0
54933 1
54940 0
54953 1
54965 0
54979 0
54983 0
54984 1
54995 1
55001 1
55008 0
55014 0
55016 1
55028 1
55029 0
55042 1
55053 0
55055 1
55064 1
55068 1
55076 1
55079 1
55090 1
55103 0
55114 0
55125 1
55131 0
55142 0
55147 0
55162 0
55163 0
55172 0
55184 1
55190 1
55191 1
55206 0
55208 0
55215 0
55224 1
55227 1
55235 1
55239 1
55250 0
55258 1
55267 1
55272 0
55274 0
55286 1
55298 0
55309 1
55310 0
55325 1
55333 1
55339 1
55352 0
55354 1
55365 1
55377 1
55384 1
55396 0
55403 1
55418 1
55422 0
55435 1
55440 0
55441 1
55443 0
55458 0
55472 1
55475 0
55489 1
55504 0
55507 0
55509 1
55521 0
55526 0
55545 0
55548 1
55550 0
55561 1
55566 1
55581 1
55594 1
55597 0
55603 0
55607 1
55621 1
55625 0
55629 1
55642 1
55644 0
55655 1
55660 0
55662 0
55676 0
55685 1
55694 1
55707 0
55708 1
55713 1
55725 1
55728 1
55731 1
55737 1
55740 0
55755 1
55768 0
55776 0
55784 1
55795 1
55806 1
55819 0
55821 1
55825 1
55852 0
55866 1
55869 1
55876 1
55882 1
55897 1
55906 1
55908 1
55922 0
55924 0
55936 0
55944 0
55957 1
55966 1
55968 0
55972 1
55980 1
55991 1
56005 0
56013 0
56022 0
56030 1
56036 1
56050 1
56056 0
56057 0
56062 0
56066 0
56077 1
56082 1
56087 0
56093 0
56100 0
56105 1
56113 1
56115 1
56121 1
56122 0
56136 0
56137 1
56148 0
56152 1
56167 1
56174 0
56180 1
56185 1
56189 0
56198 0
56213 1
56224 1
56237 0
56249 0
56263 0
56269 1
56272 0
56280 0
56292 0
56294 0
56296 1
56301 1
56308 1
56320 0
56326 1
56332 0
56343 0
56349 1
56360 0
56372 0
56373 0
56382 1
56387 1
56399 0
56410 1
56417 0
56428 0
56439 1
56440 1
56451 1
56460 1
56472 0
56473 1
56479 0
56492 1
56498 0
56510 1
56523 0
56538 0
56541 0
56548 1
56560 0
56569 1
56578 0
56593 0
56598 0
56609 1
56618 1
56629 1
56633 0
56648 1
56650 1
56658 0
56661 0
56674 0
56678 0
56693 1
56702 1
56705 1
56708 1
56716 1
56721 1
56732 0
56734 1
56749 1
56760 1
56772 1
56778 0
56780 0
56785 1
56788 1
56789 1
56804 1
56811 0
56816 0
56817 1
56822 0
56824 1
56839 0
56846 1
56848 0
56862 0
56874 1
56885 1
56894 1
56896 1
56902 1
56917 1
56922 0
56934 1
56941 0
56945 0
56956 0
56970 1
56972 0
56977 1
56985 1
57000 1
57003 0
57009 1
57018 0
57020 1
57026 0
57037 1
57048 0
57062 0
57063 1
57069 0
57072 1
57085 1
57091 0
57109 1
57112 1
57127 1
57132 0
57145 0
57159 1
57162 0
57166 0
57167 1
57168 0
57175 1
57182 1
57197 1
57206 0
57213 0
57224 1
57233 1
57241 0
57242 0
57265 0
57276 0
57282 0
57295 1
57297 0
57300 0
57307 1
57319 1
57324 1
57331 0
57337 1
57349 0
57355 0
57367 0
57370 1
57385 1
57388 0
57393 0
57397 0
57410 1
57424 0
57430 0
57432 1
57443 0
57446 0
57451 1
57455 1
57466 0
57469 1
57481 0
57486 0
57494 0
57498 0
57505 0
57514 0
57528 1
57540 1
57554 0
57569 0
57573 0
57580 0
57589 1
57603 0
57608 0
57609 1
57610 0
57622 1
57633 0
57636 0
57637 1
57652 1
57661 1
57670 0
57678 1
57683 0
57685 0
57690 0
57704 1
57705 0
57707 1
57718 1
57719 0
57726 1
57731 1
57745 0
57759 0
57771 1
57772 1
57775 1
57778 0
57780 1
57784 1
57796 1
57802 0
57804 1
57817 0
57826 1
57841 0
57853 1
57861 0
57886 0
57894 1
57908 1
57912 1
57919 1
57928 0
57954 0
57962 1
57963 1
57971 0
57985 0
57997 1
58008 0
58021 0
58034 1
58040 0
58046 1
58058 1
58069 1
58071 1
58083 0
58087 0
58102 1
58111 0
58124 0
58137 0
58139 0
58140 0
58141 0
58154 1
58167 0
58170 1
58183 0
58195 0
58202 0
58207 0
58208 0
58211 0
58220 0
58222 0
58231 0
58232 0
58243 0
58256 0
58257 0
58261 0
58272 1
58280 0
58287 1
58291 0
58292 0
58307 1
58320 1
58327 0
58332 0
58343 0
58345 1
58356 0
58364 0
58379 0
58388 1
58393 0
58396 0
58404 1
58408 0
58422 0
58437 0
58440 1
58451 1
58462 1
58476 0
58482 1
58504 1
58515 0
58521 1
58530 0
58534 0
58540 1
58551 1
58565 0
58568 1
58570 0
58572 0
58585 1
58587 0
58600 1
58604 0
58611 1
58613 0
58618 1
58631 1
58639 0
58642 1
58643 0
58651 1
58660 0
58665 1
58669 1
58680 1
58689 0
58703 1
58711 0
58715 0
58730 0
58736 1
58739 1
58752 0
58754 1
58755 1
58761 1
58776 0
58783 1
58795 0
58802 1
58807 1
58820 0
58832 1
58845 1
58860 1
58871 1
58883 1
58888 1
58895 0
58897 1
58902 0
58932 0
58934 0
58947 0
58953 1
58968 0
58974 1
58979 1
58990 0
58994 1
58998 0
59003 1
59004 0
59012 0
59015 1
59019 1
59040 0
59041 0
59049 1
59065 0
59079 1
59081 1
59088 1
59103 0
59105 0
59112 1
59126 1
59135 0
59148 1
59153 0
59165 0
59170 0
59175 0
59178 1
59181 0
59196 0
59217 1
59226 1
59237 1
59244 0
59271 0
59278 0
59292 1
59305 1
59306 0
59317 0
59328 0
59330 1
59345 0
59359 1
59372 1
59380 0
59399 1
59412 1
59414 1
59415 1
59419 0
59423 1
59426 1
59441 1
59444 0
59458 0
59465 1
59470 1
59483 1
59496 1
59502 1
59510 1
59525 0
59536 0
59551 0
59563 0
59576 1
59580 1
59591 1
59593 0
59608 1
59622 0
59629 0
59637 0
59639 1
59642 0
59656 0
59669 0
59682 0
59694 0
59700 0
59708 0
59721 1
59732 0
59747 1
59749 1
59758 0
59772 1
59779 1
59786 0
59788 0
59797 0
59801 1
59803 0
59807 0
59814 1
59822 1
59829 0
59833 0
59844 0
59847 0
59860 1
59866 1
59867 0
59875 0
59884 0
59895 0
59908 1
59912 1
59923 1
59931 1
59944 1
59957 0
59969 1
59975 0
59986 1
59993 0
59997 0
60002 0
60006 0
60013 1
60040 1
60048 0
60049 1
60064 0
60067 1
60079 0
60093 0
60105 1
60109 0
60116 1
60121 0
60122 0
60133 0
60145 0
60159 1
60163 0
60171 1
60186 0
60198 0
60200 0
60214 1
60222 0
60229 1
60242 0
60257 0
60262 0
60277 0
60280 0
60291 0
60292 0
60295 0
60298 0
60306 0
60315 0
60329 0
60334 1
60335 1
60342 0
60356 1
60362 0
60365 0
60370 1
60372 0
60374 0
60382 0
60396 1
60407 0
60414 0
60429 0
60431 1
60442 0
60443 0
60448 0
60452 1
60464 1
60475 0
60476 1
60491 1
60502 0
60505 0
60511 0
60515 1
60530 1
60539 0
60541 0
60547 0
60549 0
60554 0
60563 1
60577 0
60581 0
60596 1
60608 0
60614 0
60628 0
60629 0
60633 1
60647 1
60654 1
60666 1
60672 1
60687 0
60694 1
60702 1
60710 1
60714 1
60717 1
60729 0
60740 1
60753 0
60765 0
60770 0
60777 1
60792 1
60799 0
60807 1
60810 1
60821 0
60827 0
60841 1
60844 1
60849 0
60860 1
60875 0
60882 1
60887 1
60892 0
60906 0
60915 0
60921 0
60925 0
60932 1
60947 1
60956 0
60958 1
60963 0
60976 0
60978 1
60984 0
60991 1
60992 0
61005 1
61010 0
61017 0
61018 0
61022 1
61037 1
61052 1
61067 1
61076 1
61091 0
61092 1
61104 0
61112 1
61115 0
61130 1
61143 1
61150 0
61157 1
61158 0
61160 0
61171 1
61175 1
61189 0
61203 0
61218 0
61229 0
61230 0
61231 0
61246 0
61249 0
61261 0
61268 0
61276 1
61283 0
61289 1
61300 1
61306 1
61311 0
61313 0
61322 0
61334 1
61345 1
61348 0
61353 1
61354 0
61358 1
61371 1
61372 1
61386 1
61397 1
61399 0
61414 0
61429 0
61433 0
61441 1
61448 1
61451 0
61457 0
61470 0
61472 1
61486 0
61491 0
61495 0
61503 0
61511 0
61514 0
61522 1
61533 1
61545 0
61557 1
61568 1
61569 1
61575 1
61578 0
61593 0
61602 0
61610 1
61615 0
61629 0
61635 1
61636 1
61645 0
61648 0
61654 0
61669 1
61676 1
61682 0
61688 0
61702 1
61704 1
61711 1
61722 1
61735 1
61747 0
61756 0
61765 1
61771 0
61795 0
61809 1
61813 1
61814 0
61817 0
61818 1
61832 1
61835 0
61843 1
61856 1
61864 1
61867 1
61875 1
61886 0
61900 1
61912 0
61919 1
61934 1
61941 0
61953 1
61965 0
61977 0
61991 1
61996 1
62005 0
62018 0
62027 0
62031 1
62043 1
62052 1
62056 0
62069 0
62084 1
62088 0
62099 1
62112 0
62119 0
62128 0
62140 0
62145 1
62156 0
62168 0
62183 0
62194 0
62199 1
62205 0
62211 1
62212 0
62226 1
62238 1
62249 1
62261 1
62269 0
62275 0
62287 1
62288 1
62296 1
62297 1
62309 1
62313 1
62321 0
62335 0
62340 0
62351 0
62365 1
62377 0
62385 0
62396 0
62402 0
62417 1
62423 1
62428 1
62431 0
62436 1
62447 1
62449 0
62460 1
62463 1
62469 0
62477 0
62484 0
62492 0
62497 0
62506 1
62518 0
62523 1
62526 1
62539 0
62550 0
62562 1
62574 1
62587 0
62592 1
62599 1
62602 0
62607 1
62613 1
62620 1
62632 0
62639 1
62647 0
62656 1
62667 1
62678 0
62692 0
62694 1
62707 0
62716 0
62721 0
62724 1
62739 1
62750 0
62758 1
62762 0
62771 1
62783 0
62787 0
62795 0
62799 0
62800 1
62802 0
62804 0
62816 0
62833 1
62840 0
62853 1
62862 0
62869 0
62882 1
62893 1
62908 0
62910 1
62915 0
62923 1
62930 0
62937 0
62942 0
62944 0
62950 0
62958 1
62973 0
62974 1
62989 0
62998 1
63004 0
63015 1
63016 1
63020 1
63021 1
63029 0
63037 1
63039 0
63048 1
63060 1
63069 0
63077 0
63080 1
63085 1
63096 1
63104 1
63113 1
63124 1
63133 0
63146 0
63151 1
63152 1
63161 1
63176 0
63191 1
63202 0
63204 1
63218 0
63237 0
63248 0
63261 1
63274 1
63289 0
63298 1
63306 0
63320 0
63328 0
63340 1
63352 0
63363 0
63367 0
63373 1
63378 1
63386 1
63389 1
63391 0
63406 1
63420 0
63423 0
63432 0
63446 1
63451 1
63466 0
63477 1
63478 1
63483 1
63484 1
63486 0
63499 0
63507 0
63520 0
63532 0
63537 1
63546 1
63547 0
63550 0
63553 0
63559 1
63573 1
63576 1
63578 0
63591 1
63597 1
63609 1
63610 1
63616 0
63621 0
63622 1
63636 1
63644 1
63645 1
63651 1
63655 0
63667 1
63682 1
63695 0
63707 0
63719 0
63723 1
63734 0
63745 0
63759 0
63762 1
63766 0
63769 0
63774 0
63779 1
63781 1
63789 1
63794 0
63796 1
63808 1
63814 0
63816 0
63819 0
63832 1
63839 1
63843 1
63847 0
63856 1
63869 0
63871 1
63876 1
63878 1
63887 0
63899 0
63905 0
63914 1
63929 0
63941 0
63946 1
63959 0
63976 1
63987 1
63989 0
64000 0
64014 1
64017 0
64032 0
64035 1
64047 1
64050 0
64051 0
64060 1
64073 1
64084 0
64092 1
64098 1
64113 0
64119 0
64133 1
64144 0
64149 0
64151 1
64158 1
64170 0
64184 0
64197 1
64199 0
64204 0
64209 0
64213 1
64227 0
64238 0
64250 1
64261 0
64269 1
64278 0
64293 1
64304 0
64315 0
64321 1
64328 0
64334 0
64349 1
64354 0
64355 1
64358 1
64369 0
64373 1
64377 1
64382 0
64397 0
64399 1
64410 0
64422 0
64435 1
64443 1
64448 1
64454 1
64466 0
64478 1
64490 1
64496 1
64504 0
64518 1
64522 1
64528 1
64535 0
64546 1
64554 0
64567 1
64581 1
64588 0
64597 0
64612 1
64613 1
64617 0
64632 1
64637 0
64645 1
64649 1
64661 1
64664 0
64673 0
64679 1
64688 1
64703 0
64718 0
64731 1
64744 0
64759 0
64765 0
64778 1
64791 1
64794 1
64798 1
64812 1
64825 1
64836 0
64848 1
64849 1
64858 0
64866 0
64880 1
64891 0
64894 0
64898 1
64903 0
64916 0
64919 0
64924 0
64927 0
64940 1
64948 0
64949 0
64954 0
64963 1
64971 1
64984 1
64995 1
65004 0
65008 1
65011 1
65018 1
65027 0
65031 1
65039 0
65051 1
65065 0
65080 0
65093 1
65104 1
65117 0
65118 0
65123 0
65138 1
65147 0
65150 0
65158 1
65161 0
65174 1
65177 1
65188 1
65196 0
65204 1
65216 1
65225 0
65227 1
65228 1
65248 1
65254 1
65265 0
65274 1
65282 0
65294 0
65296 0
65302 1
65311 0
65327 1
65329 1
65344 1
65353 0
65355 1
65356 1
65370 0
65371 1
65385 1
65387 1
65402 1
65416 1
65421 0
65424 1
65438 0
65443 0
65452 1
65455 0
65464 0
65475 1
65487 1
65489 0
65492 0
65506 1
65512 1
65524 1
65536 1
65542 0
65544 1
65558 0
65567 1
65575 0
65583 0
65588 1
65597 1
65601 1
65609 0
65624 1
65639 0
65647 1
65660 1
65663 1
65676 1
65689 0
65695 0
65697 0
65711 0
65722 1
65737 0
65746 1
65749 0
65763 0
65776 1
65782 1
65788 0
65789 1
65790 0
65791 0
65794 0
65803 1
65815 1
65822 1
65831 0
65838 0
65849 1
65852 0
65857 1
65860 0
65863 1
65868 1
65880 1
65894 0
65897 0
65904 0
65908 0
65916 1
65931 1
65937 1
65944 0
65958 0
65959 1
65963 1
65982 1
65996 1
66005 1
66014 1
66018 1
66020 1
66026 1
66041 1
66046 1
66051 1
66063 1
66070 0
66078 0
66083 0
66097 1
66109 0
66122 0
66137 0
66139 0
66151 0
66160 0
66165 1
66168 1
66181 1
66194 1
66203 0
66207 0
66221 1
66233 0
66245 0
66248 1
66262 1
66268 1
66274 0
66280 0
66292 1
66307 0
66309 1
66322 0
66334 1
66341 0
66352 1
66353 0
66354 0
66367 0
66370 0
66391 1
66393 0
66400 1
66411 1
66421 0
66436 1
66437 1
66441 0
66443 0
66458 0
66472 0
66476 0
66478 1
66490 0
66498 1
66509 1
66521 0
66534 1
66546 0
66561 0
66565 0
66570 1
66578 0
66581 1
66585 1
66598 0
66612 0
66620 0
66621 0
66622 1
66624 0
66628 0
66631 1
66633 0
66645 0
66658 1
66671 1
66684 1
66686 0
66697 1
66701 1
66706 1
66717 0
66723 1
66730 0
66734 0
66759 0
66768 1
66783 1
66797 0
66803 1
66806 1
66808 0
66820 0
66831 0
66834 0
66836 1
66839 0
66853 0
66856 1
66870 0
66878 1
66883 0
66894 1
66905 1
66911 1
66917 1
66919 1
66924 0
66928 0
66943 0
66958 1
66966 1
66967 1
66976 0
66982 0
66995 1
67009 0
67010 0
67014 1
67016 1
67031 0
67034 1
67047 0
67058 0
67059 1
67061 1
67066 0
67072 1
67084 1
67093 1
67107 1
67112 1
67125 0
67138 1
67140 0
67141 1
67149 0
67152 0
67161 0
67176 0
67191 0
67192 0
67201 1
67216 1
67223 0
67238 1
67249 1
67261 1
67270 0
67273 1
67286 0
67302 0
67309 0
67317 1
67325 1
67331 0
67343 0
67355 0
67362 0
67375 0
67380 0
67385 0
67398 1
67406 0
67411 0
67413 0
67424 0
67430 1
67433 1
67436 0
67450 0
67459 1
67461 1
67472 1
67481 1
67490 0
67492 1
67496 1
67507 0
67526 1
67527 0
67538 1
67545 1
67549 0
67554 0
67568 0
67571 1
67584 0
67596 1
67599 1
67600 1
67603 1
67608 0
67622 1
67625 0
67630 1
67645 0
67646 1
67648 0
67651 0
67666 0
67680 0
67684 0
67693 1
67701 0
67702 0
67709 0
67712 1
67716 0
67723 1
67743 1
67757 1
67772 0
67774 1
67789 1
67794 0
67795 0
67807 1
67818 1
67827 0
67842 1
67847 0
67856 0
67871 0
67877 1
67879 0
67892 0
67898 0
67906 1
67911 1
67925 0
67926 0
67932 1
67935 1
67949 1
67960 1
67967 0
67986 0
68000 0
68007 1
68016 0
68024 1
68025 0
68038 0
68047 0
68050 0
68058 0
68059 1
68061 1
68070 1
68085 1
68090 0
68110 1
68119 1
68122 1
68124 1
68136 0
68142 0
68143 1
68151 0
68154 1
68166 1
68173 1
68176 1
68189 0
68191 0
68203 0
68206 1
68215 0
68228 0
68234 0
68246 0
68258 0
68265 0
68267 1
68280 0
68281 1
68282 0
68293 0
68296 0
68297 0
68308 1
68315 0
68321 0
68332 1
68341 1
68344 0
68348 1
68352 1
68360 1
68373 1
68379 0
68393 0
68402 1
68416 1
68424 0
68428 0
68430 1
68444 0
68447 0
68461 1
68463 1
68475 0
68490 0
68493 1
68497 1
68502 0
68503 1
68504 1
68517 1
68518 1
68525 0
68527 1
68538 1
68546 0
68561 1
68568 1
68572 1
68579 1
68587 1
68595 0
68604 0
68606 0
68618 1
68624 1
68635 0
68648 1
68661 1
68674 1
68688 1
68703 1
68710 0
68719 1
68731 0
68746 0
68750 0
68762 0
68773 1
68776 1
68779 0
68791 1
68803 0
68812 0
68823 0
68832 1
68837 1
68844 1
68848 1
68861 1
68863 0
68867 1
68871 1
68878 0
68889 1
68894 0
68895 0
68896 1
68899 0
68910 0
68919 0
68921 1
68922 0
68924 1
68931 1
68936 1
68943 1
68956 0
68969 0
68977 1
68991 0
68997 0
69002 1
69005 0
69020 1
69021 0
69035 0
69042 1
69057 0
69063 1
69065 1
69070 0
69084 0
69088 1
69103 0
69105 1
69120 0
69132 1
69133 0
69144 0
69147 0
69154 1
69158 0
69167 1
69180 0
69193 0
69197 0
69212 0
69227 1
69231 1
69243 1
69244 1
69250 1
69257 1
69264 0
69273 0
69282 1
69295 1
69297 1
69304 1
69306 1
69319 0
69326 0
69330 1
69345 0
69357 0
69365 1
69370 1
69374 0
69382 0
69388 0
69402 1
69408 0
69410 0
69426 0
69435 0
69441 0
69449 0
69454 1
69457 1
69468 0
69482 0
69490 1
69506 0
69508 0
69523 1
69524 0
69525 1
69528 0
69541 1
69544 0
69550 0
69559 1
69561 1
69574 1
69578 1
69583 1
69588 1
69595 0
69596 1
69604 1
69606 0
69613 0
69617 1
69625 0
69628 0
69630 0
69637 0
69639 0
69645 1
69658 0
69673 1
69676 0
69685 1
69696 0
69710 0
69715 1
69722 1
69736 0
69739 1
69742 1
69755 1
69766 1
69771 1
69776 0
69785 0
69798 1
69800 1
69802 1
69815 0
69824 1
69837 1
69842 0
69844 0
69848 1
69852 0
69861 1
69868 1
69873 0
69876 1
69881 0
69902 1
69917 1
69931 0
69945 0
69959 0
69972 0
69979 0
69981 0
69988 0
69993 0
69998 1
70006 1
70010 1
70017 1
70032 0
70039 0
70045 0
70056 0
70070 1
70073 1
70077 1
70083 1
70089 1
70093 1
70100 0
70120 0
70121 0
70130 1
70152 1
70165 1
70168 0
70181 1
70189 0
70201 0
70206 1
70215 0
70229 1
70230 0
70241 1
70256 1
70264 0
70265 0
70279 1
70291 0
70293 1
70294 1
70303 0
70305 0
70310 0
70314 1
70322 1
70334 1
70346 1
70355 0
70362 1
70377 0
70378 1
70382 1
70396 0
70398 1
70412 1
70427 1
70436 0
70441 1
70455 0
70461 0
70476 1
70482 1
70490 1
70498 0
70509 0
70512 0
70516 0
70519 1
70525 1
70530 1
70539 1
70543 0
70555 0
70559 0
70562 1
70564 1
70571 1
70582 1
70597 1
70606 0
70614 0
70626 0
70632 0
70644 1
70648 0
70649 1
70652 1
70666 1
70681 0
70686 0
70687 1
70692 1
70699 0
70714 0
70725 1
70736 1
70750 1
70757 0
70758 0
70773 0
70778 1
70791 0
70792 1
70806 0
70821 1
70826 1
70840 0
70842 0
70849 0
70857 0
70868 0
70871 1
70877 0
70890 0
70895 1
70899 0
70907 1
70918 0
70920 1
70926 1
70929 1
70935 0
70944 0
70951 1
70959 1
70961 1
70968 1
70977 1
70992 1
71000 1
71004 1
71009 0
71021 0
71033 1
71035 0
71038 1
71053 1
71070 0
71083 0
71087 0
71092 1
71093 0
71095 0
71096 0
71099 1
71108 1
71115 0
71123 0
71131 1
71148 1
71150 0
71156 1
71158 0
71163 0
71172 0
71176 1
71181 0
71189 0
71204 0
71208 1
71211 1
71218 1
71225 0
71231 0
71245 0
71249 1
71257 1
71265 1
71272 0
71283 0
71289 1
71295 1
71304 1
71305 0
71309 1
71314 0
71321 0
71334 0
71341 0
71346 1
71350 0
71357 1
71365 1
71368 1
71380 0
71389 0
71390 0
71398 0
71407 1
71415 0
71419 0
71421 0
71430 1
71435 0
71439 0
71450 1
71463 0
71475 0
71490 1
71496 1
71505 0
71520 0
71527 0
71541 1
71544 1
71551 0
71578 1
71589 0
71592 1
71593 1
71596 1
71611 0
71617 0
71631 0
71645 0
71652 1
71656 1
71660 1
71672 1
71678 0
71683 1
71696 1
71704 0
71717 0
71724 0
71736 0
71750 1
71764 0
71766 0
71767 1
71772 1
71777 1
71789 1
71801 0
71816 1
71830 1
71844 0
71845 0
71846 1
71857 0
71876 1
71880 0
71894 0
71906 1
71912 1
71914 1
71923 1
71930 1
71943 0
71954 0
71968 0
71981 0
71986 0
72000 1
72015 0
72019 0
72032 1
72036 1
72040 0
72043 1
72044 0
72056 0
72071 0
72072 0
72077 1
72083 1
72087 1
72098 0
72101 1
72112 1
72116 0
72117 0
72124 1
72137 1
72142 0
72146 1
72157 0
72158 1
72173 0
72181 0
72184 1
72193 0
72205 1
72209 1
72220 1
72227 1
72232 0
72238 1
72246 0
72255 0
72263 0
72276 1
72290 0
72296 1
72299 0
72307 0
72313 0
72314 1
72316 1
72330 0
72331 1
72334 0
72335 1
72343 0
72344 1
72347 1
72359 0
72360 0
72374 0
72377 0
72386 1
72391 1
72392 0
72407 1
72412 1
72418 1
72421 1
72426 0
72432 1
72434 1
72443 1
72446 0
72457 0
72468 1
72483 1
72490 1
72495 1
72502 1
72504 1
72511 0
72515 1
72527 1
72540 0
72547 1
72561 1
72573 1
72579 0
72582 0
72597 0
72609 1
72610 0
72617 1
72623 0
72644 1
72655 1
72670 1
72675 1
72680 1
72686 1
72697 0
72712 0
72719 0
72733 1
72737 1
72738 0
72746 1
72755 1
72766 0
72774 0
72781 1
72807 0
72811 0
72819 0
72832 1
72839 0
72853 0
72858 0
72859 0
72872 0
72884 1
72892 0
72901 1
72908 1
72923 0
72931 0
72946 1
72960 0
72966 1
72988 1
73001 1
73009 1
73018 0
73032 0
73046 1
73049 0
73054 0
73055 0
73059 0
73063 1
73077 0
73080 1
73081 0
73085 1
73089 1
73092 0
73104 1
73108 0
73113 0
73125 1
73134 1
73140 1
73144 0
73158 1
73163 1
73178 1
73180 0
73192 1
73204 0
73206 0
73210 0
73225 0
73232 1
73239 1
73247 0
73261 0
73269 1
73275 1
73277 0
73292 1
73307 0
73308 1
73322 1
73330 0
73339 1
73344 0
73347 0
73353 1
73364 0
73365 0
73366 0
73374 1
73386 0
73394 0
73409 1
73418 0
73426 1
73433 0
73447 1
73460 1
73472 1
73487 0
73496 0
73502 0
73507 1
73516 0
73531 1
73536 1
73539 1
73542 0
73550 0
73563 0
73578 0
73590 0
73593 1
73597 0
73610 1
73619 1
73620 1
73621 0
73633 1
73638 1
73641 0
73654 0
73665 0
73680 1
73681 1
73683 0
73690 0
73703 1
73714 0
73722 0
73728 0
73733 1
73744 0
73759 1
73771 0
73776 0
73778 1
73791 1
73798 1
73812 1
73821 0
73825 1
73840 0
73843 0
73854 1
73858 0
73862 0
73873 0
73881 1
73889 0
73899 0
73907 0
73916 1
73929 0
73935 0
73940 0
73947 1
73961 1
73974 0
73980 0
73982 1
73986 1
73987 1
73993 0
73995 1
74006 1
74010 1
74024 1
74029 0
74043 1
74058 0
74071 1
74080 1
74086 0
74087 1
74095 1
74104 0
74113 0
74126 0
74139 1
74144 0
74156 1
74168 1
74171 1
74172 1
74184 0
74188 1
74190 0
74193 1
74198 1
74211 0
74224 1
74233 0
74257 0
74260 0
74274 1
74276 0
74291 0
74298 1
74325 1
74331 1
74346 0
74359 0
74363 1
74366 1
74372 0
74383 1
74391 0
74404 1
74412 1
74424 1
74432 1
74435 0
74448 0
74463 0
74477 1
74492 1
74506 0
74514 1
74529 1
74543 1
74557 1
74562 0
74563 1
74570 1
74577 0
74584 1
74597 1
74600 1
74614 1
74626 0
74640 0
74641 1
74643 0
74655 0
74661 0
74674 0
74680 1
74687 0
74695 1
74703 1
74710 1
74722 1
74734 1
74735 0
74737 0
74743 1
74744 0
74752 0
74765 0
74766 1
74769 1
74778 1
74792 0
74806 1
74819 0
74833 1
74840 1
74845 1
74860 1
74875 1
74889 0
74903 1
74916 0
74924 1
74929 1
74942 1
74944 1
74946 0
74957 1
74968 0
74977 0
74978 1
74992 1
74999 0
75013 1
75022 0
75045 0
75049 1
75062 0
75090 0
75091 1
75096 1
75099 1
75104 0
75117 1
75125 1
75130 1
75139 0
75143 0
75147 0
75150 1
75159 0
75171 0
75184 1
75193 1
75202 1
75209 0
75215 1
75231 1
75237 0
75240 0
75249 0
75262 1
75264 0
75271 0
75273 0
75286 0
75298 0
75304 0
75319 1
75331 1
75342 0
75344 1
75355 0
75361 1
75374 1
75389 0
75404 1
75410 1
75422 0
75423 1
75427 0
75430 0
75439 1
75442 1
75448 1
75457 1
75463 1
75475 0
75482 1
75483 0
75488 0
75491 0
75495 1
75507 0
75524 1
75529 0
75531 0
75533 0
75542 1
75546 0
75553 0
75560 1
75567 0
75581 0
75584 1
75593 0
75608 0
75617 0
75620 1
75625 1
75629 0
75634 0
75645 0
75658 0
75663 1
75671 0
75683 0
75687 1
75694 1
75702 0
75707 1
75720 1
75721 0
75728 0
75729 1
75740 1
75742 0
75756 1
75761 1
75772 1
75776 0
75785 1
75791 0
75792 0
75807 0
75816 0
75828 1
75841 0
75849 1
75858 1
75863 0
75880 0
75887 1
75891 1
75896 1
75909 1
75915 0
75918 1
75926 0
75932 0
75938 1
75941 1
75947 0
75960 0
75962 0
75966 1
75975 1
75976 0
75984 1
75997 1
75999 0
76012 1
76020 1
76026 1
76027 1
76036 0
76048 0
76061 0
76062 1
76076 1
76080 0
76081 1
76095 1
76099 1
76106 1
76112 1
76120 1
76129 0
76136 0
76145 1
76161 1
76172 1
76180 0
76194 0
76200 1
76212 1
76213 0
76217 0
76230 0
76235 1
76239 1
76245 1
76248 0
76249 1
76261 1
76265 0
76270 0
76276 1
76278 0
76290 1
76303 1
76318 0
76323 1
76331 1
76332 1
76340 1
76345 0
76358 0
76366 0
76368 0
76370 0
76384 1
76395 1
76396 1
76397 0
76399 1
76404 1
76410 1
76417 0
76422 1
76436 0
76441 0
76447 1
76459 1
76470 0
76474 1
76488 1
76497 0
76503 0
76510 0
76512 1
76523 0
76526 1
76541 0
76547 0
76553 0
76558 1
76560 0
76569 0
76576 1
76604 0
76616 1
76617 1
76619 1
76631 0
76642 1
76647 0
76656 1
76661 1
76668 0
76673 0
76676 0
76687 0
76692 0
76700 1
76705 1
76712 0
76716 0
76723 0
76736 1
76750 0
76761 0
76769 1
76780 1
76794 0
76797 1
76802 1
76811 0
76836 1
76850 1
76858 1
76871 0
76877 0
76890 0
76897 0
76902 1
76916 1
76919 1
76931 1
76937 0
76962 0
76974 0
76986 1
76989 1
76997 0
77004 0
77009 0
77017 0
77025 0
77040 1
77046 1
77057 0
77070 1
77082 0
77087 1
77094 0
77105 0
77106 0
77115 0
77121 0
77130 1
77139 0
77142 0
77149 0
77163 1
77175 0
77188 1
77203 0
77204 1
77206 1
77207 1
77222 0
77237 0
77248 0
77260 0
77268 0
77281 0
77292 1
77306 0
77321 0
77332 0
77340 0
77342 0
77353 1
77366 1
77369 1
77374 0
77388 0
77391 1
77400 0
77414 1
77429 1
77437 1
77442 0
77450 1
77464 0
77468 0
77479 1
77491 0
77503 0
77508 0
77515 0
77516 0
77522 0
77527 1
77529 1
77531 1
77537 0
77551 0
77552 1
77556 0
77567 0
77583 0
77587 0
77592 1
77599 0
77610 1
77622 0
77630 0
77637 0
77649 1
77662 1
77669 0
77683 0
77685 0
77698 0
77706 1
77714 0
77723 0
77737 0
77746 1
77749 1
77751 1
77756 0
77759 0
77766 1
77778 0
77780 1
77782 0
77785 1
77800 1
77828 0
77829 1
77833 1
77839 0
77840 0
77855 1
77862 1
77874 0
77882 0
77887 1
77899 0
77900 0
77913 0
77928 0
77936 0
77942 0
77947 0
77955 1
77968 0
77973 1
77984 1
77986 1
77989 1
77996 0
78002 1
78003 1
78010 1
78017 0
78024 0
78033 0
78034 1
78045 1
78048 1
78051 1
78063 1
78065 0
78072 0
78076 0
78082 0
78089 0
78092 1
78096 1
78110 0
78125 0
78130 0
78131 0
78140 0
78144 0
78145 1
78158 0
78162 1
78167 1
78178 1
78190 1
78202 0
78207 0
78209 1
78222 0
78224 0
78235 0
78242 1
78253 1
78256 0
78269 1
78278 0
78289 1
78294 1
78295 0
78303 1
78310 1
78313 0
78318 0
78322 1
78337 0
78338 0
78352 1
78367 0
78381 0
78394 0
78409 0
78414 0
78420 0
78427 1
78434 1
78446 1
78458 1
78467 1
78470 1
78474 0
78479 0
78484 0
78499 0
78501 1
78503 0
78505 1
78509 0
78516 0
78527 1
78534 1
78537 1
78538 0
78546 0
78553 0
78556 0
78557 1
78562 1
78568 1
78577 1
78590 1
78593 0
78608 0
78622 1
78631 0
78634 0
78648 1
78663 1
78675 1
78689 1
78690 1
78699 0
78714 0
78725 1
78732 0
78739 1
78747 0
78750 0
78757 0
78765 1
78766 0
78777 0
78779 0
78787 1
78802 1
78803 0
78809 0
78821 0
78823 1
78827 0
78829 1
78830 0
