9740
15 1
29 1
30 1
31 1
35 1
36 1
47 1
50 1
65 0
76 1
79 0
93 1
100 0
107 1
130 1
131 0
136 1
138 0
139 1
145 1
154 0
157 0
161 0
167 0
182 0
188 1
201 0
205 0
212 0
220 1
221 1
223 0
228 1
239 1
256 0
261 1
276 0
279 1
293 1
305 1
316 1
319 1
334 1
347 0
350 1
356 1
370 0
373 1
386 0
401 1
406 1
420 1
428 0
439 0
446 1
453 1
461 0
474 0
477 0
484 0
495 1
503 0
518 0
526 0
534 1
543 1
547 0
558 1
572 0
579 0
591 0
593 0
596 0
610 0
624 0
637 0
645 1
654 0
668 1
679 0
682 0
688 1
696 0
699 1
705 0
711 0
718 1
730 1
735 1
743 0
747 0
761 0
772 0
775 0
790 1
791 0
802 0
803 0
805 0
806 0
817 1
819 1
834 0
835 0
837 0
840 1
844 1
856 1
871 1
880 0
883 1
896 1
897 0
903 0
915 0
922 1
936 0
944 1
950 1
953 1
955 1
963 0
964 0
970 1
988 1
991 1
1002 1
1017 0
1021 1
1023 1
1032 1
1044 1
1048 1
1059 1
1070 1
1082 1
1091 0
1093 1
1107 0
1108 1
1123 0
1124 0
1138 0
1146 1
1154 1
1167 0
1171 0
1173 0
1188 1
1189 1
1193 0
1195 1
1202 0
1208 0
1223 1
1225 0
1238 1
1258 1
1265 1
1270 1
1283 0
1290 1
1294 1
1308 1
1315 1
1317 1
1331 0
1340 0
1341 1
1353 0
1356 1
1362 0
1370 1
1373 1
1375 1
1388 1
1395 1
1398 0
1402 0
1408 1
1417 1
1432 0
1447 0
1456 1
1471 0
1485 1
1491 0
1506 0
1519 1
1528 0
1535 1
1542 1
1550 1
1555 1
1569 0
1575 0
1584 1
1587 0
1589 1
1603 0
1612 0
1623 0
1629 0
1635 1
1648 0
1656 0
1661 0
1662 1
1664 1
1669 1
1675 1
1681 1
1686 1
1689 1
1697 1
1708 1
1711 0
1714 1
1719 0
1727 0
1739 1
1746 1
1751 1
1759 0
1766 0
1774 1
1780 1
1795 1
1803 1
1806 1
1809 1
1815 0
1826 0
1830 0
1838 1
1853 0
1858 1
1879 0
1892 1
1907 1
1921 0
1930 0
1944 1
1950 0
1962 1
1968 1
1973 1
1979 1
1988 1
1999 0
2012 0
2016 1
2028 1
2041 0
2044 0
2047 1
2060 0
2067 1
2079 1
2083 0
2097 0
2099 0
2102 1
2107 0
2116 0
2130 1
2145 0
2158 1
2161 0
2172 1
2180 0
2186 1
2193 1
2199 1
2201 0
2207 1
2208 1
2217 0
2225 0
2234 1
2241 1
2255 0
2260 0
2269 1
2278 0
2291 0
2292 0
2305 1
2314 0
2318 1
2327 1
2339 0
2348 0
2349 1
2356 0
2361 1
2362 0
2369 0
2381 1
2385 0
2399 1
2408 0
2422 0
2435 0
2444 1
2458 0
2469 1
2471 1
2473 0
2488 1
2502 0
2503 0
2515 1
2518 1
2524 1
2528 0
2537 0
2538 1
2539 0
2543 0
2545 1
2559 1
2563 0
2576 1
2580 0
2587 1
2601 1
2614 1
2628 0
2636 0
2643 1
2654 0
2668 1
2680 1
2695 1
2702 1
2713 1
2715 0
2717 0
2730 1
2742 1
2751 1
2760 1
2763 0
2775 1
2778 1
2779 0
2793 1
2805 1
2810 0
2823 0
2838 1
2852 0
2856 0
2861 1
2869 0
2880 0
2893 1
2897 1
2909 0
2916 0
2919 0
2920 1
2927 0
2942 1
2947 0
2958 1
2960 1
2967 1
2974 0
2983 0
2996 1
3001 1
3010 1
3021 0
3033 0
3039 1
3047 0
3048 1
3050 0
3057 0
3060 0
3067 1
3071 0
3073 1
3078 1
3082 0
3093 1
3121 1
3126 0
3132 0
3137 1
3139 0
3150 1
3159 0
3168 0
3170 1
3175 1
3180 0
3182 1
3186 0
3200 0
3202 1
3211 1
3225 1
3240 1
3244 0
3258 1
3264 1
3272 1
3280 1
3283 1
3287 1
3295 1
3302 1
3304 1
3313 1
3321 0
3334 1
3342 1
3350 1
3363 0
3366 1
3369 0
3375 1
3387 1
3392 1
3396 1
3409 1
3413 1
3420 1
3432 1
3437 0
3464 0
3475 0
3486 0
3491 0
3503 1
3514 0
3516 1
3519 0
3534 0
3536 0
3541 1
3545 0
3548 1
3551 0
3559 0
3573 0
3576 1
3588 0
3602 1
3606 0
3617 1
3626 0
3629 0
3634 0
3638 1
3639 0
3646 1
3648 0
3660 0
3662 0
3666 1
3669 1
3680 1
3688 1
3693 0
3704 0
3713 1
3716 0
3739 0
3740 1
3743 0
3746 0
3759 0
3761 0
3774 0
3789 0
3791 1
3803 1
3810 1
3817 1
3819 1
3825 1
3829 1
3840 0
3847 0
3854 0
3867 1
3874 0
3881 1
3886 0
3899 0
3912 0
3916 1
3924 0
3925 0
3940 0
3943 1
3944 1
3952 1
3957 1
3959 0
3960 0
3964 0
3966 0
3969 1
3974 1
3983 1
3997 0
4003 1
4010 1
4017 0
4025 1
4028 1
4029 0
4031 1
4033 0
4048 0
4051 1
4064 1
4070 0
4079 1
4091 0
4096 0
4101 0
4114 0
4126 1
4135 0
4159 0
4165 0
4171 0
4183 1
4192 0
4199 0
4203 0
4205 1
4214 0
4221 1
4223 0
4237 0
4250 1
4265 0
4266 1
4271 1
4284 1
4298 0
4306 1
4314 1
4328 1
4335 1
4344 1
4346 0
4359 0
4370 1
4378 1
4392 0
4403 0
4418 1
4419 0
4425 1
4433 0
4436 0
4445 0
4458 0
4469 1
4470 1
4473 0
4488 1
4495 1
4501 0
4509 0
4514 1
4521 1
4529 1
4543 0
4550 1
4564 0
4572 0
4579 0
4582 1
4588 1
4594 1
4601 1
4602 1
4603 0
4615 1
4624 0
4628 1
4633 0
4660 0
4672 1
4679 0
4688 0
4693 0
4708 0
4721 1
4730 1
4739 1
4747 1
4748 1
4751 1
4763 0
4766 1
4779 1
4794 0
4805 0
4809 0
4811 1
4822 1
4831 0
4843 1
4857 1
4868 1
4880 1
4883 1
4886 0
4889 0
4890 1
4895 0
4917 0
4923 1
4936 1
4947 0
4948 1
4959 0
4972 1
4973 0
4977 1
4979 0
4992 1
4996 1
5011 1
5012 1
5017 1
5031 1
5034 0
5035 1
5047 0
5050 0
5064 0
5072 1
5079 1
5085 1
5096 1
5109 1
5120 1
5127 1
5139 1
5146 0
5157 1
5158 0
5161 0
5169 1
5173 1
5184 0
5193 0
5205 0
5219 1
5231 1
5243 1
5258 0
5265 0
5269 1
5280 0
5283 1
5288 0
5294 0
5303 0
5318 0
5321 1
5325 0
5327 1
5342 0
5354 0
5357 1
5371 1
5374 0
5388 0
5390 0
5399 1
5414 0
5417 0
5426 1
5441 0
5454 0
5457 0
5469 0
5470 0
5481 1
5489 0
5504 0
5510 1
5522 1
5530 0
5534 0
5549 1
5550 1
5552 0
5565 1
5576 1
5584 0
5595 0
5596 1
5602 1
5608 0
5621 1
5633 0
5636 0
5648 0
5651 1
5665 1
5680 1
5681 0
5694 0
5700 0
5708 0
5720 0
5732 0
5741 0
5747 0
5754 0
5769 0
5783 1
5792 1
5805 1
5808 0
5809 1
5817 1
5829 1
5846 0
5855 1
5860 1
5875 1
5884 1
5890 0
5896 0
5904 1
5915 1
5917 0
5931 1
5942 0
5949 0
5962 1
5963 1
5975 0
5989 0
5997 1
6000 0
6008 1
6017 1
6022 1
6036 1
6047 0
6060 0
6071 1
6078 0
6080 1
6081 0
6094 0
6101 0
6110 1
6123 0
6125 1
6130 0
6144 1
6147 0
6161 0
6162 1
6169 0
6184 0
6197 1
6200 0
6220 0
6228 0
6236 0
6251 0
6252 1
6265 0
6273 1
6277 0
6281 0
6294 1
6301 0
6309 1
6317 0
6330 0
6331 1
6334 0
6348 0
6357 1
6370 1
6381 1
6386 0
6397 1
6398 1
6425 0
6439 0
6454 1
6463 0
6475 0
6478 0
6493 0
6500 0
6501 1
6505 0
6513 0
6525 1
6540 1
6553 0
6556 0
6562 1
6568 1
6570 0
6583 0
6586 1
6588 1
6591 1
6600 1
6614 1
6628 1
6642 0
6654 1
6665 0
6672 0
6686 1
6693 0
6702 0
6708 1
6710 1
6724 1
6733 0
6739 0
6750 0
6762 1
6776 0
6787 1
6801 0
6807 0
6808 1
6810 1
6822 1
6829 0
6843 0
6849 0
6850 0
6853 0
6866 1
6878 0
6886 0
6897 0
6911 1
6925 1
6940 0
6943 1
6951 1
6964 0
6969 1
6983 0
6997 1
7010 0
7019 1
7043 1
7056 1
7064 1
7079 1
7080 0
7091 0
7097 0
7112 0
7121 0
7132 0
7141 1
7153 0
7157 0
7160 1
7171 1
7178 1
7183 0
7185 0
7199 0
7208 0
7212 1
7225 0
7233 1
7242 1
7248 0
7260 1
7273 1
7275 0
7290 0
7303 1
7306 1
7318 0
7319 0
7331 1
7343 0
7358 0
7372 1
7377 0
7404 1
7417 1
7418 0
7419 0
7420 1
7434 1
7443 0
7446 0
7452 1
7458 1
7478 1
7483 1
7495 0
7496 1
7510 1
7523 1
7535 1
7542 1
7550 0
7565 0
7568 0
7570 1
7574 1
7575 0
7579 0
7587 1
7588 0
7594 1
7595 1
7610 0
7614 0
7617 1
7618 0
7626 1
7634 1
7640 1
7652 0
7654 0
7667 1
7670 0
7685 0
7688 1
7689 0
7695 1
7698 1
7702 0
7707 1
7708 1
7709 0
7723 0
7738 0
7744 1
7745 0
7756 1
7771 0
7772 0
7779 0
7793 1
7799 0
7810 0
7815 0
7823 1
7836 1
7847 0
7851 0
7857 0
7869 0
7875 1
7876 1
7882 1
7894 0
7906 0
7921 1
7928 0
7929 0
7943 1
7952 1
7960 0
7979 0
7987 0
7991 0
7992 0
8003 0
8018 0
8032 0
8043 1
8056 0
8064 0
8075 1
8077 1
8079 1
8083 1
8092 1
8095 1
8107 0
8110 1
8118 0
8132 1
8151 0
8160 1
8166 1
8181 1
8196 0
8199 1
8212 1
8217 0
8245 0
8247 0
8261 0
8267 1
8280 1
8293 0
8294 1
8302 1
8311 1
8318 0
8329 1
8337 0
8348 1
8360 0
8375 0
8377 0
8382 1
8391 0
8398 1
8402 1
8413 0
8420 0
8431 1
8446 0
8458 1
8473 0
8480 1
8494 0
8508 1
8519 1
8527 1
8528 1
8541 0
8542 1
8548 0
8563 0
8572 0
8585 0
8594 0
8599 1
8610 0
8619 0
8631 0
8642 0
8647 1
8656 1
8657 1
8670 1
8684 0
8695 1
8698 0
8702 0
8711 1
8724 0
8731 1
8743 0
8767 1
8778 1
8779 0
8781 0
8785 1
8792 1
8795 0
8801 0
8815 0
8830 1
8833 0
8842 1
8853 1
8868 1
8881 1
8894 0
8908 0
8922 0
8927 1
8939 1
8942 1
8953 1
8959 0
8967 1
8972 1
8987 0
8999 0
9011 1
9025 1
9031 1
9040 1
9047 1
9059 1
9066 0
9080 0
9081 1
9094 1
9108 1
9115 1
9119 1
9124 0
9125 1
9126 1
9138 0
9152 1
9165 0
9174 0
9181 1
9192 0
9203 1
9218 1
9233 0
9238 0
9253 0
9265 0
9280 0
9295 0
9299 0
9312 0
9327 0
9335 0
9336 1
9347 1
9362 1
9369 1
9376 0
9390 0
9405 1
9417 0
9421 0
9422 1
9425 0
9430 0
9433 0
9438 1
9449 1
9454 1
9463 0
9466 0
9471 0
9472 0
9480 1
9488 0
9496 1
9509 1
9524 1
9539 1
9540 1
9544 0
9551 0
9553 1
9562 0
9568 1
9579 0
9583 0
9584 1
9592 1
9598 0
9600 1
9609 1
9615 0
9616 1
9622 0
9630 1
9644 1
9647 0
9652 0
9655 0
9666 0
9679 0
9683 0
9687 1
9700 0
9706 1
9712 1
9728 0
9739 1
9747 1
9754 1
9758 1
9767 0
9775 1
9783 1
9794 0
9808 1
9823 1
9830 0
9842 0
9846 1
9848 1
9861 0
9877 0
9883 1
9886 1
9901 0
9913 0
9916 0
9929 0
9936 0
9943 1
9944 1
9967 0
9970 1
9975 0
9987 0
9989 1
9991 1
10006 1
10020 0
10034 1
10047 1
10055 0
10061 0
10074 1
10089 0
10100 0
10115 0
10130 1
10142 1
10145 1
10152 0
10176 0
10191 1
10194 1
10199 1
10200 1
10211 0
10223 0
10230 0
10234 1
10241 1
10242 1
10250 0
10264 0
10270 1
10297 0
10312 0
10316 1
10320 1
10329 1
10342 0
10349 1
10350 1
10365 0
10367 0
10382 0
10387 1
10409 0
10416 0
10428 1
10440 1
10454 0
10456 0
10459 1
10461 0
10467 1
10469 1
10472 0
10487 0
10500 0
10508 0
10522 1
10537 0
10538 1
10550 0
10563 0
10571 1
10578 0
10592 1
10595 1
10601 0
10609 1
10614 1
10623 1
10632 0
10646 0
10653 0
10668 1
10683 0
10692 0
10698 0
10710 1
10717 0
10728 0
10735 0
10744 0
10755 1
10760 0
10766 1
10779 0
10781 0
10794 1
10801 1
10815 0
10827 1
10839 1
10847 0
10855 0
10861 1
10873 0
10874 0
10877 0
10880 0
10891 0
10896 1
10900 0
10902 1
10917 0
10932 1
10944 0
10946 1
10948 0
10949 1
10951 0
10957 1
10979 0
10985 1
11002 1
11010 0
11013 0
11022 0
11027 1
11030 1
11039 1
11051 0
11066 1
11071 0
11084 0
11086 0
11091 0
11099 1
11106 0
11113 1
11124 0
11133 0
11138 0
11147 0
11161 0
11170 1
11172 1
11184 1
11195 1
11210 1
11213 1
11215 1
11217 0
11218 1
11221 0
11233 0
11236 0
11240 0
11244 0
11250 0
11265 0
11267 0
11271 1
11275 0
11277 0
11285 0
11299 1
11313 1
11318 0
11320 1
11325 0
11336 0
11345 0
11346 0
11347 0
11350 0
11352 1
11355 1
11367 0
11378 1
11385 1
11397 1
11408 1
11412 1
11418 0
11431 1
11437 0
11449 0
11458 0
11462 0
11465 0
11477 0
11480 0
11487 0
11498 1
11502 1
11513 1
11526 1
11527 0
11540 0
11543 1
11551 1
11555 1
11563 0
11577 1
11589 1
11601 1
11608 1
11621 1
11633 0
11634 1
11646 1
11650 1
11662 0
11676 1
11677 0
11688 0
11702 1
11716 0
11717 1
11725 1
11738 1
11742 0
11745 0
11753 1
11756 1
11757 0
11758 0
11763 0
11769 1
11797 1
11809 0
11810 0
11823 1
11831 0
11834 0
11836 1
11842 1
11849 1
11858 1
11870 1
11872 1
11884 1
11889 0
11902 0
11903 1
11917 0
11924 1
11939 0
11953 1
11954 0
11958 1
11960 0
11967 1
11982 1
11995 1
12003 1
12004 1
12008 0
12022 1
12038 1
12050 1
12063 0
12070 0
12072 1
12074 1
12085 0
12097 1
12104 1
12115 1
12126 0
12134 0
12145 0
12153 1
12171 1
12186 1
12192 0
12200 1
12207 1
12208 1
12220 1
12232 0
12236 1
12239 0
12254 0
12266 0
12270 0
12278 1
12291 1
12293 1
12304 0
12311 1
12313 1
12317 0
12331 1
12332 1
12336 0
12337 0
12352 1
12359 0
12361 0
12370 0
12371 0
12383 0
12395 1
12403 1
12407 1
12411 0
12418 0
12429 1
12436 1
12437 0
12452 1
12453 1
12464 1
12465 1
12468 1
12471 1
12472 1
12483 1
12489 0
12501 1
12509 1
12512 0
12527 0
12532 1
12540 0
12554 1
12568 0
12571 0
12572 1
12574 0
12586 0
12591 1
12600 1
12601 1
12607 0
12616 0
12629 0
12635 1
12646 1
12651 1
12660 0
12662 0
12666 1
12674 0
12683 1
12686 0
12689 1
12698 1
12705 1
12709 1
12717 1
12720 1
12735 1
12744 0
12751 1
12766 1
12770 1
12771 1
12785 0
12793 0
12807 1
12816 1
12822 1
12834 1
12848 1
12851 0
12857 1
12862 1
12868 0
12876 0
12890 0
12897 1
12912 0
12924 0
12938 0
12946 1
12959 1
12964 0
12967 0
12980 1
12985 0
12993 0
12999 1
13012 1
13014 0
13029 1
13044 1
13050 0
13061 1
13073 1
13075 1
13076 1
13089 1
13092 1
13093 1
13096 0
13098 1
13111 0
13112 0
13120 1
13121 1
13129 0
13136 1
13140 0
13155 1
13158 1
13164 1
13172 0
13179 0
13184 1
13190 0
13197 0
13204 1
13215 1
13230 1
13243 0
13257 1
13262 1
13269 1
13278 1
13285 1
13300 0
13301 1
13313 0
13314 1
13321 0
13332 0
13341 1
13349 1
13361 1
13362 1
13374 1
13377 1
13379 1
13385 1
13386 1
13393 0
13419 0
13426 1
13432 0
13444 1
13446 0
13457 1
13459 0
13472 0
13474 0
13485 0
13500 1
13511 0
13517 1
13522 1
13526 0
13541 1
13547 0
13548 1
13554 0
13555 0
13567 1
13582 0
13596 0
13609 1
13621 1
13626 1
13631 1
13643 1
13652 1
13659 0
13661 0
13687 0
13689 1
13691 0
13694 1
13703 0
13710 0
13716 1
13722 0
13727 1
13740 0
13743 1
13758 0
13764 0
13772 0
13781 1
13793 0
13796 0
13797 0
13808 1
13810 1
13819 0
13827 1
13833 0
13839 1
13851 0
13854 0
13867 1
13874 0
13882 1
13889 0
13908 0
13920 0
13927 1
13954 0
13955 0
13970 0
13976 1
13983 0
13998 1
14005 1
14006 0
14011 1
14020 0
14034 1
14036 0
14048 0
14049 1
14054 0
14066 0
14067 0
14071 1
14080 1
14086 1
14087 1
14099 0
14102 0
14109 1
14121 1
14126 1
14127 1
14128 1
14129 1
14133 1
14137 0
14145 0
14146 1
14160 0
14173 1
14199 1
14202 0
14207 1
14209 1
14213 0
14226 1
14231 0
14245 0
14258 0
14266 0
14268 1
14270 1
14279 0
14288 0
14301 1
14315 1
14323 1
14328 1
14339 0
14348 0
14354 1
14366 1
14381 1
14389 1
14404 1
14407 0
14413 0
14419 1
14426 1
14430 1
14443 1
14444 1
14450 0
14465 0
14478 0
14486 1
14497 0
14511 0
14519 0
14528 1
14535 0
14540 1
14541 0
14556 0
14565 0
14567 1
14569 1
14581 0
14586 0
14600 0
14606 1
14614 1
14628 0
14637 1
14643 1
14645 0
14652 1
14664 1
14666 0
14669 1
14683 0
14687 0
14694 1
14703 0
14711 0
14722 1
14724 0
14728 0
14733 0
14738 1
14742 0
14756 0
14763 1
14771 1
14785 1
14794 0
14810 0
14824 1
14833 1
14836 1
14847 0
14856 0
14861 1
14875 0
14890 0
14897 0
14900 0
14915 1
14929 0
14935 0
14943 1
14948 0
14956 0
14958 1
14961 1
14965 0
14974 0
14977 1
14990 0
15002 1
15023 0
15026 0
15040 1
15052 0
15058 0
15066 1
15069 1
15075 0
15082 1
15097 1
15101 1
15102 1
15117 0
15118 0
15124 0
15132 0
15135 0
15146 0
15148 1
15152 1
15170 0
15182 1
15184 0
15199 1
15205 0
15214 1
15219 1
15233 0
15246 0
15247 1
15252 0
15258 0
15262 0
15277 0
15281 1
15282 0
15295 0
15308 1
15315 0
15319 1
15329 1
15335 1
15347 0
15361 0
15375 0
15390 1
15392 1
15403 1
15407 1
15413 0
15415 0
15416 0
15424 1
15432 0
15445 0
15452 1
15457 0
15470 1
15492 0
15507 0
15509 1
15520 0
15525 0
15529 0
15533 0
15544 0
15546 1
15547 1
15560 1
15563 0
15566 0
15568 1
15573 1
15574 1
15588 1
15601 1
15603 1
15612 0
15617 0
15626 1
15634 1
15647 0
15660 0
15664 1
15676 0
15677 1
15678 0
15683 0
15686 1
15700 0
15715 0
15720 1
15726 0
15739 1
15758 1
15771 0
15782 0
15789 1
15796 0
15810 0
15813 1
15828 0
15832 1
15841 0
15853 1
15858 0
15867 1
15873 1
15875 1
15890 1
15902 0
15911 1
15925 1
15926 1
15941 1
15943 0
15954 1
15965 1
15969 0
15980 1
15983 0
15997 0
15999 0
16006 0
16013 0
16019 0
16028 1
16037 0
16052 1
16064 1
16067 1
16078 0
16089 0
16091 0
16095 1
16110 1
16125 0
16128 0
16141 1
16156 0
16163 0
16168 1
16170 1
16171 0
16185 0
16188 0
16193 1
16197 0
16212 0
16213 1
16217 0
16220 1
16235 0
16244 0
16245 0
16253 1
16254 0
16269 0
16273 0
16279 1
16287 0
16291 0
16318 0
16331 0
16332 0
16340 0
16346 1
16347 0
16360 0
16365 1
16372 0
16376 0
16379 0
16387 0
16400 0
16402 0
16405 1
16408 0
16417 0
16418 0
16419 1
16421 1
16435 1
16436 0
16441 1
16447 1
16454 0
16459 1
16471 1
16474 1
16481 0
16488 1
16502 0
16515 1
16528 0
16533 1
16547 1
16559 1
16570 0
16582 0
16594 0
16605 1
16619 1
16621 0
16634 1
16637 1
16643 0
16646 1
16649 1
16657 1
16670 0
16672 1
16674 0
16686 1
16695 0
16701 0
16702 1
16710 0
16722 1
16729 1
16741 1
16753 0
16766 0
16779 0
16783 0
16795 1
16796 1
16800 0
16809 1
16813 0
16828 1
16831 0
16840 0
16842 0
16857 0
16865 1
16870 0
16883 0
16889 1
16904 0
16909 0
16913 1
16926 0
16927 0
16942 1
16946 1
16954 1
16962 0
16982 1
16987 1
16993 1
16994 0
17001 1
17015 0
17028 1
17032 0
17041 1
17050 0
17064 1
17069 0
17084 0
17091 0
17102 1
17107 1
17112 1
17117 1
17132 1
17145 1
17151 1
17162 0
17174 1
17176 1
17190 0
17194 0
17207 0
17215 1
17220 0
17233 1
17244 0
17259 0
17260 1
17267 1
17278 1
17283 1
17284 1
17290 1
17294 0
17305 1
17311 1
17316 0
17322 1
17335 1
17348 1
17352 1
17364 0
17370 0
17381 0
17383 1
17390 1
17395 1
17402 0
17408 1
17417 0
17426 0
17437 0
17452 0
17456 1
17468 1
17480 0
17493 0
17505 1
17510 0
17514 1
17525 0
17540 1
17551 0
17554 1
17557 0
17558 1
17561 1
17564 0
17572 0
17587 0
17590 0
17597 0
17608 1
17611 1
17624 1
17631 0
17640 0
17641 0
17644 0
17645 1
17646 0
17651 0
17658 0
17660 1
17671 0
17685 1
17700 0
17713 0
17725 1
17738 0
17750 1
17758 0
17762 1
17765 0
17774 0
17788 1
17793 1
17805 1
17810 0
17813 0
17826 0
17831 0
17833 1
17837 0
17839 0
17847 1
17862 1
17868 0
17871 1
17876 1
17888 1
17891 1
17900 1
17907 0
17921 0
17933 1
17948 0
17962 0
17964 1
17965 0
17979 0
17988 1
17997 1
18006 0
18014 0
18023 1
18037 1
18051 1
18066 1
18072 1
18081 1
18089 1
18092 0
18097 1
18110 0
18112 1
18126 0
18137 1
18145 1
18159 1
18174 0
18187 1
18196 1
18209 1
18216 0
18228 1
18242 0
18243 0
18258 0
18266 0
18280 0
18287 0
18288 1
18302 1
18309 0
18315 0
18330 1
18344 1
18346 1
18350 0
18351 1
18358 0
18372 1
18373 1
18385 0
18392 0
18393 0
18399 1
18414 1
18427 1
18430 0
18434 1
18447 1
18459 0
18467 1
18471 1
18485 1
18494 1
18496 1
18498 1
18511 0
18523 1
18529 0
18544 1
18553 1
18561 0
18572 0
18574 1
18589 0
18596 0
18597 1
18600 0
18603 0
18611 1
18626 0
18637 1
18641 1
18652 0
18655 0
18667 0
18670 0
18683 1
18686 0
18692 0
18700 0
18713 1
18715 1
18723 0
18736 1
18741 1
18753 1
18762 1
18774 0
18785 0
18796 0
18810 1
18818 1
18820 1
18822 0
18825 1
18834 0
18847 1
18856 0
18869 1
18882 1
18889 0
18893 0
18906 0
18912 1
18923 0
18925 0
18929 0
18930 1
18943 1
18955 0
18969 1
18980 0
18995 0
19001 0
19015 1
19023 1
19036 1
19040 1
19048 1
19057 1
19071 1
19078 1
19080 0
19084 0
19092 0
19104 0
19116 1
19119 0
19120 0
19129 1
19142 0
19151 1
19162 1
19168 0
19170 0
19177 1
19183 0
19197 0
19211 1
19222 1
19235 0
19243 0
19250 1
19258 0
19267 1
19274 1
19278 1
19291 1
19296 1
19305 0
19307 0
19311 1
19312 0
19324 0
19338 1
19357 1
19371 0
19378 0
19391 1
19404 1
19407 0
19418 0
19432 1
19447 1
19453 0
19461 1
19474 0
19485 1
19491 0
19493 1
19506 1
19518 1
19522 0
19536 1
19553 0
19562 0
19567 1
19573 0
19585 0
19596 1
19598 1
19600 1
19611 1
19622 0
19630 0
19636 0
19650 0
19656 1
19667 1
19674 0
19693 1
19704 1
19712 0
19715 1
19718 0
19719 0
19723 1
19737 0
19752 1
19756 1
19758 0
19763 0
19768 1
19772 0
19773 1
19786 0
19799 0
19803 1
19810 0
19824 0
19837 1
19850 0
19865 0
19878 0
19890 0
19897 0
19911 0
19917 0
19928 1
19937 0
19950 0
19955 0
19969 0
19974 0
19975 1
19987 1
19996 1
20003 0
20018 1
20033 0
20040 1
20051 0
20074 0
20077 0
20091 0
20099 0
20102 1
20108 1
20113 0
20120 0
20121 0
20132 1
20138 1
20147 1
20148 1
20149 0
20155 1
20167 1
20178 1
20187 0
20202 0
20207 0
20212 1
20220 1
20226 1
20228 0
20243 1
20252 1
20259 0
20267 0
20278 1
20279 0
20282 1
20291 0
20294 1
20306 1
20319 1
20322 1
20336 0
20338 1
20349 1
20358 1
20360 0
20371 0
20382 1
20389 0
20393 1
20394 0
20401 1
20423 1
20437 0
20445 1
20456 0
20468 0
20480 1
20492 1
20495 0
20510 0
20515 0
20521 0
20530 1
20553 0
20555 1
20570 0
20585 1
20589 0
20591 0
20600 1
20604 1
20607 1
20610 0
20611 1
20626 1
20632 0
20643 1
20657 0
20680 1
20687 1
20699 1
20711 1
20722 0
20733 1
20748 0
20753 1
20764 0
20770 1
20773 0
20777 1
20784 0
20796 1
20799 1
20811 1
20822 1
20835 1
20846 1
20861 0
20865 1
20869 0
20873 1
20878 0
20893 1
20896 1
20900 1
20912 1
20924 0
20936 1
20951 0
20960 1
20973 1
20980 1
20985 0
20998 0
21009 1
21023 1
21035 0
21039 0
21048 1
21051 0
21063 0
21076 1
21077 0
21088 1
21093 0
21097 1
21112 1
21121 1
21127 0
21139 1
21154 1
21158 0
21163 1
21167 0
21180 1
21192 0
21200 1
21214 1
21219 0
21225 1
21233 0
21242 1
21246 0
21250 0
21258 0
21266 1
21279 0
21293 1
21302 0
21305 0
21308 1
21314 1
21329 1
21336 1
21341 1
21356 1
21363 0
21364 1
21377 0
21388 0
21402 0
21416 0
21429 0
21430 0
21438 1
21452 0
21455 1
21459 0
21470 0
21476 1
21479 0
21493 0
21494 0
21501 0
21513 0
21524 1
21536 1
21548 0
21557 1
21569 0
21577 1
21586 1
21594 0
21600 0
21601 0
21605 0
21620 1
21632 0
21639 1
21653 1
21666 0
21674 1
21679 1
21680 1
21688 1
21694 1
21698 1
21699 0
21711 1
21725 1
21729 1
21734 0
21760 0
21774 1
21786 0
21798 1
21806 0
21819 1
21831 1
21839 1
21847 1
21848 0
21853 0
21854 0
21868 1
21875 0
21897 1
21903 0
21914 1
21923 1
21930 0
21944 0
21952 1
21956 1
21959 1
21966 1
21974 0
21983 1
21994 1
22002 0
22011 0
22026 1
22035 1
22037 0
22042 0
22044 1
22051 0
22059 0
22062 0
22063 0
22072 1
22087 0
22091 0
22098 0
22100 1
22113 0
22127 1
22134 1
22138 0
22152 0
22167 1
22170 0
22176 0
22194 1
22198 1
22209 1
22220 1
22235 0
22247 0
22249 0
22258 1
22270 1
22278 0
22286 0
22289 0
22301 1
22307 1
22320 1
22327 0
22335 1
22348 0
22351 0
22353 0
22359 1
22377 1
22379 1
22390 0
22393 0
22401 1
22416 0
22421 0
22436 0
22439 1
22442 1
22455 1
22470 0
22473 0
22479 1
22488 0
22502 0
22517 1
22526 1
22540 1
22552 0
22560 1
22564 0
22569 0
22578 0
22590 0
22601 1
22603 1
22614 0
22626 1
22639 1
22650 1
22665 1
22670 0
22682 0
22689 0
22702 1
22705 0
22706 1
22709 0
22714 1
22715 0
22716 1
22727 1
22741 0
22754 0
22761 0
22774 0
22776 0
22783 0
22788 0
22795 1
22801 0
22814 1
22817 0
22822 0
22827 1
22833 1
22846 0
22853 0
22857 0
22865 0
22879 1
22888 1
22895 1
22906 0
22907 0
22922 0
22928 1
22939 1
22943 0
22957 1
22964 1
22970 1
22971 1
22973 0
22979 1
22988 1
22992 1
23004 1
23018 0
23047 0
23059 0
23060 0
23062 1
23071 1
23075 0
23088 0
23096 0
23104 0
23113 0
23116 1
23131 0
23146 0
23152 0
23165 1
23177 0
23182 1
23186 0
23197 1
23209 1
23217 1
23223 0
23236 0
23243 0
23244 1
23249 1
23276 1
23277 0
23282 0
23287 1
23289 1
23290 0
23298 0
23305 1
23316 1
23319 1
23331 1
23334 0
23347 1
23358 1
23364 1
23365 1
23366 0
23379 1
23390 0
23407 0
23410 1
23421 1
23422 0
23436 0
23449 1
23458 1
23460 1
23461 0
23462 0
23475 1
23479 0
23483 0
23491 0
23498 0
23502 1
23504 1
23523 0
23536 0
23541 1
23550 1
23562 0
23563 1
23576 0
23583 0
23586 1
23587 0
23598 1
23611 0
23612 1
23615 0
23619 1
23628 1
23631 1
23633 1
23647 0
23660 0
23674 1
23678 1
23683 0
23695 0
23707 1
23721 0
23730 0
23741 1
23756 0
23765 1
23777 0
23792 1
23793 1
23805 1
23817 0
23825 0
23827 1
23836 0
23848 0
23855 0
23862 1
23869 0
23876 0
23882 1
23893 0
23917 0
23919 1
23923 1
23936 1
23942 0
23949 1
23955 1
23970 1
23973 1
23980 0
23995 0
24007 1
24021 0
24027 0
24035 1
24042 0
24043 1
24050 1
24055 1
24068 0
24079 1
24081 0
24083 0
24084 0
24091 1
24093 0
24102 0
24110 1
24114 0
24121 1
24127 0
24138 1
24144 1
24159 1
24163 0
24178 1
24181 0
24194 1
24202 1
24217 0
24226 0
24240 0
24247 1
24261 0
24272 1
24287 1
24298 1
24309 1
24323 0
24327 1
24336 0
24347 1
24361 0
24368 1
24379 0
24381 1
24396 1
24397 0
24400 0
24408 0
24412 0
24425 0
24428 0
24447 0
24462 1
24476 0
24484 1
24491 1
24495 0
24502 0
24515 0
24530 0
24544 0
24555 0
24562 1
24564 1
24570 0
24583 1
24592 1
24598 1
24602 0
24604 1
24613 0
24617 0
24618 1
24622 1
24628 0
24640 0
24645 0
24657 0
24662 0
24670 1
24676 0
24679 0
24685 0
24696 0
24709 1
24718 1
24721 0
24726 0
24727 0
24730 1
24739 0
24747 0
24756 0
24757 1
24765 1
24774 1
24789 1
24795 1
24806 1
24815 0
24820 0
24822 1
24827 0
24830 1
24833 1
24835 0
24846 0
24847 1
24848 1
24849 1
24852 0
24867 1
24881 1
24886 0
24894 0
24906 1
24918 1
24925 1
24930 1
24935 1
24939 0
24944 0
24958 1
24966 0
24967 1
24982 1
24991 1
24998 1
25003 1
25008 1
25010 0
25013 0
25027 0
25028 0
25034 1
25043 1
25045 1
25046 1
25059 0
25066 0
25072 1
25081 1
25083 1
25097 0
25098 0
25101 1
25102 0
25103 0
25116 0
25119 0
25130 1
25145 1
25159 0
25172 0
25177 1
25184 0
25195 0
25196 1
25198 0
25213 0
25224 0
25232 1
25247 1
25250 0
25251 0
25262 1
25268 1
25272 0
25277 1
25279 0
25280 1
25286 0
25301 0
25302 1
25317 1
25323 1
25334 0
25349 1
25364 0
25370 0
25377 1
25382 0
25393 0
25397 1
25409 1
25414 0
25428 1
25442 1
25450 1
25455 0
25468 1
25474 1
25486 1
25489 1
25503 0
25510 0
25517 1
25532 0
25546 0
25550 1
25552 0
25559 0
25565 0
25568 0
25573 1
25585 1
25599 1
25604 0
25605 0
25613 0
25627 1
25635 1
25636 1
25640 1
25649 0
25652 1
25666 1
25667 1
25680 1
25681 0
25692 1
25694 0
25697 1
25698 1
25707 1
25716 0
25721 1
25728 0
25729 1
25736 1
25750 0
25762 1
25774 0
25780 0
25785 0
25790 0
25796 1
25811 1
25826 1
25834 0
25842 0
25845 1
25849 1
25850 1
25856 1
25863 0
25875 0
25888 0
25902 1
25916 1
25921 1
25923 1
25925 0
25928 0
25932 0
25936 0
25941 1
25948 1
25962 1
25966 1
25975 1
25978 0
25989 0
26003 0
26016 1
26017 0
26020 1
26031 0
26039 0
26053 0
26061 0
26070 1
26079 1
26092 1
26101 0
26116 1
26127 0
26135 1
26143 1
26156 1
26170 0
26172 0
26187 1
26200 0
26206 0
26218 1
26220 0
26223 0
26237 1
26240 0
26249 0
26252 1
26258 0
26272 1
26285 1
26296 1
26301 0
26322 0
26327 1
26328 0
26341 0
26343 0
26350 1
26363 1
26370 0
26381 1
26390 1
26395 0
26408 1
26414 1
26425 1
26440 0
26443 1
26447 0
26458 1
26469 1
26482 0
26485 1
26489 0
26497 0
26500 0
26511 0
26513 1
26514 0
26529 0
26538 1
26550 1
26558 0
26564 0
26570 0
26577 0
26591 0
26600 1
26615 0
26621 1
26633 0
26646 0
26648 0
26660 0
26674 0
26683 0
26685 0
26699 0
26711 0
26713 0
26726 0
26727 0
26733 1
26744 0
26769 0
26783 1
26785 1
26797 0
26809 0
26824 1
26829 1
26835 0
26841 0
26843 0
26855 0
26869 0
26876 1
26883 0
26890 1
26904 0
26906 0
26913 0
26920 1
26926 1
26938 0
26949 1
26960 0
26962 1
26967 1
26979 1
26984 0
26985 0
26996 0
27003 0
27017 1
27031 0
27043 0
27045 1
27049 0
27050 1
27057 1
27063 1
27070 0
27084 0
27098 1
27100 1
27101 1
27110 1
27121 0
27122 1
27137 0
27138 1
27141 0
27155 0
27156 0
27164 1
27179 0
27181 0
27188 1
27195 1
27210 1
27222 1
27229 0
27241 0
27244 0
27248 0
27262 1
27268 1
27276 1
27277 1
27284 0
27289 1
27296 1
27303 1
27304 1
27319 0
27324 0
27332 0
27339 0
27353 1
27362 0
27366 1
27377 1
27381 0
27383 1
27384 0
27399 0
27407 0
27421 1
27428 1
27431 0
27436 0
27444 0
27457 1
27461 0
27470 1
27473 1
27481 1
27489 1
27498 1
27503 0
27516 0
27521 0
27524 0
27533 1
27547 0
27558 1
27559 0
27573 0
27574 1
27576 1
27579 1
27590 1
27595 0
27602 0
27603 1
27609 0
27612 1
27615 0
27628 0
27634 0
27649 0
27655 0
27656 1
27659 1
27661 0
27673 1
27687 1
27696 0
27700 0
27703 0
27706 0
27709 0
27712 1
27715 0
27720 1
27734 0
27737 0
27740 1
27754 1
27760 0
27772 1
27793 1
27808 1
27814 1
27815 0
27826 0
27830 0
27841 1
27854 0
27858 1
27869 1
27875 0
27901 0
27904 0
27911 0
27913 1
27926 1
27933 1
27946 0
27955 0
27968 0
27981 0
27993 0
27999 1
28010 1
28024 0
28035 0
28042 0
28044 1
28046 0
28057 0
28070 0
28083 0
28095 0
28098 1
28110 1
28117 0
28128 0
28135 1
28140 1
28152 1
28159 0
28170 1
28174 0
28188 1
28201 0
28208 1
28213 0
28226 1
28239 1
28245 0
28251 0
28264 1
28276 0
28278 1
28293 1
28301 0
28315 1
28326 0
28331 1
28343 0
28344 1
28351 0
28366 0
28368 1
28380 0
28391 0
28402 0
28409 1
28416 1
28421 0
28443 1
28444 1
28453 0
28458 0
28471 0
28477 1
28490 0
28502 1
28508 0
28520 0
28533 0
28546 1
28551 1
28565 0
28566 1
28577 1
28585 0
28609 0
28624 0
28626 1
28638 0
28645 1
28652 1
28657 0
28661 1
28666 1
28680 1
28694 1
28703 1
28704 1
28706 0
28712 1
28718 0
28730 1
28743 0
28748 1
28752 1
28755 0
28757 1
28770 1
28773 0
28788 1
28797 0
28811 0
28818 0
28826 0
28833 1
28844 0
28857 0
28858 1
28871 1
28874 1
28881 1
28886 1
28887 0
28900 1
28904 0
28905 1
28909 1
28910 1
28928 1
28940 1
28953 0
28967 0
28978 1
28982 1
28994 0
29002 0
29008 0
29015 0
29017 1
29021 1
29036 1
29039 1
29052 0
29056 1
29060 0
29071 0
29072 0
29086 1
29089 1
29101 0
29109 1
29112 0
29117 1
29121 1
29124 1
29127 1
29140 0
29145 0
29152 1
29158 1
29161 1
29164 1
29166 1
29169 1
29174 1
29179 1
29191 0
29200 0
29207 0
29210 1
29219 0
29224 0
29229 1
29231 0
29245 1
29257 1
29261 0
29273 1
29281 1
29285 0
29286 0
29288 1
29300 0
29311 1
29317 1
29330 0
29334 0
29342 0
29351 0
29362 0
29369 0
29373 1
29388 0
29393 1
29406 1
29418 1
29423 0
29436 0
29449 1
29455 1
29461 1
29474 0
29480 0
29486 1
29498 0
29509 0
29517 0
29530 0
29541 1
29545 0
29558 1
29566 1
29580 1
29595 1
29600 0
29606 1
29621 0
29632 0
29634 0
29642 1
29655 0
29662 0
29670 0
29681 0
29690 1
29694 1
29696 0
29708 0
29722 1
29731 1
29732 1
29743 1
29757 0
29771 0
29776 0
29790 0
29804 0
29819 0
29823 0
29830 1
29834 1
29837 0
29845 0
29854 0
29866 1
29880 0
29883 1
29892 1
29894 0
29901 0
29904 1
29917 1
29928 0
29929 1
29932 1
29945 1
29953 0
29959 1
29973 1
29979 0
29984 1
29986 1
29994 0
30009 1
30027 0
30042 0
30045 1
30058 0
30071 0
30083 1
30089 0
30101 0
30116 0
30118 0
30119 1
30120 1
30122 1
30126 1
30140 1
30141 0
30148 1
30162 1
30175 0
30190 0
30193 0
30196 0
30207 0
30221 0
30228 1
30233 1
30247 1
30256 1
30267 1
30270 0
30274 1
30288 1
30297 1
30305 0
30306 0
30319 0
30323 0
30327 1
30339 0
30352 0
30357 1
30371 1
30385 0
30388 0
30399 0
30413 1
30416 1
30417 1
30423 1
30425 0
30439 1
30448 1
30453 0
30460 0
30465 0
30477 0
30490 1
30501 0
30507 0
30522 1
30531 1
30534 1
30545 1
30548 1
30556 0
30569 0
30576 0
30577 0
30588 1
30599 1
30600 0
30601 1
30615 1
30634 0
30635 1
30638 1
30650 1
30652 1
30653 0
30654 0
30661 1
30674 1
30679 0
30685 1
30690 0
30698 1
30711 0
30725 1
30730 1
30733 1
30735 1
30750 1
30761 0
30772 1
30785 0
30791 0
30796 1
30808 1
30809 1
30822 0
30823 1
30824 0
30835 0
30850 1
30877 0
30891 1
30900 0
30905 1
30919 0
30930 1
30944 0
30945 1
30952 0
30959 0
30960 1
30961 1
30968 0
30976 1
30987 0
31002 0
31007 1
31009 1
31013 1
31014 1
31026 1
31028 0
31032 1
31046 0
31051 0
31064 1
31070 0
31078 0
31082 0
31089 0
31101 0
31107 0
31112 0
31116 1
31125 1
31129 0
31144 0
31148 0
31152 1
31156 1
31172 0
31176 0
31178 1
31184 1
31192 0
31205 0
31206 1
31211 0
31215 0
31218 1
31219 1
31224 1
31236 1
31240 1
31247 0
31262 0
31270 1
31283 0
31286 1
31301 0
31304 0
31313 1
31327 0
31334 0
31345 1
31354 1
31367 1
31368 1
31371 0
31379 0
31387 0
31388 0
31397 0
31403 0
31405 1
31420 0
31437 1
31441 1
31449 1
31464 0
31471 0
31473 1
31477 0
31482 0
31488 0
31493 1
31507 0
31510 1
31522 0
31526 1
31529 0
31537 1
31545 1
31552 1
31554 1
31560 1
31569 1
31570 1
31584 0
31597 0
31605 0
31609 0
31618 1
31623 1
31630 1
31643 1
31657 0
31670 0
31676 1
31688 1
31699 0
31701 1
31707 1
31708 1
31734 1
31747 0
31754 0
31757 0
31770 0
31779 1
31784 1
31786 0
31797 0
31799 1
31801 0
31810 1
31814 0
31825 0
31826 0
31827 0
31836 1
31845 0
31849 0
31850 0
31852 1
31856 1
31865 0
31892 1
31897 1
31898 0
31906 1
31917 1
31921 1
31927 0
31935 0
31943 1
31952 0
31955 0
31960 1
31975 1
31984 1
31995 1
31996 1
32000 0
32012 0
32021 1
32024 0
32037 0
32046 1
32062 0
32071 1
32095 0
32099 0
32106 1
32117 1
32128 1
32143 0
32145 0
32146 1
32157 0
32168 1
32171 0
32182 0
32190 1
32193 0
32204 1
32212 1
32224 1
32233 0
32235 1
32249 1
32260 1
32263 0
32275 1
32286 0
32293 0
32304 0
32317 0
32321 0
32323 0
32337 0
32339 0
32348 0
32355 0
32363 1
32377 0
32391 1
32397 0
32412 1
32426 0
32430 0
32441 1
32445 1
32453 1
32454 1
32455 0
32459 1
32462 1
32466 0
32474 1
32486 1
32498 0
32504 0
32519 1
32525 1
32536 0
32542 1
32557 1
32560 0
32563 0
32574 0
32576 1
32585 0
32599 0
32605 0
32611 0
32620 0
32634 0
32648 1
32654 0
32656 0
32669 0
32682 0
32684 1
32693 1
32704 0
32717 0
32729 0
32744 0
32745 0
32760 1
32762 1
32763 0
32766 0
32779 1
32787 1
32802 1
32813 1
32821 0
32827 1
32832 1
32847 1
32849 0
32858 0
32862 0
32869 0
32883 0
32898 1
32910 0
32922 1
32930 1
32932 1
32935 0
32941 1
32953 1
32966 0
32984 1
32996 0
33005 1
33017 1
33021 1
33023 1
33037 1
33049 0
33064 1
33070 0
33085 0
33090 1
33096 0
33103 1
33117 0
33122 1
33124 1
33125 0
33132 0
33139 0
33153 1
33156 0
33168 0
33177 1
33190 0
33202 1
33210 1
33211 0
33212 1
33227 0
33232 0
33247 0
33259 0
33270 0
33277 0
33284 0
33289 0
33296 0
33304 1
33317 1
33318 0
33324 0
33338 1
33351 0
33359 1
33362 1
33373 1
33384 1
33397 0
33405 0
33411 1
33419 0
33427 1
33442 0
33454 0
33461 0
33467 1
33482 1
33488 0
33503 0
33507 1
33509 0
33518 0
33520 1
33523 0
33538 1
33539 0
33546 1
33561 1
33572 1
33577 1
33583 1
33592 0
33606 0
33609 1
33612 1
33613 0
33614 0
33618 0
33633 0
33644 1
33657 1
33669 1
33675 0
33688 1
33690 1
33703 1
33709 0
33711 0
33725 0
33736 0
33743 1
33747 1
33750 1
33764 1
33770 0
33781 0
33794 1
33801 0
33812 0
33827 0
33842 0
33853 0
33857 0
33860 0
33871 1
33873 0
33886 1
33887 1
33896 0
33910 1
33924 0
33932 1
33945 0
33950 1
33956 1
33967 1
33982 0
33983 1
33988 0
34000 1
34011 1
34026 0
34027 1
34039 0
34045 1
34052 0
34058 0
34069 1
34081 1
34095 1
34097 1
34112 1
34126 0
34138 0
34149 1
34154 0
34155 0
34161 0
34174 0
34183 1
34196 1
34207 1
34210 1
34211 1
34214 0
34223 0
34227 0
34232 1
34243 0
34254 1
34265 1
34267 0
34274 1
34282 0
34287 1
34295 1
34307 1
34312 1
34327 1
34336 1
34350 1
34352 1
34356 1
34359 1
34367 0
34372 1
34376 1
34382 1
34383 0
34396 1
34409 0
34424 0
34432 1
34433 1
34448 0
34459 0
34474 1
34485 0
34494 0
34503 0
34518 0
34522 1
34533 1
34537 0
34552 0
34567 0
34576 0
34587 0
34600 1
34609 0
34617 1
34624 0
34626 1
34630 1
34631 0
34642 1
34655 1
34656 1
34668 1
34681 0
34688 0
34692 0
34697 1
34705 0
34709 0
34714 0
34715 0
34717 1
34730 0
34738 0
34751 0
34763 0
34766 0
34775 0
34778 1
34787 0
34789 1
34794 0
34800 0
34808 0
34819 1
34833 0
34834 0
34837 0
34838 1
34850 1
34861 0
34870 0
34881 0
34896 1
34897 0
34903 0
34910 1
34925 0
34931 0
34935 0
34950 0
34951 1
34966 1
34967 0
34970 1
34971 1
34980 0
34993 0
34994 0
35001 0
35002 1
35004 1
35015 1
35020 0
35029 0
35032 1
35034 0
35039 0
35053 0
35061 1
35066 1
35074 1
35083 0
35098 0
35106 1
35114 0
35125 1
35129 1
35130 0
35132 0
35147 0
35148 0
35156 0
35162 0
35174 0
35189 1
35203 1
35217 1
35228 0
35239 0
35247 0
35252 0
35255 0
35258 1
35261 0
35263 1
35275 0
35279 0
35284 1
35290 1
35298 0
35313 0
35325 1
35337 1
35344 1
35355 1
35366 0
35379 1
35387 0
35400 0
35412 1
35423 1
35436 0
35448 0
35457 1
35461 0
35463 1
35469 0
35484 0
35498 0
35500 0
35508 1
35519 0
35528 0
35537 0
35538 1
35539 1
35553 0
35562 0
35568 1
35571 0
35574 1
35582 1
35591 0
35617 0
35626 0
35629 1
35640 1
35642 1
35643 1
35650 0
35651 0
35652 1
35666 1
35669 0
35677 1
35691 0
35702 1
35703 1
35706 0
35720 0
35725 1
35734 0
35739 1
35746 0
35758 0
35766 1
35773 0
35775 0
35786 1
35787 0
35793 0
35799 0
35802 0
35811 0
35817 1
35829 1
35834 1
35849 1
35862 0
35874 0
35881 1
35892 1
35895 0
35897 0
35911 1
35926 0
35927 1
35935 1
35942 0
35944 0
35951 1
35962 0
35989 1
36003 0
36015 1
36018 0
36020 1
36026 0
36035 1
36047 0
36059 0
36067 0
36078 0
36092 1
36106 1
36121 1
36128 1
36131 1
36139 0
36166 1
36174 0
36177 0
36178 1
36186 0
36199 1
36208 1
36213 0
36216 0
36221 0
36232 1
36240 1
36244 0
36246 0
36249 1
36253 0
36260 1
36267 1
36270 0
36274 1
36286 0
36295 1
36308 0
36310 0
36324 1
36333 0
36335 1
36350 1
36358 0
36378 1
36384 1
36397 1
36399 1
36400 0
36403 1
36405 0
36410 0
36412 1
36427 0
36434 1
36441 1
36443 0
36447 1
36461 1
36470 1
36476 1
36479 0
36480 0
36488 1
36497 1
36498 0
36502 0
36509 0
36521 0
36529 0
36538 0
36546 0
36547 1
36553 1
36568 0
36579 1
36580 0
36595 1
36602 0
36616 1
36618 1
36622 1
36623 0
36636 1
36649 0
36654 0
36659 0
36674 0
36677 1
36691 0
36702 1
36705 0
36720 1
36727 0
36728 0
36740 0
36755 1
36756 1
36761 0
36768 0
36769 0
36774 1
36787 0
36796 0
36808 0
36822 0
36829 0
36841 0
36847 0
36860 0
36865 0
36877 1
36884 0
36889 0
36894 1
36905 0
36908 1
36914 1
36926 0
36937 0
36943 1
36945 1
36958 0
36963 1
36992 0
37000 1
37011 0
37019 1
37025 1
37039 1
37052 0
37059 1
37070 1
37081 0
37090 0
37097 1
37112 1
37124 1
37133 1
37142 1
37151 0
37166 1
37181 1
37184 1
37190 0
37193 0
37196 1
37205 1
37219 0
37234 0
37238 0
37239 0
37248 0
37263 1
37264 1
37269 0
37270 0
37273 1
37282 0
37296 0
37305 0
37314 0
37317 0
37330 1
37345 0
37350 0
37361 0
37368 0
37374 1
37399 0
37403 1
37408 1
37420 0
37427 1
37433 0
37449 1
37462 0
37477 0
37480 1
37485 0
37492 0
37501 1
37516 0
37523 0
37527 0
37536 1
37541 1
37547 1
37559 0
37568 1
37571 1
37585 0
37599 1
37606 1
37613 0
37624 1
37628 1
37629 0
37642 0
37649 1
37661 0
37676 0
37690 1
37692 0
37696 1
37707 0
37710 0
37722 0
37734 1
37739 1
37752 0
37756 1
37768 1
37777 0
37789 0
37795 1
37803 0
37816 0
37817 0
37818 1
37822 0
37824 1
37831 1
37836 0
37843 1
37851 0
37852 1
37859 1
37870 0
37877 1
37878 1
37887 0
37899 1
37905 0
37912 0
37914 0
37928 1
37943 0
37957 1
37969 0
37984 0
37986 1
37990 0
37992 1
38007 1
38012 1
38020 0
38034 1
38042 1
38049 0
38060 0
38075 0
38080 1
38091 1
38105 0
38116 0
38123 0
38137 1
38140 1
38151 1
38159 1
38170 1
38178 1
38189 1
38198 0
38205 1
38217 0
38222 1
38238 0
38244 0
38253 1
38260 1
38273 1
38287 0
38288 1
38301 1
38306 1
38310 1
38313 1
38320 0
38334 0
38337 1
38341 1
38343 0
38355 0
38364 1
38377 1
38380 1
38393 1
38408 0
38410 0
38418 0
38433 0
38434 1
38449 1
38461 1
38468 0
38472 0
38487 1
38493 1
38505 0
38520 1
38533 0
38534 0
38545 0
38547 0
38555 0
38564 1
38576 0
38583 0
38594 0
38608 0
38623 1
38635 0
38643 1
38654 0
38663 1
38668 1
38680 0
38684 0
38687 0
38700 0
38704 1
38713 0
38721 0
38733 1
38745 1
38757 1
38758 1
38769 1
38776 0
38791 0
38794 1
38795 1
38808 0
38822 0
38836 0
38851 1
38859 1
38867 0
38875 0
38882 0
38884 0
38890 1
38893 1
38896 1
38910 1
38924 1
38937 1
38941 0
38953 0
38958 0
38970 0
38977 1
38992 1
38996 0
39011 0
39013 1
39019 1
39032 1
39038 0
39046 1
39049 1
39054 1
39059 0
39072 0
39081 1
39090 0
39094 0
39096 0
39097 1
39101 0
39108 1
39122 1
39131 1
39145 0
39147 0
39156 1
39163 0
39186 0
39191 1
39192 0
39193 0
39194 1
39197 1
39206 0
39220 0
39229 0
39243 1
39246 1
39249 0
39255 1
39261 0
39270 1
39281 1
39287 0
39298 1
39305 1
39308 0
39321 0
39332 1
39343 0
39356 1
39365 0
39369 0
39373 0
39386 1
39397 1
39401 0
39410 1
39424 1
39437 1
39451 0
39465 1
39471 0
39479 1
39484 1
39497 0
39502 0
39511 1
39525 0
39540 1
39542 0
39556 1
39564 1
39570 0
39571 1
39575 0
39582 0
39591 1
39605 1
39611 1
39626 1
39633 0
39641 0
39649 1
39656 0
39660 0
39678 1
39682 1
39697 0
39706 1
39714 1
39721 0
39728 1
39743 1
39756 0
39761 1
39764 1
39778 0
39783 0
39792 1
39804 0
39805 0
39814 0
39823 0
39830 1
39834 1
39842 0
39851 0
39855 1
39862 1
39867 1
39871 0
39872 1
39878 1
39891 1
39896 1
39910 1
39921 0
39932 0
39939 1
39946 1
39960 1
39964 0
39969 1
39975 0
39988 0
39989 1
39996 0
40000 1
40013 1
40019 0
40024 1
40032 0
40046 1
40057 1
40070 0
40081 0
40087 0
40088 1
40092 0
40094 0
40096 1
40102 0
40109 1
40124 1
40137 1
40146 1
40153 0
40158 1
40165 0
40167 1
40169 0
40173 1
40182 0
40195 0
40210 0
40225 0
40229 1
40241 0
40252 0
40253 0
40261 1
40275 0
40276 1
40281 1
40296 1
40310 0
40321 0
40324 1
40330 1
40334 0
40335 0
40346 0
40355 0
40370 1
40383 0
40384 0
40388 1
40395 0
40397 0
40411 1
40422 1
40433 1
40438 0
40452 1
40458 1
40459 0
40473 1
40494 0
40508 0
40509 1
40512 0
40517 1
40529 1
40534 1
40540 0
40553 0
40559 1
40567 0
40578 0
40582 1
40593 0
40596 1
40608 1
40614 1
40625 0
40639 1
40647 0
40660 0
40675 0
40679 0
40684 1
40698 0
40701 1
40704 1
40713 0
40721 1
40726 1
40727 0
40738 1
40747 1
40762 0
40765 0
40777 1
40780 0
40788 1
40800 1
40807 1
40820 1
40833 1
40842 0
40847 0
40853 0
40861 0
40875 1
40883 1
40889 0
40891 0
40896 0
40902 0
40905 1
40919 1
40925 1
40931 1
40946 1
40959 1
40966 1
40970 1
40978 1
40979 0
40981 0
40983 0
40991 1
40994 1
41002 0
41013 0
41024 0
41038 0
41043 1
41047 1
41060 0
41073 0
41082 0
41083 1
41097 0
41111 1
41113 0
41114 1
41129 1
41140 1
41155 1
41162 0
41167 1
41170 0
41178 1
41192 1
41194 1
41202 1
41214 0
41215 0
41217 0
41225 1
41232 0
41245 1
41246 0
41248 0
41249 0
41261 1
41266 1
41269 1
41270 1
41274 0
41282 1
41293 0
41299 0
41311 1
41320 0
41334 1
41339 0
41341 0
41343 0
41355 0
41370 1
41375 0
41398 1
41407 1
41412 1
41423 0
41438 0
41443 1
41473 1
41477 1
41490 0
41499 0
41508 0
41517 0
41532 1
41539 0
41554 1
41569 1
41576 0
41587 0
41599 1
41602 1
41604 0
41606 1
41618 1
41631 1
41636 1
41651 1
41664 0
41672 1
41676 0
41690 0
41701 0
41710 0
41723 1
41731 1
41744 0
41752 0
41759 1
41766 1
41778 1
41782 0
41790 0
41803 0
41810 0
41815 1
41818 0
41830 0
41843 0
41855 1
41866 1
41874 0
41881 0
41896 0
41897 1
41905 1
41919 0
41933 1
41946 1
41949 1
41964 1
41972 1
41978 1
41979 1
41981 1
41994 1
41997 0
42006 0
42019 1
42026 0
42041 1
42046 1
42048 1
42061 1
42076 1
42082 0
42105 0
42114 1
42118 1
42127 0
42141 1
42149 1
42162 0
42175 0
42176 0
42178 0
42186 1
42192 1
42200 1
42203 0
42218 0
42223 1
42225 0
42229 0
42236 1
42251 0
42262 1
42268 1
42274 1
42283 1
42297 0
42306 1
42311 1
42324 0
42338 0
42351 1
42355 1
42369 0
42372 1
42378 0
42379 0
42386 1
42391 0
42395 0
42411 1
42414 0
42415 1
42426 0
42434 1
42443 1
42444 0
42451 1
42456 0
42463 1
42472 0
42479 1
42488 1
42491 1
42504 1
42508 0
42519 1
42525 1
42529 1
42534 1
42537 0
42542 1
42553 1
42557 0
42561 1
42572 1
42583 0
42598 1
42603 1
42604 0
42609 1
42622 1
42623 0
42638 1
42641 0
42650 0
42659 0
42665 0
42677 0
42678 1
42692 0
42704 0
42708 0
42719 1
42724 0
42727 1
42730 0
42736 0
42751 1
42754 1
42766 1
42767 1
42770 0
42776 1
42782 0
42797 1
42806 0
42818 1
42831 1
42844 1
42855 0
42870 0
42879 0
42893 1
42906 1
42910 1
42918 0
42922 0
42935 1
42938 1
42949 1
42953 1
42965 0
42970 0
42979 0
42993 0
42999 1
43002 1
43010 0
43024 1
43029 0
43033 1
43048 1
43059 0
43087 1
43095 1
43103 1
43118 0
43130 0
43139 0
43142 1
43154 0
43155 1
43170 1
43181 0
43196 0
43198 0
43202 0
43214 1
43221 0
43227 0
43231 0
43240 0
43252 0
43265 0
43279 1
43287 1
43296 1
43310 1
43324 0
43329 1
43333 0
43346 1
43353 1
43362 0
43370 0
43372 0
43375 1
43389 1
43392 1
43401 0
43410 1
43423 0
43425 1
43428 1
43430 0
43439 0
43440 1
43453 0
43460 1
43472 1
43486 0
43488 1
43503 1
43514 0
43529 1
43530 1
43536 1
43547 1
43559 1
43560 0
43568 1
43579 0
43583 0
43594 0
43606 0
43617 1
43628 1
43635 1
43641 1
43645 0
43652 0
43667 1
43681 0
43682 0
43694 1
43709 1
43723 1
43727 1
43736 1
43750 1
43762 0
43767 1
43775 1
43789 0
43803 1
43817 0
43831 1
43840 0
43847 0
43851 1
43856 1
43859 1
43864 0
43876 1
43883 1
43886 1
43889 1
43893 1
43899 1
43907 0
43908 1
43923 1
43926 0
43940 0
43949 1
43964 1
43979 1
43987 0
44001 0
44009 1
44010 1
44023 1
44030 1
44032 1
44037 1
44044 0
44058 1
44063 0
44065 0
44073 0
44081 0
44086 1
44114 1
44119 0
44126 0
44137 0
44141 1
44146 0
44158 1
44164 0
44173 0
44179 1
44180 1
44184 0
44197 0
44206 1
44212 1
44227 0
44229 1
44232 1
44234 1
44240 1
44248 0
44262 1
44268 1
44271 0
44275 1
44278 1
44284 1
44287 0
44288 0
44301 0
44308 1
44309 0
44323 0
44337 1
44350 0
44361 0
44368 1
44376 0
44382 1
44393 1
44398 0
44411 1
44422 0
44426 1
44437 0
44445 1
44459 0
44472 1
44484 0
44488 1
44500 1
44503 1
44514 0
44526 1
44537 1
44544 1
44551 0
44557 0
44566 0
44570 1
44581 1
44582 1
44594 1
44609 0
44623 0
44636 0
44640 1
44643 0
44644 1
44652 1
44657 1
44671 1
44675 0
44676 0
44688 0
44690 1
44705 1
44706 0
44720 0
44724 0
44728 0
44734 0
44740 1
44745 1
44752 0
44778 0
44792 0
44805 1
44811 1
44823 1
44825 1
44826 0
44829 0
44837 1
44851 0
44858 1
44870 0
44879 1
44886 0
44888 1
44894 1
44901 1
44912 0
44927 1
44938 0
44941 1
44950 1
44959 1
44963 1
44974 1
44986 0
44995 0
45000 0
45003 1
45017 0
45024 0
45036 0
45040 0
45051 1
45056 1
45063 1
45064 1
45075 1
45086 0
45089 0
45101 0
45112 1
45114 0
45126 1
45129 0
45132 1
45138 1
45143 1
45147 0
45160 1
45166 1
45178 1
45189 1
45191 0
45202 1
45204 0
45206 1
45221 0
45232 0
45236 1
45250 0
45259 1
45261 0
45274 1
45289 0
45300 1
45302 0
45316 1
45318 0
45323 0
45324 0
45335 0
45342 0
45350 1
45355 0
45365 0
45374 1
45387 0
45392 1
45396 1
45398 1
45407 0
45420 1
45433 1
45442 1
45456 1
45465 0
45469 1
45473 1
45474 0
45475 1
45479 0
45483 1
45496 0
45501 0
45504 0
45515 0
45520 1
45528 1
45537 0
45550 1
45557 0
45565 0
45576 1
45585 1
45590 0
45598 1
45602 0
45614 0
45625 0
45634 0
45649 0
45662 0
45670 0
45682 1
45689 1
45698 0
45700 0
45715 1
45730 1
45739 0
45744 1
45752 1
45755 1
45757 1
45764 0
45776 0
45779 0
45791 0
45806 1
45817 0
45818 1
45822 1
45829 0
45835 1
45850 1
45856 1
45870 0
45872 0
45878 1
45881 0
45894 0
45909 0
45911 1
45917 1
45925 1
45934 1
45936 1
45950 1
45956 0
45969 1
45982 1
45996 1
46001 0
46014 0
46026 0
46035 0
46038 0
46043 0
46048 0
46050 1
46055 0
46059 0
46072 0
46073 0
46092 1
46105 1
46111 1
46125 1
46132 1
46141 1
46152 0
46158 0
46172 1
46183 1
46191 1
46193 1
46196 1
46208 0
46220 0
46232 0
46234 0
46246 1
46258 1
46261 0
46276 1
46279 0
46282 1
46286 0
46287 0
46301 1
46316 1
46318 0
46332 0
46334 1
46345 1
46357 0
46369 1
46378 1
46385 0
46394 1
46403 0
46414 0
46421 1
46440 0
46443 0
46449 0
46453 1
46462 1
46477 1
46492 0
46501 1
46514 1
46515 1
46530 1
46539 1
46550 1
46551 0
46553 1
46556 0
46561 0
46564 0
46568 1
46580 0
46582 1
46586 1
46597 0
46608 1
46610 1
46623 0
46638 1
46649 1
46661 1
46672 1
46676 0
46681 0
46693 1
46700 0
46712 0
46716 0
46731 0
46735 0
46749 0
46755 1
46761 1
46763 1
46771 0
46786 1
46799 1
46800 0
46801 0
46814 1
46831 0
46833 0
46837 1
46852 1
46859 0
46874 1
46875 1
46890 1
46903 1
46910 1
46915 0
46924 0
46939 1
46943 0
46955 0
46963 0
46971 1
46988 1
46990 1
46999 1
47000 0
47002 0
47007 0
47014 0
47017 0
47023 1
47029 1
47044 1
47058 1
47060 1
47075 0
47087 0
47102 1
47103 0
47118 0
47129 0
47137 0
47146 1
47154 0
47158 1
47178 0
47186 0
47188 1
47199 1
47204 1
47219 1
47220 1
47235 1
47246 0
47254 1
47265 0
47268 1
47283 0
47287 1
47294 0
47300 0
47311 1
47324 1
47332 0
47347 0
47356 1
47362 1
47375 0
47376 1
47382 1
47387 1
47392 0
47399 0
47408 0
47421 0
47430 1
47434 1
47438 0
47439 1
47442 1
47453 1
47460 0
47473 1
47487 1
47502 0
47517 0
47521 0
47532 1
47535 0
47538 1
47541 0
47553 1
47575 0
47586 0
47591 0
47605 1
47612 1
47623 1
47628 1
47639 1
47646 1
47655 0
47667 0
47671 1
47673 0
47682 1
47697 0
47700 0
47711 1
47724 1
47725 0
47727 0
47733 1
47745 1
47747 0
47752 0
47759 0
47764 0
47778 1
47786 1
47789 0
47800 0
47808 0
47812 1
47814 0
47826 1
47840 0
47848 1
47854 1
47868 0
47874 1
47887 1
47892 0
47896 0
47911 0
47924 0
47931 0
47946 1
47948 0
47952 0
47954 1
47956 0
47959 0
47972 0
47986 0
47991 0
47997 0
47999 0
48003 1
48006 1
48008 1
48017 1
48030 1
48034 1
48046 1
48048 1
48057 1
48068 0
48082 0
48083 1
48085 1
48100 0
48109 0
48110 1
48123 0
48132 1
48147 0
48158 0
48171 0
48173 0
48177 1
48190 1
48205 0
48214 0
48229 1
48244 1
48251 0
48252 1
48256 0
48258 0
48267 0
48273 0
48288 0
48302 0
48307 1
48315 0
48329 0
48342 1
48347 0
48351 0
48359 0
48361 0
48370 1
48382 1
48384 1
48390 0
48402 1
48413 0
48428 0
48430 1
48432 0
48438 0
48442 1
48456 1
48467 0
48470 1
48481 0
48494 1
48506 0
48520 0
48531 1
48546 0
48557 1
48571 0
48572 0
48579 1
48597 0
48601 1
48615 1
48622 0
48626 1
48629 0
48630 1
48645 1
48659 1
48672 1
48687 0
48692 0
48701 0
48704 0
48713 0
48726 0
48740 1
48753 0
48760 0
48763 1
48765 1
48768 0
48777 0
48790 0
48798 0
48801 1
48809 1
48823 0
48834 1
48846 1
48858 1
48863 0
48874 1
48877 0
48881 1
48889 1
48904 1
48909 1
48921 1
48936 1
48942 0
48954 1
48965 0
48978 1
48992 0
48993 0
49001 1
49015 1
49018 0
49033 0
49037 1
49048 1
49055 0
49069 0
49080 1
49091 1
49093 0
49100 0
49120 0
49126 1
49153 1
49154 1
49159 1
49163 0
49165 0
49183 1
49191 1
49200 1
49207 0
49214 0
49216 0
49218 0
49219 0
49231 1
49238 1
49247 1
49252 1
49266 1
49281 0
49283 1
49290 0
49292 0
49296 1
49298 0
49309 1
49324 1
49336 0
49349 1
49360 1
49372 0
49378 1
49400 1
49413 1
49425 0
49433 0
49448 1
49452 0
49463 0
49478 0
49480 1
49489 0
49497 1
49501 1
49512 1
49518 1
49530 1
49538 0
49539 0
49545 1
49556 1
49557 0
49572 0
49578 1
49591 1
49605 0
49618 0
49632 1
49635 1
49637 0
49651 1
49659 1
49664 0
49665 0
49667 1
49668 1
49671 0
49674 0
49692 1
49700 0
49707 0
49712 1
49718 0
49729 1
49741 0
49743 0
49752 1
49759 0
49770 1
49779 1
49785 1
49786 0
49787 0
49802 0
49810 1
49817 1
49823 0
49834 0
49849 0
49860 0
49861 0
49866 0
49880 0
49892 0
49894 0
49906 0
49915 1
49927 0
49940 0
49953 1
49967 1
49980 1
49992 1
50001 0
50007 1
50013 1
50025 0
50034 0
50036 0
50043 0
50056 1
50065 1
50079 1
50086 0
50088 1
50090 0
50091 1
50094 0
50109 1
50124 1
50133 1
50147 0
50148 1
50154 0
50155 1
50158 1
50166 0
50167 1
50181 0
50194 0
50201 1
50202 0
50205 1
50209 0
50224 0
50228 1
50233 0
50237 0
50244 0
50250 0
50263 1
50274 0
50286 1
50298 1
50301 0
50314 0
50320 0
50332 1
50345 1
50346 0
50358 1
50367 1
50379 0
50383 0
50384 0
50398 1
50401 1
50413 1
50426 1
50441 1
50454 0
50466 0
50478 0
50487 0
50495 1
50508 1
50510 1
50525 0
50536 1
50539 1
50553 1
50558 0
50560 1
50573 1
50579 1
50587 1
50589 0
50600 0
50601 1
50602 1
50603 0
50607 0
50622 0
50625 1
50628 0
50640 1
50642 0
50655 0
50670 1
50679 0
50683 0
50698 0
50700 0
50714 0
50716 1
50719 0
50725 0
50738 1
50753 0
50759 1
50774 1
50785 0
50789 0
50797 1
50805 1
50814 0
50827 1
50841 1
50846 0
50852 0
50867 1
50880 0
50885 1
50888 0
50890 0
50904 1
50909 1
50918 0
50927 1
50930 1
50932 1
50937 0
50945 1
50950 1
50964 1
50965 1
50978 1
50980 0
50989 0
50996 0
51004 1
51012 0
51025 1
51033 0
51061 0
51068 1
51087 0
51098 0
51107 0
51116 1
51130 0
51137 0
51146 0
51149 0
51160 0
51175 1
51176 0
51182 0
51189 0
51198 0
51210 0
51214 0
51222 1
51225 1
51237 1
51238 1
51239 0
51253 1
51256 1
51260 0
51275 0
51290 0
51293 0
51302 0
51308 1
51313 0
51327 0
51334 0
51346 1
51353 0
51367 0
51371 1
51380 0
51391 1
51395 1
51402 1
51404 1
51418 1
51429 1
51443 1
51449 0
51455 1
51462 1
51470 0
51475 1
51486 1
51498 1
51512 1
51525 1
51529 1
51531 1
51538 0
51543 0
51551 1
51572 1
51583 0
51586 0
51598 0
51611 1
51623 0
51638 0
51646 0
51661 0
51672 1
51684 0
51686 1
51688 0
51694 1
51705 0
51710 1
51716 0
51722 0
51733 1
51736 0
51748 1
51760 0
51762 0
51765 0
51766 1
51770 1
51781 1
51788 1
51793 1
51798 1
51809 0
51814 1
51817 0
51825 0
51832 1
51837 1
51840 0
51855 1
51869 0
51884 1
51886 1
51887 0
51902 1
51911 0
51925 1
51933 1
51945 0
51949 1
51961 0
51979 1
51987 0
51993 1
51994 1
51998 0
52005 1
52016 0
52019 0
52021 1
52033 0
52042 1
52045 0
52046 0
52054 0
52061 0
52075 1
52083 1
52086 1
52095 0
52098 0
52112 1
52127 1
52133 0
52146 0
52149 0
52160 0
52164 0
52169 1
52173 0
52187 0
52200 0
52211 0
52213 0
52228 1
52234 1
52237 0
52238 0
52240 1
52253 0
52268 0
52271 1
52277 0
52280 1
52294 0
52309 1
52313 0
52326 1
52327 0
52334 1
52343 1
52345 1
52360 1
52374 0
52383 0
52387 1
52394 1
52402 0
52413 0
52427 0
52436 1
52441 0
52450 0
52454 0
52465 0
52472 1
52487 1
52492 0
52506 0
52509 0
52512 0
52513 0
52528 0
52536 0
52547 0
52561 1
52564 1
52573 1
52578 0
52581 0
52592 1
52607 1
52620 0
52626 0
52628 1
52631 0
52644 1
52653 1
52662 1
52676 1
52683 1
52697 0
52702 1
52709 1
52710 0
52711 1
52713 0
52720 0
52725 1
52728 1
52737 1
52752 1
52761 0
52763 1
52764 1
52778 1
52792 0
52805 0
52810 1
52818 1
52822 1
52834 0
52838 1
52851 0
52866 0
52875 1
52880 1
52892 1
52896 0
52908 0
52915 1
52923 1
52924 1
52939 0
52941 1
52953 0
52964 1
52968 0
52979 0
52985 0
52994 1
52999 0
53013 0
53024 0
53039 1
53041 0
53052 0
53055 0
53067 1
53080 1
53089 0
53094 0
53103 1
53116 1
53130 1
53133 0
53137 1
53150 1
53151 1
53153 0
53162 1
53176 0
53191 1
53196 0
53203 1
53217 0
53235 0
53237 1
53242 0
53255 0
53264 1
53277 0
53285 1
53300 0
53306 1
53308 0
53311 1
53323 0
53324 1
53337 1
53343 1
53350 1
53361 0
53370 1
53378 0
53384 0
53393 0
53400 0
53404 0
53417 0
53422 0
53437 0
53452 1
53457 0
53461 0
53465 1
53483 0
53497 0
53512 0
53523 0
53525 1
53540 0
53551 0
53563 0
53566 1
53568 0
53574 0
53575 1
53590 1
53593 1
53595 0
53597 0
53608 1
53621 1
53622 1
53625 0
53634 1
53639 0
53653 0
53657 1
53664 0
53676 1
53680 0
53692 1
53704 0
53719 0
53727 1
53741 0
53744 0
53750 0
53752 1
53759 1
53778 0
53792 1
53795 0
53807 1
53815 1
53822 0
53827 1
53836 1
53842 1
53853 0
53859 0
53872 1
53880 0
53886 1
53899 1
53914 1
53927 0
53930 0
53942 1
53945 1
53948 1
53957 1
53959 0
53971 1
53985 1
53991 0
53998 1
54007 1
54009 0
54015 0
54020 0
54029 0
54041 1
54045 0
54059 1
54062 0
54074 0
54083 0
54086 1
54089 0
54101 1
54116 0
54130 0
54144 0
54151 0
54157 1
54163 0
54176 1
54196 0
54198 1
54203 1
54207 1
54210 0
54215 0
54229 0
54238 1
54250 1
54264 0
54272 0
54285 0
54296 0
54300 0
54304 1
54318 1
54326 0
54334 0
54337 1
54345 0
54358 0
54366 0
54367 0
54382 0
54383 0
54390 0
54403 0
54415 0
54417 1
54430 1
54438 1
54453 0
54461 1
54465 0
54472 0
54494 1
54495 1
54507 1
54510 1
54514 1
54518 0
54530 1
54536 1
54540 1
54551 1
54565 1
54569 1
54583 1
54588 0
54594 1
54606 0
54618 1
54631 1
54636 1
54641 0
54642 0
54654 0
54658 0
54670 1
54675 1
54677 1
54690 0
54693 0
54694 1
54695 1
54699 1
54712 0
54716 0
54729 1
54730 1
54741 0
54749 1
54762 0
54763 0
54764 1
54776 0
54791 0
54804 0
54806 1
54820 1
54822 1
54826 1
54833 1
54840 1
54855 0
54864 0
54866 1
54873 1
54877 0
54882 0
54886 1
54889 1
54902 1
54914 0
54918 0
54923 1
54935 1
54944 0
54957 0
54962 1
54971 1
54973 1
54986 1
54993 0
55005 1
55019 1
55034 0
55036 1
55050 0
55063 0
55078 1
55084 0
55086 0
55090 1
55095 1
55110 0
55115 0
55126 1
55130 1
55138 0
55139 0
55152 1
55167 1
55179 0
55185 1
55213 1
55215 0
55227 1
55232 1
55240 0
55245 0
55251 0
55257 0
55270 1
55281 0
55282 1
55287 0
55291 0
55302 0
55314 0
55325 1
55336 0
55341 1
55353 0
55359 0
55372 0
55377 1
55385 1
55387 0
55388 0
55400 0
55408 0
55411 1
55412 0
55418 1
55425 1
55429 0
55442 0
55451 1
55455 0
55459 1
55467 1
55479 1
55481 0
55483 0
55495 0
55498 0
55516 1
55523 1
55535 0
55537 0
55546 0
55554 0
55563 1
55567 1
55578 1
55593 1
55604 1
55609 0
55613 1
55626 0
55638 1
55650 1
55661 0
55669 0
55683 1
55686 0
55694 1
55705 1
55706 1
55717 0
55725 0
55730 0
55737 1
55738 0
55739 1
55745 0
55751 0
55764 0
55766 1
55768 1
55776 0
55777 0
55779 1
55781 1
55792 0
55800 1
55803 1
55814 0
55843 1
55851 1
55855 1
55868 0
55872 1
55886 1
55887 1
55895 0
55919 1
55924 0
55932 0
55946 1
55948 0
55955 0
55968 0
55983 1
55988 0
56000 1
56011 1
56024 0
56032 1
56045 1
56057 1
56072 0
56083 0
56096 0
56103 1
56105 1
56118 0
56127 0
56133 1
56145 0
56151 0
56152 1
56157 1
56165 1
56168 0
56172 1
56177 1
56184 0
56185 0
56198 1
56206 0
56207 1
56220 1
56222 0
56224 0
56231 1
56233 0
56234 0
56246 1
56255 0
56259 1
56271 1
56279 0
56293 1
56305 1
56319 0
56321 1
56323 1
56336 0
56341 0
56344 1
56348 0
56352 0
56359 0
56366 1
56371 1
56386 1
56401 0
56403 1
56414 0
56425 0
56438 1
56445 0
56460 1
56473 1
56486 1
56489 0
56498 0
56509 0
56518 1
56531 0
56540 1
56552 0
56556 0
56558 0
56566 0
56573 1
56581 0
56602 0
56605 1
56617 1
56626 0
56646 0
56652 0
56664 1
56668 1
56671 0
56682 1
56694 1
56700 1
56701 1
56715 0
56720 0
56735 1
56740 0
56741 0
56749 1
56760 0
56761 1
56773 0
56774 0
56789 0
56792 1
56800 1
56814 1
56827 1
56838 0
56852 0
56854 0
56858 1
56873 0
56885 1
56893 1
56904 0
56912 1
56925 1
56940 1
56955 1
56966 0
56980 1
56991 0
56993 0
57005 0
57009 0
57023 1
57027 1
57042 1
57047 0
57048 0
57054 0
57056 0
57059 1
57064 1
57079 0
57093 0
57097 0
57102 1
57108 1
57115 0
57129 1
57138 1
57153 1
57162 0
57168 0
57172 1
57187 0
57194 1
57201 1
57210 1
57217 0
57222 1
57233 0
57242 1
57256 1
57260 0
57272 1
57285 0
57298 0
57300 0
57308 0
57322 0
57324 1
57335 0
57350 1
57356 0
57371 0
57386 0
57395 0
57398 1
57410 0
57416 1
57431 0
57442 1
57454 1
57466 0
57481 1
57496 0
57501 0
57515 1
57529 1
57536 1
57551 0
57562 1
57564 0
57565 0
57578 1
57591 0
57600 1
57609 1
57624 0
57633 0
57637 0
57644 1
57653 0
57674 0
57689 0
57698 0
57709 1
57724 1
57739 1
57753 0
57757 1
57771 1
57776 1
57784 0
57785 1
57799 0
57814 1
57821 0
57832 0
57845 1
57857 1
57861 1
57866 1
57874 1
57886 1
57895 0
57897 1
57908 0
57920 0
57934 0
57941 0
57946 1
57949 1
57972 1
57986 0
57991 1
58002 1
58004 0
58009 1
58013 0
58021 1
58036 0
58042 1
58050 1
58053 1
58058 0
58072 1
58080 0
58091 0
58102 1
58108 0
58117 0
58125 0
58138 1
58149 1
58152 0
58157 1
58165 0
58186 0
58191 0
58193 0
58202 0
58203 1
58215 1
58224 0
58227 1
58236 1
58251 1
58266 0
58268 1
58272 0
58285 0
58294 0
58297 1
58311 0
58326 1
58331 1
58338 0
58339 0
58343 1
58355 1
58362 1
58364 0
58369 0
58370 1
58374 0
58375 0
58377 1
58390 1
58392 1
58411 0
58419 1
58428 1
58430 0
58442 0
58457 1
58460 0
58461 1
58474 1
58476 1
58478 1
58486 0
58498 1
58510 1
58518 1
58524 0
58531 0
58544 0
58555 1
58563 1
58578 0
58584 1
58599 0
58603 1
58617 1
58632 1
58647 0
58653 0
58658 1
58667 1
58669 1
58680 0
58693 0
58695 1
58699 1
58700 0
58701 1
58702 1
58703 0
58715 0
58727 1
58729 0
58738 1
58752 1
58759 0
58767 1
58781 1
58795 0
58809 1
58812 0
58825 0
58828 0
58840 1
58851 0
58866 1
58879 0
58892 0
58906 0
58910 1
58923 0
58929 0
58942 0
58955 1
58962 0
58990 1
59005 1
59014 1
59023 0
59029 0
59030 1
59044 1
59055 1
59060 0
59067 0
59079 1
59091 0
59095 1
59099 0
59113 0
59116 1
59119 1
59127 0
59131 1
59134 0
59138 1
59153 0
59168 1
59183 0
59197 1
59198 0
59200 1
59209 0
59217 1
59231 0
59245 1
59253 1
59265 1
59267 1
59268 1
59283 0
59291 0
59306 1
59307 1
59312 0
59314 0
59315 1
59316 0
59320 1
59325 1
59332 0
59339 1
59353 1
59361 1
59370 0
59373 0
59375 1
59390 1
59404 1
59413 1
59420 0
59435 0
59447 1
59461 1
59472 1
59479 0
59493 0
59505 0
59509 0
59521 0
59532 1
59541 0
59548 1
59563 1
59572 1
59575 1
59589 1
59604 1
59619 1
59626 0
59628 1
59633 1
59644 0
59650 0
59665 1
59676 0
59679 1
59685 0
59700 0
59706 0
59715 1
59717 1
59719 0
59721 0
59735 0
59747 1
59751 1
59764 0
59765 0
59767 1
59773 1
59780 1
59786 0
59798 1
59804 0
59818 0
59825 1
59836 0
59841 1
59842 0
59853 0
59858 0
59863 1
59875 1
59878 0
59890 1
59898 0
59907 0
59916 0
59917 0
59928 1
59933 0
59939 0
59941 0
59942 1
59946 1
59947 0
59958 0
59972 0
59987 0
59998 0
60005 1
60010 0
60025 1
60039 0
60050 1
60055 1
60058 0
60072 0
60079 1
60101 1
60110 0
60115 1
60129 0
60135 1
60147 0
60153 1
60168 0
60174 0
60187 0
60201 1
60212 1
60218 1
60229 0
60237 0
60249 1
60261 0
60265 1
60267 0
60274 1
60279 0
60294 0
60308 1
60310 1
60325 0
60332 0
60339 0
60346 1
60347 0
60350 1
60353 0
60357 0
60362 1
60370 1
60381 1
60382 1
60383 0
60389 1
60395 1
60406 0
60417 1
60424 0
60436 0
60442 1
60453 0
60462 0
60466 1
60480 1
60481 0
60489 1
60503 1
60505 0
60517 0
60529 1
60537 0
60540 1
60549 1
60551 0
60552 1
60564 0
60573 0
60578 0
60590 0
60592 0
60598 0
60604 1
60613 1
60616 0
60625 1
60638 1
60649 0
60662 1
60670 1
60685 1
60690 1
60703 1
60714 1
60727 0
60729 0
60737 0
60739 1
60754 0
60766 1
60768 1
60775 1
60781 1
60792 1
60793 1
60794 0
60809 1
60817 1
60828 0
60830 0
60834 1
60847 0
60861 1
60864 0
60872 0
60879 0
60880 0
60881 0
60885 0
60893 1
60900 1
60901 1
60915 1
60929 0
60938 1
60940 0
60944 0
60956 1
60958 0
60967 0
60972 1
60983 1
60990 1
61001 1
61005 1
61017 0
61019 1
61034 0
61036 1
61048 0
61062 0
61070 0
61082 1
61094 1
61095 0
61107 1
61120 0
61127 1
61131 0
61138 1
61152 0
61164 1
61167 0
61169 1
61181 0
61194 1
61201 0
61215 1
61230 0
61234 1
61246 1
61261 0
61265 0
61268 0
61282 1
61295 1
61306 0
61310 0
61312 1
61313 1
61328 0
61334 1
61336 1
61342 1
61351 0
61365 0
61370 0
61375 1
61386 1
61393 0
61399 0
61410 1
61418 1
61422 1
61427 1
61431 1
61446 1
61447 1
61456 0
61468 1
61472 1
61478 0
61483 1
61497 1
61511 1
61523 0
61538 1
61549 0
61550 0
61559 1
61567 0
61572 1
61585 1
61593 1
61604 1
61605 1
61611 0
61640 1
61643 0
61657 1
61666 0
61673 1
61685 0
61688 1
61692 1
61699 1
61701 0
61716 0
61717 1
61718 0
61723 1
61736 1
61738 0
61752 0
61766 1
61773 0
61782 0
61785 1
61799 1
61811 0
61815 0
61816 0
61819 1
61825 1
61831 1
61832 0
61847 1
61859 0
61860 0
61867 1
61879 0
61883 1
61900 0
61906 0
61911 1
61933 1
61936 1
61940 0
61949 0
61958 0
61963 0
61970 0
61979 0
61985 0
61993 1
62001 1
62013 1
62018 1
62033 0
62042 1
62048 1
62054 0
62069 0
62084 0
62088 1
62091 1
62106 1
62112 1
62113 0
62117 0
62124 1
62133 1
62136 0
62138 1
62149 1
62164 0
62175 0
62190 1
62201 1
62210 1
62219 1
62221 0
62235 0
62237 0
62251 1
62259 1
62264 0
62276 0
62281 0
62288 0
62292 0
62296 1
62304 1
62312 1
62316 1
62320 1
62328 0
62333 0
62336 1
62344 1
62346 0
62351 1
62354 0
62367 1
62376 1
62381 0
62392 0
62395 0
62403 1
62416 0
62429 1
62436 1
62441 0
62449 1
62463 0
62484 0
62493 0
62499 1
62514 1
62515 0
62517 1
62530 0
62535 1
62559 1
62571 0
62586 1
62599 0
62611 0
62625 0
62636 0
62650 1
62655 1
62670 0
62676 0
62691 1
62703 1
62711 0
62725 1
62736 1
62744 0
62751 1
62765 1
62778 0
62780 0
62784 0
62785 1
62793 1
62798 0
62812 0
62815 0
62827 0
62833 0
62842 0
62848 1
62853 1
62858 0
62872 0
62874 1
62886 0
62895 1
62909 0
62915 0
62916 0
62921 1
62932 1
62941 1
62948 1
62961 0
62968 0
62982 0
62988 1
63001 1
63012 0
63027 1
63039 0
63040 1
63054 0
63055 1
63070 1
63084 1
63087 0
63089 0
63095 0
63107 1
63118 0
63123 0
63131 0
63140 1
63146 1
63160 1
63166 1
63170 0
63183 1
63198 0
63209 0
63212 1
63223 0
63227 1
63240 0
63242 0
63245 0
63256 1
63267 1
63282 1
63297 1
63298 1
63313 0
63318 1
63319 0
63322 0
63323 1
63338 1
63352 1
63356 1
63361 0
63364 1
63365 1
63376 0
63377 1
63380 1
63392 1
63405 0
63416 1
63421 0
63422 1
63426 1
63438 1
63442 0
63450 0
63464 0
63466 0
63473 1
63475 1
63484 1
63487 0
63501 0
63505 1
63512 0
63525 0
63526 0
63539 1
63554 0
63568 1
63573 1
63577 1
63590 0
63598 1
63603 1
63611 1
63614 1
63621 1
63623 0
63624 0
63630 1
63639 0
63643 0
63655 0
63656 0
63667 0
63675 0
63684 0
63687 1
63701 0
63702 1
63710 0
63711 1
63723 0
63734 0
63748 1
63751 1
63756 0
63758 1
63771 0
63772 1
63776 1
63778 0
63781 1
63786 0
63787 0
63802 1
63804 1
63808 0
63820 0
63826 1
63831 0
63834 1
63836 0
63840 1
63853 1
63855 1
63868 0
63876 0
63891 0
63896 0
63899 0
63907 0
63909 0
63924 1
63936 1
63942 1
63950 1
63957 1
63971 0
63975 1
63977 0
63986 0
63995 0
64001 1
64006 1
64014 0
64017 1
64020 1
64033 0
64039 1
64044 0
64056 1
64059 0
64070 1
64077 0
64092 1
64094 0
64109 1
64124 0
64133 1
64145 1
64158 1
64165 0
64179 0
64192 0
64198 0
64199 0
64200 0
64205 1
64216 1
64225 0
64231 0
64242 1
64250 1
64251 1
64256 0
64262 0
64274 0
64283 0
64286 0
64290 1
64303 1
64305 0
64314 0
64326 1
64327 1
64341 0
64346 0
64349 0
64352 1
64364 0
64367 1
64376 1
64383 1
64385 1
64393 0
64397 0
64401 1
64404 0
64408 0
64410 0
64413 1
64416 0
64430 1
64441 1
64444 0
64446 1
64459 1
64481 1
64492 0
64507 1
64513 1
64515 1
64523 0
64526 0
64528 0
64536 0
64537 0
64540 1
64543 1
64544 1
64568 0
64580 0
64582 0
64588 0
64596 0
64601 1
64612 0
64621 1
64634 0
64643 1
64668 1
64671 0
64674 0
64686 0
64693 1
64694 1
64695 1
64701 1
64716 0
64731 1
64734 0
64735 0
64750 0
64754 0
64755 1
64769 1
64783 0
64792 0
64793 1
64808 1
64813 1
64826 0
64839 1
64846 1
64851 1
64854 1
64858 1
64866 1
64877 0
64880 1
64892 1
64898 1
64907 0
64916 0
64925 1
64938 1
64947 1
64951 1
64958 1
64961 0
64975 1
64981 1
64995 0
64998 0
65003 1
65011 0
65024 0
65038 0
65041 0
65049 1
65064 1
65079 1
65082 0
65084 0
65092 1
65096 0
65100 1
65108 1
65109 1
65123 0
65137 1
65139 1
65140 1
65147 0
65159 0
65173 0
65180 1
65187 1
65198 0
65202 1
65206 0
65215 0
65224 1
65229 0
65238 1
65241 1
65242 0
65245 1
65247 0
65248 1
65249 1
65251 1
65252 0
65259 1
65267 0
65271 1
65276 1
65287 1
65295 0
65296 1
65301 1
65306 0
65307 0
65320 0
65323 0
65336 1
65349 1
65352 1
65358 0
65364 0
65378 1
65382 1
65397 0
65398 1
65412 1
65413 1
65422 0
65436 1
65443 0
65458 1
65465 0
65476 0
65479 0
65485 1
65491 1
65498 0
65506 1
65512 0
65526 1
65534 1
65545 1
65558 0
65562 1
65576 0
65590 1
65598 0
65602 0
65603 0
65606 0
65617 1
65621 1
65627 1
65638 1
65644 0
65659 1
65660 0
65673 0
65687 1
65694 1
65700 0
65707 1
65708 1
65722 0
65736 0
65749 0
65762 0
65770 1
65774 1
65776 1
65780 0
65784 1
65799 0
65800 1
65811 0
65820 0
65821 0
65835 1
65841 0
65856 0
65871 1
65880 1
65886 1
65893 0
65894 1
65898 1
65905 1
65909 1
65913 1
65915 0
65918 0
65932 0
65937 1
65944 0
65956 0
65964 1
65972 1
65974 0
65980 0
65994 1
66003 0
66005 1
66016 1
66023 0
66024 1
66036 0
66038 1
66050 0
66054 1
66055 1
66066 0
66070 0
66073 1
66074 1
66089 1
66100 1
66107 0
66119 1
66127 0
66134 1
66146 0
66152 0
66164 1
66173 1
66185 0
66191 0
66197 0
66199 0
66212 1
66214 1
66219 1
66231 1
66243 1
66244 0
66249 1
66260 1
66275 0
66282 1
66290 1
66303 0
66314 1
66325 0
66330 0
66337 1
66342 1
66347 1
66353 1
66365 1
66377 1
66378 0
66386 0
66393 0
66408 0
66414 0
66419 1
66428 0
66432 0
66437 1
66450 1
66459 0
66467 0
66471 0
66483 1
66484 0
66499 1
66500 0
66513 0
66528 0
66542 1
66557 0
66565 1
66580 0
66585 0
66588 1
66597 1
66609 0
66615 1
66623 0
66634 1
66653 0
66660 0
66673 1
66688 1
66700 1
66709 1
66722 1
66729 1
66734 0
66746 0
66747 0
66753 1
66761 1
66772 0
66773 0
66778 1
66780 0
66784 1
66785 1
66788 1
66794 1
66803 1
66811 1
66819 1
66826 0
66832 1
66846 1
66858 1
66859 1
66860 0
66871 1
66875 0
66882 1
66889 0
66901 0
66907 0
66908 1
66919 1
66932 1
66943 0
66948 1
66954 0
66955 0
66969 0
66978 1
66990 0
67005 0
67009 1
67022 1
67023 0
67036 1
67049 0
67060 1
67064 1
67067 1
67081 0
67090 1
67094 0
67103 0
67112 0
67127 1
67138 1
67140 1
67153 1
67154 0
67160 0
67161 0
67166 0
67174 1
67187 1
67192 0
67193 0
67202 1
67232 1
67236 0
67241 0
67247 1
67274 0
67286 1
67298 1
67311 0
67316 1
67323 0
67327 0
67333 1
67346 0
67349 0
67355 0
67369 0
67384 1
67396 0
67411 0
67424 0
67429 1
67440 0
67446 1
67460 0
67461 0
67463 1
67465 1
67472 1
67474 1
67475 1
67490 1
67501 0
67516 0
67531 1
67545 1
67553 1
67565 0
67568 0
67575 1
67580 1
67581 1
67592 1
67601 0
67609 1
67614 1
67619 0
67632 1
67640 0
67658 1
67659 0
67665 0
67680 1
67684 0
67686 0
67698 0
67711 0
67713 0
67714 1
67729 1
67736 0
67738 1
67750 1
67756 1
67767 0
67776 1
67787 0
67791 0
67798 0
67804 0
67812 1
67813 0
67828 0
67830 0
67838 0
67851 1
67858 1
67862 1
67876 1
67877 0
67892 1
67895 0
67910 1
67911 0
67919 1
67932 0
67945 0
67958 1
67966 1
67979 1
67985 0
67994 1
68003 0
68005 0
68031 0
68046 1
68052 1
68054 1
68062 1
68069 1
68080 1
68088 0
68103 1
68110 1
68123 0
68134 0
68149 0
68160 0
68172 0
68179 0
68186 0
68198 0
68213 1
68214 0
68216 0
68221 0
68226 0
68238 0
68244 1
68270 1
68276 0
68287 0
68294 1
68309 1
68322 0
68335 0
68343 1
68349 0
68362 1
68376 1
68377 0
68392 1
68397 1
68406 0
68421 0
68427 0
68429 1
68443 0
68455 0
68463 1
68467 0
68476 1
68496 0
68507 1
68514 1
68515 0
68527 1
68531 1
68543 1
68545 0
68556 1
68564 0
68570 0
68571 0
68577 1
68592 0
68594 1
68609 0
68618 0
68622 1
68630 0
68645 1
68660 1
68664 1
68670 0
68678 1
68692 1
68694 0
68703 0
68710 0
68724 0
68729 1
68741 0
68755 0
68768 1
68769 1
68772 1
68781 1
68786 1
68801 0
68812 1
68825 1
68837 0
68840 1
68851 0
68865 0
68878 0
68889 0
68892 0
68901 0
68909 0
68915 0
68916 0
68924 0
68927 1
68936 0
68941 0
68952 1
68961 0
68969 0
68980 0
68987 1
68996 1
69004 0
69017 0
69025 0
69032 0
69037 0
69050 0
69053 1
69066 1
69067 0
69069 0
69083 1
69087 0
69098 1
69111 0
69130 0
69133 0
69148 0
69155 0
69167 0
69175 0
69182 0
69197 0
69212 0
69213 1
69220 0
69234 1
69240 0
69256 0
69260 0
69267 0
69276 1
69280 0
69285 1
69289 1
69293 0
69294 0
69297 0
69298 0
69305 0
69306 0
69315 0
69317 0
69326 1
69333 0
69341 1
69354 1
69355 0
69361 1
69369 0
69373 0
69374 0
69376 1
69385 1
69389 1
69396 0
69401 0
69414 0
69426 1
69435 0
69438 1
69440 0
69447 0
69459 0
69468 1
69483 1
69486 1
69501 1
69509 0
69523 1
69532 1
69544 0
69551 1
69555 0
69566 0
69580 1
69581 1
69586 0
69599 1
69605 0
69616 1
69630 0
69643 0
69651 0
69658 1
69680 1
69693 1
69702 0
69705 1
69717 1
69719 1
69730 0
69731 0
69745 0
69753 0
69759 1
69774 0
69780 1
69785 1
69794 1
69808 1
69819 1
69821 1
69829 0
69832 0
69837 0
69848 0
69854 1
69862 1
69865 0
69869 1
69881 0
69887 1
69899 1
69901 1
69907 1
69912 0
69921 1
69933 0
69942 0
69955 0
69963 1
69967 1
69970 1
69977 0
69986 1
69997 0
70012 0
70024 1
70033 1
70038 1
70046 0
70050 1
70061 0
70072 1
70080 1
70083 1
70089 0
70090 1
70102 1
70113 0
70124 0
70130 1
70143 1
70147 1
70152 0
70153 0
70172 1
70187 1
70200 1
70202 0
70217 0
70220 0
70231 1
70245 1
70257 0
70262 1
70265 0
70273 1
70287 0
70302 0
70315 1
70328 0
70335 1
70343 0
70352 0
70364 0
70373 1
70381 0
70385 1
70386 1
70400 1
70412 0
70417 1
70429 1
70434 0
70446 0
70451 0
70457 0
70472 1
70479 1
70494 1
70499 0
70501 1
70505 1
70519 1
70540 0
70544 0
70553 1
70568 1
70583 1
70590 0
70591 0
70599 1
70600 0
70614 0
70623 1
70636 0
70653 0
70654 0
70660 1
70669 1
70675 1
70688 1
70690 0
70701 0
70710 1
70714 0
70728 0
70731 0
70746 0
70758 1
70763 0
70767 0
70789 0
70794 1
70805 0
70820 0
70835 1
70844 0
70858 1
70860 1
70861 0
70872 0
70885 1
70900 0
70911 0
70926 0
70927 0
70939 0
70945 0
70957 1
70966 0
70969 0
70983 1
70996 0
71010 1
71011 0
71017 1
71028 1
71041 1
71056 0
71061 1
71074 0
71082 1
71101 1
71106 0
71113 0
71125 0
71129 0
71130 1
71134 0
71147 1
71152 1
71165 0
71174 0
71175 0
71179 0
71185 1
71188 1
71193 0
71206 0
71214 0
71228 1
71235 0
71237 1
71242 0
71256 1
71261 0
71278 0
71280 0
71289 1
71314 0
71316 0
71330 1
71341 1
71355 0
71356 0
71357 0
71359 1
71365 0
71373 0
71381 1
71386 0
71401 1
71415 1
71423 1
71428 0
71441 0
71446 1
71447 0
71455 1
71456 1
71469 1
71481 1
71483 0
71492 1
71496 0
71498 1
71509 1
71517 0
71522 1
71524 1
71535 0
71550 1
71563 1
71574 0
71582 0
71583 0
71591 0
71592 0
71595 0
71609 1
71611 1
71626 0
71629 0
71632 0
71641 0
71644 0
71652 0
71659 0
71661 0
71664 1
71669 1
71677 0
71682 1
71692 0
71693 0
71697 1
71698 0
71703 0
71715 1
71736 1
71747 0
71762 0
71766 1
71767 1
71781 1
71786 0
71794 0
71800 0
71812 0
71826 0
71830 1
71838 0
71853 1
71858 1
71865 1
71873 0
71887 1
71895 1
71910 1
71925 0
71930 0
71935 0
71941 0
71945 1
71953 1
71957 1
71970 1
71972 0
71978 0
71983 0
71990 1
71994 0
72001 0
72014 0
72026 1
72030 1
72034 1
72038 1
72047 0
72061 0
72070 1
72075 1
72076 0
72082 1
72087 0
72106 0
72109 0
72116 0
72131 0
72140 1
72153 0
72159 0
72168 1
72170 1
72177 1
72179 0
72183 1
72184 0
72198 1
72204 1
72210 1
72218 1
72224 0
72239 1
72242 1
72251 1
72265 1
72266 1
72275 1
72283 1
72289 0
72305 0
72316 1
72331 0
72342 1
72351 0
72360 0
72361 1
72373 1
72381 0
72392 1
72406 0
72408 1
72413 1
72428 0
72439 1
72443 1
72448 0
72472 1
72487 1
72499 0
72504 1
72513 1
72521 1
72529 0
72530 1
72533 0
72537 0
72557 0
72558 1
72569 1
72571 1
72586 1
72595 0
72610 1
72611 0
72622 1
72637 1
72638 1
72647 0
72650 0
72658 0
72663 0
72664 0
72668 1
72672 0
72673 1
72688 1
72699 1
72713 0
72714 1
72716 1
72727 1
72735 0
72740 1
72742 1
72755 0
72760 1
72762 0
72768 1
72769 1
72781 1
72787 0
72790 0
72792 0
72803 1
72808 1
72822 1
72833 0
72848 0
72857 0
72872 1
72887 0
72891 0
72896 1
72903 1
72907 0
72915 0
72921 0
72932 1
72941 1
72945 1
72960 0
72974 1
72981 1
72989 1
72995 1
73002 1
73013 1
73027 1
73034 1
73047 0
73056 0
73057 0
73058 0
73063 0
73076 0
73081 1
73089 0
73090 0
73092 0
73105 1
73120 0
73129 0
73140 1
73154 0
73165 0
73169 0
73174 1
73185 0
73203 1
73208 1
73217 0
73232 0
73233 1
73240 1
73251 1
73257 0
73268 0
73283 1
73287 0
73296 0
73303 1
73310 0
73312 0
73318 1
73320 0
73327 0
73330 0
73344 1
73348 0
73349 1
73355 0
73362 0
73368 1
73379 1
73384 1
73395 0
73400 1
73411 0
73414 0
73416 1
73429 1
73440 0
73443 1
73444 1
73447 0
73458 0
73470 0
73479 1
73491 1
73492 0
73504 0
73507 1
73512 0
73515 1
73530 1
73542 0
73551 0
73558 1
73562 1
73566 1
73569 1
73570 1
73585 0
73587 0
73589 0
73602 0
73607 0
73613 0
73627 1
73635 0
73646 0
73660 0
73675 1
73678 0
73682 0
73686 0
73691 0
73694 0
73706 1
73712 1
73724 1
73739 1
73744 1
73749 1
73757 0
73770 0
73776 0
73782 1
73795 1
73809 1
73815 0
73828 0
73839 0
73850 0
73865 1
73867 0
73878 0
73880 0
73885 0
73886 0
73900 0
73906 1
73912 0
73923 1
73935 1
73946 0
73955 0
73964 0
73967 0
73973 0
73987 1
73995 1
73999 1
74007 0
74011 0
74015 0
74030 0
74041 1
74053 0
74060 1
74071 1
74077 1
74084 0
74092 1
74104 0
74112 0
74119 0
74124 0
74136 0
74150 0
74163 1
74167 1
74168 1
74177 1
74178 1
74191 0
74195 0
74204 1
74216 1
74224 0
74237 0
74244 1
74259 1
74270 0
74279 1
74287 1
74294 1
74295 0
74302 0
74315 1
74319 1
74324 1
74326 1
74327 1
74328 0
74341 0
74349 1
74355 0
74366 1
74367 0
74378 1
74389 1
74401 0
74409 0
74413 1
74420 0
74426 1
74432 0
74440 1
74449 1
74461 0
74466 1
74479 1
74490 1
74494 0
74502 0
74511 1
74526 0
74539 1
74545 0
74548 0
74557 1
74565 1
74577 1
74592 1
74606 1
74609 0
74622 0
74627 1
74650 0
74653 0
74664 0
74671 0
74677 1
74679 0
74691 1
74702 0
74705 0
74709 0
74717 1
74728 1
74737 1
74741 0
74742 0
74766 0
74775 0
74776 1
74784 0
74797 0
74806 0
74807 1
74813 0
74826 0
74837 1
74841 0
74856 0
74860 1
74871 0
74883 1
74884 1
74885 1
74898 0
74904 1
74909 1
74922 1
74924 0
74936 1
74948 0
74954 0
74966 0
74981 0
74982 1
74994 1
74999 0
75010 1
75016 1
75022 0
75030 0
75032 0
75046 0
75049 1
75057 0
75065 1
75074 1
75086 0
75098 0
75113 1
75115 0
75116 0
75117 0
75120 0
75121 1
75127 0
75142 0
75147 1
75158 1
75166 1
75168 1
75172 0
75176 0
75184 1
75199 0
75207 1
75210 0
75216 1
75223 0
75232 0
75245 1
75257 0
75264 1
75283 0
75287 1
75291 1
75306 1
75313 1
75326 1
75330 1
75343 0
75354 0
75365 0
75372 1
75381 1
75386 1
75399 0
75414 0
75420 0
75425 1
75427 0
75429 0
75433 1
75444 0
75456 1
75467 1
75469 1
75474 0
75486 0
75490 0
75492 0
75495 0
75498 1
75510 0
75522 0
75536 1
75551 0
75566 1
75577 0
75581 1
75592 0
75593 1
75606 0
75615 1
75622 0
75634 0
75642 0
75655 0
75666 0
75681 0
75694 0
75705 1
75712 1
75721 1
75730 0
75745 1
75749 0
75756 0
75757 0
75771 1
75775 1
75776 0
75777 0
75788 0
75801 1
75808 1
75810 0
75815 1
75818 0
75833 1
75846 1
75847 1
75862 0
75865 0
75867 0
75868 1
75879 1
75888 1
75900 0
75914 1
75918 0
75932 0
75946 0
75960 1
75961 1
75966 1
75967 1
75982 0
75993 0
76008 0
76011 1
76025 0
76032 1
76043 0
76054 1
76059 0
76065 1
76067 1
76079 0
76082 1
76094 0
76103 0
76107 0
76110 0
76121 1
76133 0
76148 0
76154 0
76169 1
76184 0
76188 0
76194 0
76197 1
76199 1
76202 0
76205 1
76213 0
76227 0
76228 0
76231 1
76236 0
76248 0
76251 0
76262 1
76264 1
76270 1
76281 1
76294 0
76299 1
76308 0
76311 1
76312 1
76324 0
76339 1
76344 0
76355 0
76360 1
76374 0
76382 0
76390 1
76403 1
76405 0
76414 0
76421 0
76427 1
76438 0
76450 1
76459 0
76484 1
76497 0
76506 1
76508 1
76511 1
76516 1
76527 0
76528 1
76539 1
76541 1
76556 0
76569 1
76575 1
76579 0
76588 1
76600 0
76612 0
76623 0
76631 0
76635 0
76638 1
76652 0
76656 1
76659 0
76662 1
76675 0
76688 1
76691 0
76694 1
76707 1
76720 1
76734 0
76747 1
76759 0
76764 1
76770 1
76778 1
76792 1
76796 0
76810 1
76837 1
76843 1
76852 1
76853 1
76862 1
76867 0
76881 1
76883 1
76885 0
76899 0
76901 0
76908 1
76910 0
76915 1
76926 1
76937 1
76950 1
76958 0
76971 1
76973 1
76975 1
76990 1
77002 1
77010 0
77018 1
77025 0
77036 1
77037 1
77049 0
77055 0
77057 0
77058 1
77066 1
77090 0
77093 1
77106 0
77121 1
77129 1
77144 1
77157 1
77158 0
77171 0
77184 1
77191 1
77206 0
77208 1
77221 0
77234 1
77239 1
77250 0
77256 0
77258 0
77266 0
77274 1
77287 1
77299 0
77302 0
77317 1
77321 1
77323 1
77326 1
77335 0
77352 1
77356 1
77368 1
77380 1
77382 1
77385 1
77386 0
77390 0
77391 1
77396 0
77400 0
77414 0
77428 0
77443 1
77455 0
77457 1
77471 1
77482 1
77484 0
77486 0
77494 1
77515 1
77516 1
77521 0
77525 1
77534 0
77536 0
77538 1
77541 1
77550 1
77564 0
77570 0
77574 0
77582 0
77597 0
77604 1
77605 1
77620 0
77629 1
77642 1
77649 0
77655 0
77659 1
77670 1
77685 1
77699 1
77701 0
77706 1
77719 1
77722 1
77723 0
77735 0
77737 0
77745 0
77747 1
77749 1
77753 1
77761 1
77765 1
77772 0
77783 1
77794 0
77806 0
77818 1
77826 0
77839 0
77850 0
77853 0
77867 0
77880 0
77892 1
77901 1
77913 0
77921 1
77926 1
77931 1
77945 1
77960 1
77969 1
77975 0
77987 0
77990 1
77998 0
78003 0
78011 1
78019 1
78030 1
78035 0
78048 1
78054 1
78057 1
78069 0
78083 1
78094 1
78097 1
78100 1
78109 1
78120 0
78126 1
78145 1
78153 1
78160 0
78174 0
78179 0
78188 0
78201 0
78214 1
78219 0
78221 0
78228 0
78235 0
78238 0
78253 1
78266 0
78272 1
78288 0
78303 1
78316 0
78320 0
78321 0
78328 0
78343 1
78349 1
78361 1
78367 0
78380 1
78388 1
78400 1
78403 1
78414 0
78429 1
78444 1
78457 0
78462 0
78477 1
78486 1
78492 1
78505 1
78513 0
78526 0
78533 1
78537 0
78549 0
78561 0
78567 0
78573 0
78584 0
78593 1
78601 0
78602 0
78611 1
78626 0
78633 0
78637 1
78650 1
78653 1
78659 1
78670 0
78676 0
78690 0
78701 1
78708 0
78722 1
78727 0
78738 0
78741 1
78752 0
78764 1
78775 1
78783 0
78792 1
78800 1
78807 1
78820 0
78821 1
78836 0
78849 1
78858 1
78867 0
78876 1
78879 0
78901 0
78909 1
78918 1
78920 1
78934 0
78940 0
78947 1
78949 0
78961 1
78963 0
78974 0
78980 1
78985 1
78989 0
79003 0
79009 0
79021 1
79024 1
79033 1
79048 1
79061 0
79063 1
79070 0
79077 0
79092 1
79105 1
79108 1
79116 1
79129 0
79136 0
79147 1
79153 1
79165 0
79168 0
79181 0
79183 1
79190 1
79195 0
79198 1
79204 0
79213 1
79217 0
79229 0
79231 0
79236 1
79239 0
79252 1
79261 1
79276 1
79285 1
79300 0
79301 1
79307 1
79312 0
79321 0
79329 1
79343 0
79355 1
79369 0
79371 0
79380 0
79387 1
79395 1
79402 1
79410 1
79414 0
79422 0
79428 1
79435 1
79439 0
79454 0
79466 0
79480 1
79487 1
79488 0
79494 1
79507 1
79515 0
79528 0
79536 1
79544 1
79546 1
79549 0
79562 1
79575 0
79592 0
79593 0
79597 0
79611 0
79616 1
79633 1
79640 0
79657 0
79666 1
79678 1
79693 0
79704 1
79719 0
79732 0
79738 1
79758 1
79769 1
79775 1
79783 1
79797 1
79799 0
79802 1
79813 1
79821 0
79824 0
79835 1
79839 0
79853 1
79866 0
79878 0
79892 0
79900 0
79909 0
79911 0
79916 1
79927 0
79949 1
79960 0
79974 1
79979 0
79981 0
79987 1
79988 0
