9742
15 1
19 1
23 1
31 1
33 0
40 1
45 1
50 0
56 0
69 1
71 0
80 1
91 1
97 0
109 1
118 1
132 1
133 0
135 1
138 0
147 0
159 0
161 1
173 1
188 1
196 1
210 0
217 1
221 0
235 1
243 1
258 1
259 0
265 1
277 1
289 0
300 0
303 1
314 0
329 1
331 1
333 0
342 0
349 1
351 0
352 0
366 1
379 1
391 1
392 0
395 1
396 0
407 1
418 0
432 1
446 0
450 1
455 0
458 0
473 0
479 0
493 0
507 0
514 0
519 1
533 1
545 1
552 1
565 1
571 0
576 1
590 0
592 1
594 0
608 1
623 1
638 1
652 1
655 1
660 0
662 0
667 0
669 0
674 0
683 0
687 1
701 1
715 0
718 1
726 1
732 0
733 1
740 1
748 1
757 1
760 0
773 1
782 0
789 1
798 0
804 0
815 0
818 0
831 0
845 0
854 1
858 0
866 1
880 0
882 0
884 1
896 0
900 1
915 0
918 1
929 1
943 0
950 0
963 1
964 0
979 1
990 1
992 1
1005 1
1019 0
1021 1
1035 1
1049 0
1055 1
1056 0
1069 0
1070 0
1078 0
1090 0
1101 1
1102 1
1110 0
1123 1
1125 1
1137 0
1138 1
1149 0
1156 1
1160 0
1162 0
1163 0
1175 0
1181 1
1186 1
1188 1
1195 0
1221 1
1232 1
1234 1
1246 0
1258 1
1260 0
1264 1
1271 0
1282 0
1293 0
1301 1
1324 0
1331 0
1332 0
1347 1
1358 0
1361 1
1373 1
1375 0
1376 1
1377 1
1380 1
1384 0
1389 1
1397 0
1400 0
1412 0
1414 1
1417 1
1426 1
1437 1
1452 0
1459 0
1473 1
1484 0
1499 1
1510 1
1514 0
1517 0
1526 1
1533 1
1534 1
1541 0
1546 1
1550 1
1562 1
1564 0
1578 0
1590 1
1594 1
1602 1
1608 1
1613 1
1621 0
1635 1
1644 0
1652 1
1666 0
1673 0
1686 1
1687 1
1690 1
1705 1
1713 1
1716 1
1717 0
1729 0
1733 0
1741 1
1748 0
1749 0
1752 0
1769 0
1775 1
1786 0
1794 1
1801 1
1812 0
1825 0
1832 1
1841 1
1843 1
1854 1
1858 1
1870 0
1885 0
1890 0
1897 0
1898 1
1899 1
1910 1
1916 1
1917 0
1921 0
1925 0
1928 1
1937 0
1952 1
1961 1
1967 1
1969 0
1978 0
1984 1
1996 1
1999 0
2010 1
2019 0
2038 0
2053 1
2059 1
2072 1
2086 0
2099 0
2110 1
2122 1
2131 1
2140 1
2145 0
2147 0
2161 0
2165 0
2177 1
2180 0
2181 1
2183 0
2194 1
2202 0
2210 1
2214 0
2218 0
2221 1
2234 1
2240 0
2251 1
2253 1
2262 0
2277 1
2291 0
2305 1
2309 0
2321 1
2336 1
2342 0
2359 1
2365 1
2368 0
2381 1
2382 1
2388 1
2397 1
2408 1
2413 0
2417 0
2432 0
2447 1
2448 0
2453 1
2456 0
2467 0
2479 0
2493 0
2500 0
2503 1
2514 0
2515 0
2522 1
2534 0
2549 1
2562 0
2570 0
2581 0
2590 0
2595 0
2602 0
2610 1
2616 0
2623 0
2637 0
2652 0
2656 0
2665 0
2680 0
2688 0
2697 0
2702 0
2711 0
2722 1
2727 0
2739 1
2746 0
2751 1
2755 0
2764 1
2779 0
2780 1
2788 1
2802 0
2809 0
2810 1
2823 1
2831 1
2839 0
2854 1
2862 1
2875 0
2882 1
2888 0
2894 1
2895 0
2901 1
2909 1
2916 0
2921 0
2936 0
2945 1
2957 0
2971 0
2977 0
2978 1
2979 1
2984 0
2992 0
3001 1
3024 0
3033 1
3039 0
3050 0
3061 1
3073 0
3076 0
3078 0
3093 0
3100 1
3114 0
3129 0
3134 0
3146 1
3149 0
3160 0
3168 0
3174 0
3189 0
3195 1
3203 1
3209 1
3214 1
3216 0
3219 1
3231 1
3233 0
3240 1
3247 0
3254 1
3278 1
3281 1
3288 1
3289 0
3302 1
3311 1
3323 1
3326 1
3328 0
3342 1
3348 0
3349 0
3358 0
3361 0
3370 0
3383 1
3387 1
3391 1
3406 0
3409 1
3421 1
3427 1
3434 0
3445 0
3454 1
3456 1
3467 1
3479 0
3483 0
3495 0
3503 1
3517 0
3519 1
3528 1
3541 0
3549 0
3556 0
3562 0
3577 0
3589 0
3604 0
3605 0
3606 1
3619 1
3623 1
3631 0
3638 0
3642 0
3644 0
3649 1
3661 1
3666 1
3669 0
3680 0
3693 1
3707 1
3720 1
3723 1
3731 1
3744 0
3757 0
3770 1
3779 1
3785 0
3801 1
3813 0
3828 1
3836 1
3839 0
3844 1
3851 0
3855 0
3856 0
3870 0
3877 1
3884 1
3885 1
3897 0
3900 1
3914 1
3926 0
3928 1
3932 0
3939 0
3946 1
3958 0
3966 0
3971 0
3986 1
3999 0
4008 1
4020 1
4023 0
4036 0
4044 1
4045 0
4050 1
4071 1
4077 1
4089 0
4098 1
4105 0
4116 1
4122 1
4130 1
4142 0
4143 1
4151 0
4160 1
4166 0
4169 0
4178 0
4183 0
4186 1
4192 0
4206 0
4226 0
4229 0
4241 1
4242 1
4246 1
4260 0
4269 0
4277 0
4288 1
4303 0
4317 0
4326 0
4335 0
4342 0
4349 1
4363 1
4371 0
4396 0
4402 0
4416 0
4430 1
4438 1
4452 0
4455 1
4459 1
4473 0
4488 1
4493 0
4505 0
4506 1
4514 1
4519 1
4524 1
4529 0
4558 1
4565 1
4566 1
4569 1
4574 1
4589 0
4592 0
4600 1
4608 0
4617 1
4643 0
4650 0
4659 0
4660 0
4661 0
4669 1
4673 0
4676 0
4687 0
4696 1
4704 1
4707 1
4712 1
4717 1
4718 1
4733 0
4738 0
4741 1
4743 0
4750 0
4759 1
4763 1
4764 1
4772 1
4785 0
4800 0
4805 0
4818 0
4827 0
4831 1
4839 0
4853 0
4858 1
4866 1
4875 1
4888 1
4897 1
4910 1
4919 1
4932 1
4937 1
4946 1
4958 1
4965 1
4968 1
4983 1
4998 0
5003 0
5010 0
5011 1
5015 0
5019 0
5024 0
5027 1
5033 0
5045 1
5060 1
5063 1
5066 0
5067 1
5080 1
5083 0
5085 0
5094 1
5106 1
5120 0
5132 0
5146 0
5157 0
5161 1
5175 1
5183 1
5184 1
5193 1
5195 0
5198 0
5211 0
5226 1
5241 0
5242 1
5244 0
5246 1
5249 0
5251 1
5253 0
5257 1
5258 0
5273 1
5274 1
5285 1
5289 0
5296 0
5301 0
5313 1
5319 0
5344 1
5351 0
5353 0
5356 1
5371 1
5386 1
5393 1
5399 0
5406 1
5419 0
5420 0
5434 0
5440 0
5441 1
5456 1
5458 0
5472 0
5477 1
5478 0
5482 1
5491 1
5495 1
5499 0
5502 0
5513 0
5514 0
5520 1
5521 1
5527 0
5532 0
5543 0
5549 0
5557 0
5559 1
5563 0
5571 0
5582 1
5586 1
5600 1
5609 1
5611 1
5620 1
5622 0
5628 0
5636 0
5647 0
5660 1
5669 1
5683 0
5692 1
5707 1
5722 1
5730 1
5732 1
5736 0
5743 1
5758 0
5770 0
5782 0
5795 0
5809 0
5821 0
5832 1
5836 0
5845 1
5857 1
5872 1
5881 1
5896 0
5905 0
5906 0
5913 1
5925 1
5939 1
5950 0
5963 1
5967 0
5972 0
5986 1
5990 1
5991 1
5998 1
6012 0
6025 0
6031 1
6042 0
6050 1
6054 1
6066 0
6080 1
6094 0
6102 1
6106 0
6107 1
6109 0
6122 1
6128 0
6130 0
6133 0
6144 0
6153 1
6157 0
6168 0
6169 1
6174 0
6188 1
6200 1
6201 0
6212 0
6217 0
6229 0
6244 0
6247 1
6252 0
6263 0
6264 1
6272 0
6279 1
6283 0
6288 0
6296 0
6308 0
6322 1
6329 0
6348 0
6352 1
6365 0
6379 0
6383 1
6387 0
6390 1
6401 0
6409 0
6412 1
6420 1
6428 1
6432 0
6439 0
6444 0
6455 0
6469 1
6472 1
6473 0
6478 0
6487 1
6490 0
6492 1
6496 1
6511 0
6522 0
6529 0
6534 1
6562 1
6571 0
6584 0
6586 1
6595 1
6601 0
6602 1
6616 0
6623 1
6624 0
6627 0
6640 0
6653 1
6661 0
6668 1
6681 0
6686 0
6698 1
6705 1
6714 0
6729 0
6735 1
6744 0
6752 1
6758 0
6769 0
6780 0
6784 0
6787 1
6788 1
6803 1
6817 1
6826 1
6835 1
6838 1
6844 1
6846 0
6859 0
6870 1
6876 1
6880 1
6889 1
6890 0
6902 0
6908 0
6920 0
6935 0
6942 0
6950 0
6959 1
6964 1
6978 1
6986 0
6992 0
7003 1
7006 0
7007 0
7018 1
7032 0
7041 1
7047 0
7066 0
7077 1
7085 0
7089 0
7093 1
7095 1
7096 0
7108 0
7119 0
7133 0
7141 1
7142 0
7147 1
7155 1
7168 0
7180 0
7189 0
7195 1
7218 0
7222 1
7236 0
7237 0
7250 0
7261 1
7269 1
7273 1
7286 0
7292 0
7295 1
7307 0
7313 0
7326 1
7332 0
7339 1
7344 0
7347 1
7358 0
7370 1
7382 0
7389 1
7403 0
7410 0
7414 1
7419 1
7421 1
7425 1
7433 0
7444 1
7451 1
7462 0
7467 0
7482 0
7485 0
7497 1
7502 0
7505 0
7506 0
7512 0
7521 0
7522 0
7527 0
7536 0
7551 1
7566 1
7567 0
7582 1
7601 0
7606 0
7618 1
7629 0
7631 0
7642 0
7654 1
7658 1
7672 0
7681 0
7688 1
7693 1
7699 1
7713 1
7724 1
7729 0
7740 0
7748 0
7751 0
7757 0
7771 0
7777 1
7784 0
7790 1
7803 0
7818 0
7827 0
7832 1
7846 0
7862 0
7864 1
7867 0
7868 0
7882 1
7890 0
7916 1
7917 1
7932 0
7947 1
7962 0
7969 0
7976 0
7983 0
7985 0
7990 0
7997 1
8006 0
8014 1
8023 0
8036 1
8044 1
8058 1
8071 1
8086 1
8089 1
8103 1
8107 1
8113 1
8126 0
8140 0
8147 1
8149 0
8163 1
8174 0
8183 0
8198 1
8200 1
8215 0
8220 0
8231 1
8235 0
8249 0
8251 0
8256 0
8260 0
8262 0
8265 0
8279 1
8291 0
8294 1
8297 1
8302 1
8308 0
8313 0
8326 0
8327 0
8339 1
8342 0
8343 0
8358 0
8359 1
8370 1
8373 1
8382 1
8391 1
8404 0
8411 1
8416 1
8421 1
8434 1
8449 0
8453 0
8456 1
8470 0
8477 0
8485 1
8490 1
8502 1
8505 1
8518 0
8520 0
8525 0
8534 0
8545 0
8551 1
8566 0
8574 0
8586 1
8594 1
8598 1
8599 1
8604 0
8618 0
8631 1
8633 1
8646 1
8660 0
8661 1
8675 1
8688 0
8689 1
8697 1
8706 1
8707 1
8712 0
8720 0
8729 1
8735 1
8736 1
8739 1
8754 0
8768 1
8770 1
8772 0
8781 1
8786 0
8787 0
8794 1
8795 0
8806 1
8818 0
8823 0
8825 0
8834 1
8846 0
8852 1
8859 0
8868 1
8879 0
8890 1
8897 1
8903 0
8911 1
8915 0
8929 1
8932 0
8946 0
8949 1
8963 1
8969 1
8981 1
8992 1
8993 0
8996 1
9000 1
9004 0
9007 1
9022 1
9031 1
9042 0
9056 1
9061 1
9074 1
9086 1
9100 1
9107 1
9116 0
9128 0
9132 0
9141 1
9154 1
9166 1
9172 1
9174 0
9188 0
9194 0
9200 0
9215 0
9228 0
9235 0
9246 1
9260 0
9262 0
9271 1
9277 0
9291 1
9304 0
9310 0
9314 1
9326 0
9345 1
9348 0
9359 1
9361 0
9372 0
9387 1
9393 1
9400 0
9408 0
9423 0
9430 1
9444 0
9448 0
9452 0
9464 0
9471 0
9478 1
9483 1
9488 1
9503 0
9511 1
9519 1
9520 1
9529 1
9540 0
9547 1
9551 0
9556 0
9564 1
9577 1
9581 0
9593 0
9608 0
9615 0
9620 1
9626 1
9631 1
9633 0
9646 1
9657 1
9670 0
9685 0
9696 1
9705 0
9711 1
9738 1
9746 1
9752 0
9755 1
9761 0
9764 0
9776 1
9784 0
9793 1
9800 1
9804 0
9818 1
9823 1
9837 0
9842 0
9848 1
9863 0
9868 0
9882 1
9887 1
9890 0
9896 0
9911 1
9926 0
9938 1
9944 0
9947 1
9953 1
9959 1
9967 0
9982 1
9986 1
9993 0
10007 1
10022 0
10035 0
10042 0
10045 1
10053 0
10061 0
10084 1
10090 1
10101 1
10109 1
10123 0
10136 1
10149 0
10157 0
10160 0
10167 0
10173 0
10186 0
10187 1
10198 0
10213 1
10225 1
10231 0
10244 0
10259 1
10270 1
10281 0
10292 0
10307 1
10321 1
10328 1
10332 0
10335 0
10346 1
10361 0
10373 0
10388 0
10396 1
10403 1
10416 0
10423 0
10438 0
10442 1
10447 1
10452 0
10463 1
10474 1
10485 1
10498 1
10502 1
10511 0
10526 0
10528 0
10541 1
10556 1
10560 1
10563 1
10565 0
10570 1
10577 0
10583 1
10589 0
10602 0
10607 0
10623 0
10636 1
10637 1
10639 1
10645 1
10646 1
10658 0
10670 0
10676 0
10679 1
10692 0
10699 1
10704 0
10707 1
10719 1
10728 1
10740 1
10742 0
10743 0
10746 0
10754 0
10766 0
10778 0
10780 1
10789 1
10791 0
10792 1
10798 0
10807 1
10821 1
10825 1
10831 0
10846 1
10853 1
10854 0
10858 1
10873 0
10885 0
10889 1
10901 0
10906 1
10921 1
10924 1
10938 0
10945 1
10962 1
10973 0
10978 1
10984 0
10991 1
11000 1
11007 0
11021 0
11035 1
11044 0
11059 1
11064 1
11076 1
11078 0
11083 1
11090 0
11098 1
11110 0
11117 1
11132 1
11140 1
11148 1
11149 1
11162 0
11163 0
11174 0
11175 1
11190 0
11198 0
11199 0
11211 0
11219 0
11224 1
11227 1
11240 0
11244 1
11255 0
11259 1
11271 0
11272 0
11273 1
11287 0
11296 1
11310 1
11315 1
11321 1
11326 0
11329 1
11341 0
11353 0
11357 1
11359 0
11361 0
11365 0
11369 0
11375 0
11382 0
11389 0
11392 0
11396 1
11410 0
11421 1
11428 0
11444 0
11459 1
11474 1
11488 0
11491 0
11503 0
11507 0
11519 0
11528 0
11533 0
11538 1
11551 0
11562 1
11571 1
11586 1
11599 0
11604 1
11621 1
11632 1
11643 1
11647 0
11650 1
11656 1
11658 0
11672 0
11687 0
11702 1
11708 0
11719 1
11721 0
11724 0
11732 0
11744 1
11756 1
11770 1
11783 1
11789 0
11804 0
11808 0
11810 0
11814 1
11825 1
11837 1
11849 0
11863 0
11864 1
11878 1
11891 1
11905 0
11919 0
11924 0
11933 0
11945 0
11956 0
11970 0
11972 1
11979 1
11987 0
11993 1
11999 0
12007 1
12018 1
12020 1
12028 0
12035 0
12042 1
12048 0
12049 0
12054 1
12069 1
12071 0
12086 1
12089 1
12096 0
12110 0
12124 1
12131 1
12133 0
12147 1
12148 0
12153 0
12164 0
12166 0
12172 0
12181 0
12192 1
12197 0
12223 0
12226 0
12227 1
12241 1
12244 1
12257 0
12263 0
12265 1
12267 0
12271 1
12279 1
12283 1
12296 0
12297 1
12308 0
12317 0
12332 0
12347 1
12353 1
12366 1
12369 1
12384 0
12390 0
12402 0
12415 1
12421 0
12434 1
12441 1
12455 1
12468 0
12477 1
12485 1
12500 1
12509 0
12522 0
12528 1
12536 0
12551 0
12565 1
12566 0
12570 1
12571 0
12572 1
12576 1
12580 1
12588 0
12591 1
12604 1
12613 1
12620 1
12621 0
12635 1
12657 0
12669 1
12684 1
12687 0
12691 0
12702 1
12707 0
12715 0
12729 1
12737 1
12746 0
12758 1
12763 1
12766 1
12768 0
12782 0
12784 1
12797 0
12801 1
12808 1
12820 1
12824 1
12830 1
12835 0
12837 0
12845 0
12857 1
12858 0
12860 1
12874 0
12885 0
12889 1
12892 1
12907 1
12912 0
12920 0
12923 1
12934 0
12942 0
12949 0
12955 0
12962 1
12969 1
12980 1
12983 0
12997 0
12999 0
13007 0
13010 1
13016 1
13018 1
13021 0
13029 1
13032 1
13044 0
13049 0
13050 1
13052 1
13066 1
13077 1
13088 0
13099 0
13110 1
13118 1
13120 0
13132 1
13139 1
13150 1
13152 1
13164 0
13178 0
13184 0
13185 0
13189 0
13202 1
13211 1
13225 0
13232 1
13241 1
13242 0
13244 1
13248 0
13263 0
13278 0
13292 0
13296 0
13297 0
13308 1
13313 0
13315 0
13326 1
13333 0
13341 1
13349 0
13351 0
13366 1
13374 1
13383 0
13399 1
13400 0
13412 1
13424 0
13427 0
13431 0
13445 1
13454 0
13458 1
13473 1
13486 0
13501 1
13512 0
13513 0
13524 1
13536 0
13550 0
13559 1
13572 0
13579 1
13588 0
13597 0
13610 0
13622 1
13623 0
13635 0
13636 1
13651 1
13662 1
13665 1
13670 1
13673 0
13677 0
13686 0
13688 0
13692 1
13703 1
13718 1
13733 0
13744 0
13756 0
13759 1
13774 1
13789 0
13797 0
13809 1
13814 1
13819 1
13825 0
13830 0
13845 1
13848 0
13851 1
13856 0
13863 1
13878 1
13884 1
13897 1
13904 1
13917 1
13930 1
13943 0
13949 1
13956 0
13958 0
13964 0
13968 1
13982 0
13983 1
13985 0
14000 0
14006 0
14012 0
14023 1
14032 1
14034 0
14046 1
14050 1
14065 0
14071 1
14073 0
14074 0
14088 0
14092 0
14098 1
14100 1
14109 1
14116 1
14129 0
14135 1
14150 0
14155 0
14169 0
14175 0
14180 1
14187 1
14202 1
14207 1
14210 1
14214 0
14216 1
14229 0
14244 1
14250 1
14265 1
14266 1
14273 0
14275 1
14289 1
14296 1
14308 1
14317 1
14319 1
14321 0
14330 1
14345 1
14357 0
14364 0
14372 1
14375 1
14381 0
14390 1
14410 0
14414 1
14423 1
14425 1
14430 0
14438 0
14447 0
14448 0
14455 1
14464 1
14479 0
14483 0
14492 1
14506 1
14508 1
14521 1
14533 0
14534 0
14537 1
14539 1
14546 0
14562 1
14575 1
14587 1
14602 0
14617 1
14625 1
14636 0
14648 1
14659 1
14674 1
14682 1
14684 0
14685 1
14699 0
14711 0
14723 0
14727 0
14742 0
14747 1
14751 0
14753 0
14765 1
14767 1
14779 1
14791 0
14797 1
14805 1
14816 1
14818 1
14830 1
14836 0
14839 0
14848 0
14861 0
14864 0
14868 1
14882 1
14891 1
14892 0
14899 1
14913 1
14927 0
14936 0
14937 1
14940 0
14942 0
14953 0
14967 0
14980 1
14984 1
14998 1
15006 0
15029 1
15032 1
15038 1
15039 0
15053 0
15059 0
15068 1
15071 1
15078 0
15083 1
15089 0
15092 0
15103 1
15115 1
15124 0
15130 1
15147 1
15150 1
15153 1
15164 1
15172 1
15180 1
15181 0
15186 1
15197 0
15210 0
15213 0
15221 0
15222 0
15233 1
15248 0
15250 1
15261 0
15262 1
15275 1
15284 0
15297 0
15300 1
15309 0
15312 1
15321 0
15328 0
15333 0
15335 0
15347 0
15361 0
15373 1
15374 1
15385 1
15388 1
15391 1
15402 1
15403 1
15409 0
15424 1
15427 0
15438 0
15439 1
15450 0
15462 1
15477 0
15486 1
15489 0
15490 0
15503 0
15508 1
15522 1
15531 1
15534 1
15538 0
15551 1
15559 1
15571 1
15575 0
15583 0
15585 0
15593 1
15597 1
15599 1
15612 0
15621 0
15626 1
15628 1
15630 0
15642 0
15653 0
15657 1
15664 0
15670 0
15675 0
15686 1
15698 1
15710 0
15716 1
15718 1
15727 1
15731 1
15735 1
15747 0
15748 1
15753 0
15754 0
15765 0
15769 0
15782 1
15799 1
15802 0
15811 1
15821 0
15827 0
15836 1
15842 1
15848 1
15860 1
15863 0
15874 0
15879 0
15881 0
15889 0
15896 1
15911 1
15918 1
15930 1
15932 0
15947 0
15955 0
15964 1
15972 0
15983 1
15990 0
16002 0
16005 0
16012 1
16013 1
16021 0
16029 0
16042 0
16053 1
16066 1
16078 1
16090 0
16099 1
16112 0
16118 0
16122 1
16130 1
16143 1
16145 0
16147 0
16151 0
16160 1
16165 0
16169 1
16173 0
16177 0
16186 1
16191 0
16195 0
16198 1
16213 1
16220 1
16221 1
16227 0
16236 0
16249 1
16253 0
16258 0
16273 0
16284 1
16292 0
16297 1
16298 1
16319 1
16322 1
16323 1
16330 0
16341 0
16352 1
16367 0
16381 1
16385 1
16400 1
16408 0
16415 1
16422 0
16434 0
16441 0
16443 0
16451 0
16463 0
16467 0
16479 1
16488 1
16494 1
16501 1
16510 0
16515 1
16522 1
16533 1
16542 1
16548 0
16549 1
16551 1
16557 0
16572 0
16574 0
16578 1
16592 1
16600 0
16603 1
16609 1
16620 1
16626 1
16630 1
16632 1
16633 1
16638 0
16649 1
16661 0
16667 0
16682 1
16684 1
16691 0
16702 0
16708 0
16719 0
16721 1
16734 1
16748 1
16756 1
16764 0
16777 1
16792 1
16795 0
16810 1
16821 1
16833 0
16841 0
16852 0
16853 0
16864 0
16866 0
16874 1
16879 1
16893 1
16901 1
16907 0
16915 0
16920 0
16927 0
16939 1
16954 0
16969 0
16971 0
16978 0
16989 0
17002 0
17008 1
17021 0
17034 0
17041 0
17053 1
17057 0
17066 0
17081 1
17093 1
17104 1
17117 0
17126 1
17130 0
17144 0
17145 0
17160 1
17175 0
17178 0
17185 0
17194 0
17195 0
17206 1
17220 0
17235 0
17248 0
17256 0
17270 0
17278 1
17293 1
17298 1
17305 1
17320 0
17332 0
17337 1
17350 0
17351 1
17354 0
17357 1
17369 1
17373 0
17374 0
17386 0
17389 1
17398 0
17412 1
17427 1
17435 0
17436 1
17442 0
17448 0
17462 1
17469 1
17478 0
17487 1
17494 0
17505 1
17516 1
17517 1
17520 1
17528 0
17539 1
17546 0
17551 1
17553 0
17554 1
17557 0
17565 1
17574 0
17588 0
17603 1
17605 1
17619 0
17626 0
17634 0
17635 0
17643 0
17648 0
17649 0
17654 1
17673 1
17681 1
17694 0
17697 0
17710 1
17722 0
17725 0
17726 1
17729 1
17734 1
17740 0
17742 1
17748 1
17752 1
17754 1
17769 1
17773 0
17774 0
17780 1
17789 0
17795 0
17797 0
17798 1
17809 1
17814 1
17818 1
17820 0
17834 0
17846 1
17857 1
17869 0
17876 1
17880 0
17882 1
17891 0
17903 0
17904 0
17910 1
17913 1
17921 0
17925 0
17940 1
17951 0
17957 0
17960 0
17967 1
17982 1
17994 1
18008 1
18019 1
18034 1
18041 0
18049 1
18072 1
18086 0
18095 0
18098 1
18106 1
18121 0
18136 0
18138 0
18139 0
18145 1
18151 1
18154 0
18157 1
18158 1
18159 0
18173 1
18179 1
18194 1
18208 1
18215 0
18227 1
18241 1
18255 1
18263 0
18270 1
18282 1
18291 1
18302 0
18316 0
18331 0
18342 0
18349 0
18353 1
18365 0
18371 0
18385 0
18398 1
18402 0
18413 0
18428 1
18441 1
18454 0
18463 1
18478 0
18487 0
18489 1
18493 0
18496 1
18508 1
18513 0
18524 0
18529 1
18533 0
18535 0
18548 1
18555 1
18563 1
18571 0
18575 1
18586 0
18589 1
18600 0
18605 1
18608 0
18620 1
18626 0
18628 0
18643 0
18650 0
18657 0
18664 0
18667 1
18673 0
18686 0
18687 1
18698 1
18699 1
18712 1
18716 1
18723 0
18738 0
18749 0
18752 0
18754 1
18756 0
18770 0
18785 1
18800 1
18804 0
18815 0
18817 1
18829 0
18842 0
18846 0
18851 1
18853 0
18856 1
18861 0
18876 0
18882 1
18895 0
18896 0
18903 0
18909 1
18935 1
18948 1
18963 0
18977 0
18978 1
18986 1
18990 0
18991 1
18992 0
19000 0
19018 1
19023 0
19032 0
19041 0
19056 0
19058 0
19073 0
19075 1
19086 1
19097 1
19106 1
19117 0
19121 1
19123 1
19129 0
19134 0
19140 1
19141 1
19146 0
19158 0
19165 1
19172 0
19176 0
19184 0
19192 1
19197 0
19211 0
19215 1
19217 0
19221 1
19222 1
19235 1
19240 0
19254 1
19262 0
19270 1
19274 0
19281 0
19289 1
19298 0
19302 0
19314 1
19325 1
19334 0
19337 0
19342 0
19345 0
19360 0
19369 1
19371 0
19383 1
19394 1
19403 0
19416 0
19428 1
19437 0
19442 0
19445 0
19453 0
19462 0
19477 1
19490 0
19502 0
19506 0
19512 0
19518 1
19520 1
19534 1
19549 0
19558 0
19569 0
19577 0
19580 1
19581 0
19589 1
19594 1
19608 1
19612 0
19620 0
19624 0
19639 0
19642 0
19651 0
19666 0
19678 1
19684 0
19712 1
19720 0
19728 0
19743 1
19744 0
19758 1
19759 0
19774 0
19775 1
19776 1
19779 0
19780 1
19784 1
19788 0
19797 1
19802 1
19807 1
19808 1
19817 1
19828 0
19835 1
19837 0
19844 0
19856 1
19861 1
19866 1
19873 1
19875 0
19884 0
19885 0
19892 0
19896 0
19899 0
19900 0
19905 1
19914 0
19917 0
19922 1
19937 1
19945 0
19969 1
19982 0
19986 1
19989 0
20001 1
20010 1
20014 1
20018 0
20033 1
20058 0
20063 0
20078 1
20090 1
20098 1
20106 1
20112 1
20116 0
20121 0
20129 1
20156 0
20165 1
20174 1
20177 0
20180 0
20203 1
20208 0
20230 0
20243 1
20257 0
20259 0
20262 1
20271 0
20278 1
20284 0
20293 1
20319 0
20324 1
20337 0
20342 1
20344 1
20356 1
20361 0
20363 0
20370 0
20377 0
20382 1
20395 1
20399 0
20413 1
20421 1
20428 1
20436 1
20447 1
20459 1
20473 1
20480 1
20483 0
20485 1
20500 0
20502 1
20503 0
20509 1
20522 0
20536 1
20537 1
20550 0
20564 1
20568 1
20573 1
20577 1
20591 0
20592 0
20606 0
20620 0
20629 0
20641 1
20650 0
20663 0
20667 0
20681 1
20685 1
20688 0
20691 0
20692 0
20706 1
20710 0
20713 0
20721 1
20724 1
20737 1
20752 1
20753 0
20754 0
20763 0
20767 0
20773 1
20776 0
20785 0
20792 1
20806 1
20812 0
20825 0
20838 0
20842 0
20847 1
20854 1
20858 0
20869 1
20882 0
20883 1
20895 0
20907 0
20911 1
20923 0
20928 0
20933 0
20938 0
20939 0
20941 1
20956 1
20964 0
20968 0
20972 1
20986 0
20990 0
20991 1
20999 0
21014 1
21028 1
21032 0
21041 0
21050 1
21065 0
21078 0
21093 1
21095 0
21107 1
21116 1
21127 1
21139 0
21153 1
21155 1
21169 0
21180 1
21184 1
21189 1
21192 1
21195 0
21199 0
21211 0
21217 1
21222 0
21235 1
21246 1
21247 1
21256 0
21264 0
21271 1
21282 1
21291 1
21306 0
21315 0
21326 1
21340 0
21343 1
21352 1
21358 1
21369 0
21371 1
21373 0
21385 1
21388 1
21400 1
21403 1
21418 1
21423 1
21435 1
21450 1
21457 1
21462 1
21475 1
21482 0
21483 1
21485 0
21498 0
21509 0
21514 0
21519 1
21531 1
21535 0
21536 1
21547 0
21562 1
21568 1
21583 1
21586 0
21601 1
21602 1
21616 0
21631 0
21645 1
21657 1
21672 1
21687 1
21689 1
21695 0
21696 0
21707 0
21719 0
21725 0
21740 1
21753 1
21754 1
21761 1
21773 1
21782 1
21788 1
21795 0
21804 0
21809 0
21822 1
21831 0
21836 0
21850 0
21854 1
21858 0
21860 0
21874 0
21888 1
21899 0
21911 0
21912 0
21926 0
21935 0
21949 0
21961 0
21964 1
21978 0
21987 1
21989 1
21993 1
21997 1
22003 1
22009 0
22024 1
22037 1
22049 1
22064 0
22075 1
22077 1
22088 0
22089 0
22093 1
22095 1
22097 0
22099 0
22114 0
22144 1
22159 0
22164 1
22172 1
22180 1
22195 1
22198 0
22200 1
22212 0
22224 1
22227 0
22229 1
22235 0
22236 1
22250 1
22257 0
22262 1
22264 1
22270 0
22282 1
22296 1
22301 1
22310 1
22315 1
22316 1
22322 0
22335 0
22350 0
22353 1
22367 0
22369 1
22375 1
22376 1
22379 1
22390 1
22401 0
22415 1
22422 1
22423 1
22432 0
22446 1
22451 1
22456 0
22464 1
22469 1
22478 0
22489 0
22501 1
22504 1
22513 0
22517 0
22521 0
22522 0
22524 1
22527 0
22530 0
22541 0
22553 0
22562 0
22569 0
22576 1
22577 0
22592 0
22601 1
22609 1
22613 1
22617 0
22619 1
22632 0
22641 0
22652 0
22663 0
22668 1
22681 0
22701 1
22703 0
22707 1
22708 1
22719 0
22727 1
22731 0
22734 1
22743 0
22761 0
22765 1
22779 0
22782 1
22783 1
22798 0
22805 0
22810 0
22811 0
22813 0
22827 0
22831 1
22845 0
22856 0
22870 1
22882 0
22886 0
22889 0
22890 1
22905 0
22907 1
22918 1
22922 1
22929 0
22933 0
22952 0
22959 1
22974 1
22980 1
22989 1
22990 1
22996 1
23010 1
23024 0
23036 1
23049 0
23050 1
23054 1
23068 1
23082 0
23094 1
23097 1
23111 0
23115 0
23123 1
23132 1
23139 0
23154 1
23158 1
23173 1
23182 1
23191 0
23194 0
23206 0
23210 1
23224 0
23237 1
23249 1
23260 0
23275 0
23289 0
23291 1
23306 1
23313 1
23315 0
23322 0
23337 1
23352 0
23365 1
23370 1
23377 1
23390 1
23392 1
23397 0
23399 0
23404 1
23419 0
23425 1
23433 1
23439 1
23447 0
23461 0
23463 0
23471 1
23486 1
23490 0
23503 1
23512 0
23521 1
23525 1
23531 1
23533 0
23540 0
23546 0
23552 0
23554 1
23560 1
23561 1
23569 1
23577 1
23578 0
23586 1
23595 1
23600 1
23607 1
23618 0
23625 1
23632 1
23640 0
23644 1
23646 1
23659 1
23667 1
23671 1
23676 0
23687 0
23695 0
23699 1
23707 1
23711 0
23714 1
23718 1
23730 0
23743 1
23747 0
23756 0
23770 0
23772 1
23777 1
23784 1
23799 0
23803 1
23816 0
23821 1
23823 0
23827 0
23834 1
23846 0
23854 1
23859 0
23871 0
23873 0
23878 0
23887 0
23891 0
23902 1
23906 1
23907 1
23912 0
23913 0
23942 0
23945 0
23956 0
23963 0
23964 0
23979 1
23985 1
23987 0
23998 1
24012 0
24017 0
24022 0
24035 1
24040 0
24049 1
24057 1
24072 0
24075 1
24088 1
24096 1
24100 1
24107 1
24114 0
24119 0
24130 1
24139 0
24148 0
24159 1
24172 1
24176 1
24178 0
24187 1
24199 1
24204 0
24205 1
24206 1
24217 0
24223 1
24226 0
24227 0
24232 0
24245 0
24267 0
24268 1
24275 0
24290 1
24302 1
24317 0
24318 0
24320 0
24328 1
24329 0
24336 0
24337 1
24343 1
24347 0
24349 0
24351 1
24360 0
24373 0
24379 0
24380 1
24392 0
24400 0
24412 1
24417 1
24423 1
24434 1
24446 0
24450 0
24451 1
24452 0
24457 1
24470 1
24471 1
24486 1
24501 0
24506 1
24509 1
24513 0
24528 1
24536 0
24540 0
24543 1
24556 0
24565 0
24578 0
24592 1
24597 1
24604 0
24618 1
24630 1
24632 1
24634 1
24640 0
24649 0
24650 0
24664 1
24677 1
24681 0
24690 0
24698 1
24701 0
24702 0
24717 1
24722 1
24723 0
24726 0
24729 1
24733 0
24734 0
24743 0
24758 0
24771 1
24784 0
24793 1
24805 1
24807 0
24822 1
24827 1
24830 1
24842 0
24854 1
24861 0
24875 0
24877 1
24878 1
24891 1
24897 0
24903 1
24909 1
24912 0
24916 1
24919 1
24927 0
24947 1
24948 1
24955 0
24959 1
24973 1
24981 1
24988 1
25003 0
25012 0
25025 1
25034 0
25042 0
25055 0
25063 0
25070 0
25073 1
25088 1
25089 1
25098 0
25106 1
25118 1
25133 1
25147 0
25156 0
25171 1
25184 1
25188 1
25196 1
25209 1
25213 0
25227 1
25236 1
25241 0
25252 1
25259 0
25263 0
25277 1
25285 0
25286 1
25300 1
25314 1
25322 1
25329 0
25336 1
25348 1
25349 1
25354 1
25369 1
25376 0
25391 0
25404 0
25408 1
25420 1
25432 1
25438 1
25444 0
25446 1
25451 1
25460 1
25462 1
25476 0
25489 1
25494 1
25505 0
25520 1
25526 0
25535 0
25539 0
25547 1
25561 1
25568 0
25583 0
25595 0
25600 0
25605 1
25612 0
25629 1
25642 0
25646 1
25661 0
25673 1
25688 1
25689 1
25692 0
25694 0
25706 1
25715 0
25723 1
25737 0
25746 0
25757 0
25766 0
25780 0
25794 0
25803 1
25821 0
25836 1
25841 1
25849 0
25864 1
25869 1
25878 0
25881 1
25895 0
25910 0
25911 0
25914 0
25917 1
25925 1
25927 0
25939 0
25941 0
25954 1
25968 1
25977 1
25982 1
25989 0
25996 1
26013 1
26028 0
26031 1
26037 0
26039 0
26042 1
26051 1
26052 1
26055 0
26068 0
26080 0
26086 0
26095 0
26103 0
26117 0
26120 1
26132 1
26134 1
26136 1
26140 1
26142 0
26146 0
26152 0
26156 1
26157 1
26169 0
26181 0
26182 1
26196 0
26203 0
26208 1
26214 0
26228 1
26235 0
26246 1
26261 0
26264 0
26270 1
26272 1
26276 0
26290 0
26298 1
26302 1
26311 0
26313 1
26317 0
26332 1
26347 1
26355 0
26369 0
26382 1
26397 1
26409 0
26410 0
26425 0
26426 1
26439 1
26454 1
26465 0
26468 1
26470 1
26472 1
26479 1
26481 1
26490 0
26505 1
26513 1
26515 1
26518 1
26524 1
26539 0
26543 0
26554 1
26562 0
26563 0
26576 1
26590 0
26602 1
26605 0
26617 0
26621 0
26625 0
26634 1
26647 0
26659 1
26660 1
26674 0
26688 1
26691 0
26706 0
26712 0
26720 1
26721 1
26723 0
26734 0
26736 0
26738 1
26743 0
26756 0
26768 0
26773 0
26774 0
26783 0
26797 1
26811 0
26815 0
26830 1
26845 1
26847 1
26861 0
26862 1
26864 1
26878 1
26883 0
26890 0
26897 1
26898 1
26904 1
26905 0
26912 1
26916 0
26919 0
26927 0
26942 1
26943 0
26950 1
26962 1
26974 0
26988 1
26992 1
27007 1
27010 0
27025 0
27032 0
27033 0
27045 0
27051 1
27062 1
27075 1
27087 0
27091 0
27099 0
27114 1
27121 1
27135 0
27139 1
27153 1
27156 1
27157 1
27165 1
27173 1
27187 1
27194 1
27203 0
27227 1
27240 0
27254 0
27257 1
27265 1
27274 1
27280 0
27285 1
27300 1
27311 1
27316 0
27329 1
27343 1
27350 1
27357 0
27364 0
27366 1
27380 0
27393 0
27400 0
27404 0
27412 0
27423 1
27429 0
27444 1
27446 1
27461 0
27468 1
27470 1
27485 1
27488 0
27500 1
27502 0
27505 0
27509 1
27518 0
27532 0
27534 0
27545 1
27551 1
27565 1
27577 0
27592 0
27604 1
27618 1
27629 1
27643 0
27656 0
27670 0
27674 0
27686 0
27694 1
27697 1
27711 1
27717 1
27730 0
27734 0
27742 1
27750 0
27763 0
27778 0
27791 1
27802 0
27811 0
27823 1
27828 0
27839 1
27846 0
27850 0
27858 0
27860 0
27875 1
27888 1
27902 0
27913 1
27916 0
27925 1
27939 0
27946 1
27957 1
27965 1
27967 0
27976 1
27992 1
28004 1
28008 1
28020 0
28027 1
28035 1
28050 0
28052 0
28058 0
28071 0
28085 1
28093 0
28100 0
28108 1
28115 0
28127 0
28133 0
28137 1
28138 0
28140 1
28142 1
28154 1
28155 0
28168 1
28179 0
28206 0
28218 0
28224 0
28238 0
28242 0
28255 1
28262 1
28276 0
28288 1
28289 1
28292 1
28298 1
28299 0
28306 1
28311 0
28325 1
28338 0
28343 0
28352 1
28361 0
28376 0
28377 1
28382 1
28394 0
28403 0
28412 1
28425 0
28436 0
28444 1
28452 1
28461 0
28469 1
28475 1
28480 1
28488 1
28497 0
28502 0
28505 1
28518 0
28521 1
28536 0
28537 0
28543 1
28554 0
28556 0
28565 0
28570 1
28574 1
28576 0
28591 1
28592 0
28596 0
28598 0
28613 0
28615 0
28626 1
28639 0
28654 0
28656 0
28661 0
28672 1
28679 0
28693 0
28700 1
28701 0
28712 1
28715 0
28726 0
28727 0
28734 1
28746 0
28752 0
28754 0
28760 1
28763 0
28775 1
28782 0
28784 1
28790 1
28803 0
28814 1
28823 0
28831 1
28846 0
28861 0
28863 1
28877 1
28882 1
28893 0
28897 1
28910 0
28912 0
28925 1
28933 1
28942 0
28946 1
28949 1
28960 0
28971 0
28984 0
28988 0
28999 0
29012 1
29023 0
29024 1
29036 0
29041 0
29052 0
29056 0
29065 0
29074 0
29085 0
29100 1
29107 0
29115 0
29126 0
29128 1
29131 1
29138 1
29146 1
29147 0
29155 1
29166 0
29177 0
29178 1
29182 1
29189 0
29211 0
29220 1
29234 0
29235 1
29241 1
29247 1
29251 1
29258 0
29270 0
29274 1
29287 0
29298 1
29311 0
29318 1
29329 1
29332 1
29347 0
29349 0
29355 1
29362 0
29370 0
29381 0
29387 1
29394 1
29408 1
29410 1
29412 0
29427 1
29429 1
29435 1
29436 0
29450 0
29456 0
29469 0
29474 0
29481 1
29492 0
29503 0
29506 1
29514 1
29527 0
29531 1
29544 1
29549 0
29552 0
29558 1
29569 0
29573 1
29584 0
29598 1
29606 1
29610 1
29618 1
29625 0
29640 1
29645 0
29647 0
29651 1
29656 1
29661 0
29679 1
29683 1
29686 1
29697 1
29710 0
29715 1
29724 0
29726 1
29733 0
29735 0
29738 0
29739 1
29751 0
29752 0
29761 0
29766 0
29772 0
29775 0
29784 1
29799 1
29814 0
29821 0
29826 1
29840 0
29845 0
29847 1
29851 1
29860 0
29868 0
29882 0
29886 0
29887 0
29899 0
29901 0
29912 1
29915 1
29921 0
29927 1
29932 0
29934 0
29936 0
29942 1
29955 0
29967 1
29974 0
29981 1
29990 0
30002 0
30011 1
30013 1
30019 1
30031 1
30033 1
30041 0
30048 0
30051 0
30055 0
30068 1
30069 0
30077 1
30090 0
30095 1
30108 0
30126 0
30138 1
30140 0
30149 0
30164 0
30178 0
30180 0
30187 0
30188 1
30203 0
30204 0
30222 0
30229 0
30235 0
30248 0
30263 0
30269 0
30280 0
30284 0
30289 0
30301 0
30308 1
30313 1
30321 0
30346 1
30353 0
30354 0
30358 1
30363 0
30374 0
30386 1
30388 1
30389 1
30405 1
30417 1
30425 1
30427 1
30430 0
30439 1
30442 1
30453 1
30464 1
30469 0
30481 1
30508 1
30513 0
30522 1
30525 1
30533 1
30546 0
30549 1
30554 1
30577 0
30581 0
30589 0
30590 0
30596 0
30604 1
30617 0
30623 1
30628 0
30643 0
30657 0
30660 0
30666 1
30674 0
30678 1
30692 1
30695 0
30708 0
30723 1
30732 0
30734 0
30736 0
30744 0
30756 0
30769 0
30775 0
30783 1
30790 1
30792 1
30800 0
30818 0
30832 0
30845 1
30853 1
30867 1
30878 1
30884 1
30899 1
30903 1
30905 0
30911 0
30925 0
30940 1
30941 1
30948 0
30950 1
30964 0
30966 1
30969 1
30980 0
30988 0
30989 1
31004 0
31019 1
31027 1
31033 0
31035 1
31047 0
31059 0
31073 1
31086 1
31099 1
31111 0
31112 0
31118 0
31121 1
31134 1
31148 0
31151 0
31164 0
31168 1
31180 0
31187 0
31199 1
31207 0
31213 1
31221 0
31241 0
31243 0
31248 0
31251 0
31258 1
31267 0
31278 1
31287 0
31295 1
31306 1
31315 0
31327 0
31333 1
31336 1
31351 1
31360 0
31364 1
31375 1
31383 1
31397 0
31399 0
31412 0
31416 0
31427 0
31434 0
31440 0
31442 1
31445 1
31453 0
31465 1
31466 0
31469 0
31482 0
31491 0
31503 0
31505 0
31509 1
31511 1
31522 1
31527 1
31535 0
31538 0
31540 1
31543 1
31554 0
31566 0
31581 0
31588 1
31592 0
31596 0
31603 0
31610 0
31616 0
31617 0
31625 0
31631 1
31646 0
31648 0
31649 1
31660 0
31661 0
31667 1
31682 0
31689 1
31695 1
31706 0
31717 0
31732 0
31741 1
31745 1
31760 0
31771 1
31772 1
31779 1
31783 1
31788 0
31802 1
31825 1
31837 0
31850 0
31858 1
31863 0
31872 1
31877 0
31878 0
31885 1
31889 1
31892 1
31903 0
31905 0
31913 0
31920 0
31924 0
31936 0
31938 0
31952 1
31957 1
31971 0
31972 0
31975 1
31986 0
31990 1
32005 1
32013 1
32028 0
32040 0
32045 1
32058 0
32069 0
32070 0
32083 0
32088 1
32090 0
32096 1
32104 0
32117 1
32124 1
32133 0
32135 1
32140 0
32149 0
32154 1
32161 0
32165 1
32167 1
32178 1
32185 1
32193 1
32195 0
32207 0
32211 0
32213 1
32218 0
32222 0
32225 0
32226 0
32240 0
32243 1
32252 0
32254 1
32257 0
32259 0
32261 1
32270 0
32273 1
32281 0
32292 0
32304 1
32318 0
32326 1
32341 1
32349 1
32360 1
32374 1
32385 0
32386 1
32387 1
32392 1
32394 0
32396 0
32409 0
32424 1
32438 1
32452 1
32455 0
32469 1
32475 0
32483 0
32497 0
32503 0
32509 0
32516 0
32529 0
32543 0
32557 1
32558 1
32562 1
32567 1
32568 0
32583 1
32595 1
32606 0
32613 0
32616 0
32618 0
32623 1
32632 0
32643 1
32647 0
32650 0
32659 0
32661 1
32667 1
32682 0
32695 0
32707 1
32714 0
32729 1
32738 0
32750 1
32751 1
32760 1
32774 0
32789 0
32802 1
32804 0
32807 1
32816 1
32831 0
32832 1
32836 1
32845 1
32852 0
32867 1
32874 1
32875 1
32886 1
32892 1
32898 1
32906 1
32911 1
32918 0
32929 1
32932 1
32934 1
32936 0
32939 1
32942 0
32944 1
32950 1
32964 1
32968 1
32982 0
32986 1
33000 1
33009 0
33018 0
33022 0
33026 1
33038 0
33041 0
33056 1
33069 0
33084 1
33085 1
33096 1
33098 0
33102 1
33106 0
33114 0
33128 1
33139 0
33141 1
33145 1
33148 1
33156 0
33157 0
33160 0
33163 1
33176 0
33192 1
33203 1
33218 1
33219 0
33234 0
33239 0
33240 1
33243 0
33258 0
33269 1
33284 0
33295 0
33296 1
33299 1
33302 0
33316 0
33324 1
33330 1
33336 1
33340 1
33343 0
33352 1
33358 0
33359 0
33365 0
33377 0
33399 0
33411 0
33425 1
33437 0
33442 1
33451 1
33466 1
33471 0
33479 1
33488 0
33502 1
33527 1
33531 1
33544 1
33545 0
33558 0
33559 1
33572 1
33581 1
33587 0
33589 0
33594 1
33607 0
33616 0
33624 1
33632 0
33647 0
33652 1
33660 1
33663 0
33677 0
33686 1
33691 1
33703 0
33705 0
33714 0
33728 0
33739 1
33753 0
33760 0
33761 1
33765 1
33778 0
33784 0
33797 1
33811 0
33819 0
33827 0
33830 0
33845 1
33854 1
33865 1
33879 0
33884 1
33898 1
33906 0
33912 0
33920 0
33931 0
33933 0
33939 0
33944 1
33945 0
33949 0
33962 0
33971 0
33977 0
33978 0
33986 1
33993 0
34013 0
34015 1
34028 1
34041 1
34050 1
34051 0
34063 1
34069 1
34078 0
34086 1
34095 0
34109 0
34120 1
34125 1
34134 0
34137 1
34150 0
34154 1
34166 0
34172 0
34177 1
34179 0
34193 1
34206 0
34219 1
34226 1
34241 1
34248 0
34260 0
34272 1
34281 1
34284 1
34296 0
34307 1
34322 1
34324 1
34331 0
34345 0
34348 0
34361 1
34369 1
34383 1
34390 1
34395 1
34406 1
34421 1
34432 1
34434 0
34438 1
34449 1
34456 1
34461 0
34465 0
34470 0
34472 0
34484 1
34497 0
34510 0
34518 0
34525 0
34530 0
34535 0
34550 1
34554 0
34556 1
34563 1
34571 0
34585 1
34597 1
34612 1
34613 0
34627 1
34633 0
34639 0
34643 0
34652 0
34664 0
34677 0
34689 0
34694 0
34701 0
34713 1
34716 0
34717 0
34730 1
34731 0
34745 0
34750 0
34765 0
34776 0
34782 1
34801 1
34809 0
34824 1
34831 0
34837 0
34849 1
34855 1
34857 0
34868 1
34871 1
34877 1
34890 0
34894 0
34901 1
34907 0
34913 0
34918 0
34920 1
34926 1
34934 0
34945 1
34947 0
34951 1
34962 0
34976 1
34978 0
34979 1
34983 0
34996 0
35003 0
35014 0
35021 0
35022 1
35024 0
35031 1
35046 1
35057 1
35060 1
35069 1
35083 1
35094 0
35099 1
35112 1
35113 0
35116 0
35129 1
35144 1
35149 0
35155 0
35161 0
35165 1
35174 1
35186 0
35187 0
35193 0
35195 1
35196 1
35205 0
35211 1
35220 1
35222 1
35225 0
35239 0
35248 1
35260 1
35269 0
35275 0
35280 0
35293 0
35294 1
35307 0
35311 1
35316 0
35327 0
35340 0
35353 0
35356 1
35362 0
35373 0
35385 0
35387 1
35390 1
35392 0
35398 0
35401 0
35415 0
35422 1
35429 1
35433 1
35444 0
35456 1
35468 0
35481 0
35485 1
35500 0
35505 0
35520 1
35535 0
35536 1
35538 0
35552 0
35563 0
35566 1
35578 1
35589 1
35602 1
35608 1
35621 1
35635 1
35643 1
35650 0
35652 0
35666 0
35678 0
35679 0
35686 0
35695 1
35699 1
35712 0
35714 1
35723 1
35725 1
35736 1
35738 0
35740 1
35742 0
35756 1
35765 1
35773 0
35799 0
35800 0
35811 0
35819 0
35831 0
35840 1
35846 0
35859 0
35870 0
35877 0
35888 1
35894 0
35900 1
35902 1
35910 0
35913 0
35920 1
35925 1
35940 0
35943 0
35948 0
35951 1
35960 0
35969 0
35972 1
35981 0
35987 1
35992 0
36001 1
36006 0
36010 1
36021 1
36027 1
36041 1
36050 1
36056 0
36061 0
36068 1
36074 1
36075 1
36078 0
36092 0
36094 1
36109 0
36115 0
36120 0
36134 1
36140 0
36168 1
36170 0
36172 0
36177 1
36185 0
36193 0
36208 0
36211 0
36222 0
36224 0
36227 1
36228 1
36237 0
36243 1
36252 0
36265 1
36279 1
36292 1
36298 1
36313 1
36326 1
36340 1
36347 0
36361 0
36376 1
36385 1
36397 0
36400 1
36406 1
36421 0
36435 1
36444 1
36456 0
36464 0
36473 0
36488 0
36493 0
36499 0
36504 1
36511 0
36516 1
36527 0
36528 1
36530 1
36533 0
36545 1
36548 0
36553 0
36558 0
36567 1
36579 1
36591 1
36596 0
36605 1
36614 0
36625 0
36640 0
36652 0
36664 1
36678 1
36684 0
36712 1
36720 1
36723 1
36737 1
36742 1
36743 0
36754 1
36768 1
36779 1
36781 0
36786 1
36788 0
36793 0
36800 0
36813 1
36815 0
36824 1
36838 0
36847 0
36859 0
36866 1
36871 1
36879 1
36881 1
36882 0
36895 0
36901 0
36903 0
36914 1
36929 1
36930 0
36938 0
36941 1
36947 0
36962 1
36977 0
36979 0
36980 1
36982 0
36991 1
37003 1
37010 0
37019 1
37024 0
37048 1
37061 1
37075 0
37083 0
37092 1
37105 0
37112 1
37120 1
37135 1
37149 0
37157 0
37164 1
37178 1
37184 1
37188 1
37197 0
37200 0
37202 1
37205 0
37210 0
37224 0
37229 0
37235 0
37248 1
37252 0
37267 0
37270 1
37278 1
37286 0
37289 0
37303 0
37305 1
37319 1
37328 1
37333 1
37342 0
37354 1
37355 1
37357 0
37362 0
37377 0
37381 0
37394 1
37395 1
37401 0
37407 0
37413 1
37419 0
37424 0
37431 1
37442 1
37453 0
37461 1
37464 1
37468 0
37480 0
37491 1
37497 0
37509 1
37524 1
37526 1
37540 0
37549 1
37552 0
37555 0
37562 0
37576 0
37588 0
37590 0
37603 0
37609 0
37614 1
37622 0
37636 1
37640 1
37652 1
37665 1
37676 1
37678 1
37684 1
37687 0
37690 1
37703 1
37715 1
37729 1
37732 0
37735 0
37750 1
37763 1
37772 0
37774 0
37785 1
37793 0
37801 1
37809 0
37822 1
37826 0
37840 1
37847 1
37858 0
37864 0
37873 0
37874 1
37876 1
37890 0
37894 0
37909 1
37924 0
37927 1
37940 1
37954 0
37963 1
37969 1
37970 1
37984 0
37990 0
37997 1
38016 0
38025 0
38031 0
38046 1
38051 1
38058 0
38062 1
38064 0
38065 1
38069 1
38075 1
38079 0
38088 1
38103 0
38108 0
38122 0
38127 0
38138 1
38152 1
38156 1
38171 1
38179 1
38193 1
38196 0
38204 0
38209 0
38212 0
38224 1
38230 1
38245 0
38246 0
38258 1
38272 0
38274 0
38281 0
38296 1
38304 0
38315 0
38317 0
38324 0
38333 0
38344 0
38357 0
38362 1
38364 1
38376 1
38383 1
38387 0
38388 1
38400 0
38406 1
38419 0
38421 1
38434 1
38437 0
38438 0
38439 1
38453 1
38455 1
38468 0
38473 0
38488 1
38492 1
38500 1
38514 1
38523 0
38529 0
38533 0
38536 0
38548 0
38551 1
38560 0
38573 0
38582 1
38591 1
38605 1
38614 0
38616 1
38628 1
38633 1
38645 0
38648 1
38661 0
38669 0
38681 0
38692 0
38700 0
38704 0
38716 0
38718 1
38723 1
38750 0
38751 0
38755 0
38761 0
38773 1
38788 1
38793 1
38802 1
38806 1
38819 1
38823 1
38835 1
38850 1
38859 0
38867 1
38871 0
38873 1
38877 0
38882 0
38891 1
38896 0
38902 0
38910 1
38916 0
38930 0
38934 0
38948 1
38955 0
38969 1
38981 0
38988 0
38999 1
39011 1
39024 1
39028 1
39031 1
39042 0
39053 0
39067 1
39069 1
39071 1
39083 1
39096 1
39110 1
39123 0
39127 0
39136 0
39151 0
39158 0
39163 0
39176 0
39179 1
39193 0
39218 1
39231 0
39236 0
39244 1
39251 0
39269 1
39284 0
39292 1
39297 0
39309 0
39316 0
39330 0
39343 0
39355 1
39357 0
39371 1
39382 0
39390 0
39404 0
39417 1
39420 1
39425 1
39437 1
39451 0
39453 1
39458 1
39467 0
39480 1
39488 0
39499 0
39512 1
39514 1
39526 1
39531 0
39537 0
39538 0
39545 1
39546 1
39547 0
39549 1
39561 0
39569 0
39581 1
39586 1
39599 0
39610 1
39619 1
39621 1
39628 1
39639 0
39652 0
39658 1
39661 1
39668 0
39675 0
39684 1
39691 1
39698 1
39709 0
39713 1
39728 1
39735 1
39743 0
39752 1
39761 0
39763 1
39774 1
39775 1
39779 1
39794 1
39795 1
39801 0
39806 1
39814 1
39819 1
39826 1
39832 0
39834 0
39847 0
39862 0
39875 1
39890 0
39897 1
39925 0
39933 0
39942 1
39951 1
39959 1
39964 0
39967 1
39982 1
39990 0
39994 1
39995 0
39997 1
40003 1
40008 1
40012 0
40025 1
40031 0
40046 1
40050 0
40053 0
40062 0
40069 1
40073 1
40086 1
40088 0
40092 1
40105 1
40113 0
40114 1
40117 0
40125 0
40127 1
40128 1
40133 1
40158 1
40172 1
40178 0
40181 1
40189 1
40204 1
40222 0
40231 0
40234 0
40238 1
40252 0
40266 1
40273 0
40278 1
40280 0
40295 1
40300 0
40313 1
40321 1
40335 0
40349 1
40351 1
40356 0
40368 0
40376 0
40381 1
40390 0
40403 1
40430 1
40439 1
40443 0
40454 0
40462 0
40464 0
40478 1
40480 0
40492 0
40495 1
40501 1
40513 1
40522 1
40534 0
40545 0
40558 0
40571 0
40572 1
40580 0
40581 0
40588 1
40600 1
40606 1
40614 1
40628 0
40633 0
40642 0
40643 0
40652 1
40660 1
40664 0
40672 1
40684 1
40696 1
40697 1
40705 1
40707 0
40718 0
40727 0
40730 0
40735 0
40737 0
40743 1
40754 1
40761 0
40776 0
40787 1
40790 1
40794 0
40798 1
40799 1
40810 1
40821 1
40832 1
40845 0
40850 1
40856 0
40858 0
40877 1
40886 0
40894 1
40905 1
40910 0
40912 1
40921 0
40929 1
40938 0
40951 0
40954 1
40963 1
40967 1
40982 1
40995 0
40998 1
41007 1
41014 1
41017 1
41019 0
41026 0
41034 1
41043 1
41056 1
41058 0
41060 1
41073 0
41088 0
41102 0
41110 1
41125 1
41140 1
41155 0
41156 0
41169 0
41178 0
41185 0
41200 0
41201 1
41206 1
41217 0
41218 1
41233 1
41242 1
41250 1
41261 0
41275 0
41277 1
41289 1
41301 1
41312 0
41318 0
41325 1
41346 1
41360 1
41373 0
41379 0
41386 0
41399 0
41405 0
41419 1
41433 1
41440 0
41455 1
41463 1
41475 0
41482 1
41490 1
41498 1
41509 1
41523 1
41538 0
41547 1
41560 1
41561 1
41565 1
41579 0
41581 1
41584 0
41588 1
41597 0
41605 0
41607 0
41616 0
41622 0
41633 0
41634 1
41645 0
41658 1
41667 1
41680 1
41687 0
41688 0
41703 1
41716 1
41718 1
41730 1
41736 1
41748 1
41759 0
41761 1
41776 1
41779 0
41788 1
41802 0
41810 1
41813 1
41819 1
41825 0
41827 0
41836 0
41841 1
41843 1
41855 0
41861 1
41879 1
41881 1
41889 1
41903 1
41918 1
41932 0
41933 1
41935 1
41937 1
41949 0
41973 1
41988 0
41992 0
41993 1
41997 1
42010 0
42013 0
42027 0
42033 0
42036 0
42038 0
42050 0
42058 0
42060 0
42075 1
42078 0
42091 1
42097 1
42105 0
42112 0
42121 1
42127 0
42141 1
42148 1
42161 1
42163 0
42177 1
42197 1
42202 1
42209 1
42218 0
42232 1
42233 0
42248 0
42263 0
42271 0
42285 1
42286 1
42294 1
42302 1
42303 0
42318 1
42331 1
42338 0
42346 0
42359 1
42373 0
42378 0
42385 0
42396 1
42407 1
42408 0
42421 0
42425 1
42440 0
42455 1
42464 1
42467 1
42482 1
42485 0
42487 1
42491 0
42495 1
42496 1
42507 0
42509 0
42515 1
42523 0
42538 0
42544 0
42552 1
42557 0
42572 1
42586 1
42600 1
42614 0
42616 1
42617 0
42628 0
42632 1
42643 1
42649 1
42660 1
42671 0
42685 0
42692 1
42706 0
42714 0
42727 0
42732 0
42744 1
42745 1
42760 1
42761 0
42762 0
42775 1
42803 0
42812 0
42818 1
42831 1
42845 0
42856 1
42870 0
42885 1
42898 1
42904 0
42913 0
42928 0
42933 1
42940 0
42945 1
42949 1
42964 0
42979 0
42984 1
42988 0
42991 0
42995 1
42999 0
43001 1
43004 1
43008 0
43022 0
43030 0
43031 1
43033 1
43044 1
43045 1
43054 1
43066 0
43081 1
43092 1
43096 0
43111 1
43118 0
43133 0
43134 1
43140 1
43166 1
43175 0
43179 0
43193 1
43208 0
43215 0
43223 0
43237 1
43239 1
43252 1
43265 0
43278 0
43291 1
43300 0
43314 0
43325 0
43328 1
43337 1
43351 0
43364 0
43366 0
43368 0
43369 1
43383 1
43390 0
43392 1
43397 1
43412 0
43414 0
43423 1
43438 0
43446 1
43447 1
43460 0
43471 1
43473 1
43488 1
43493 0
43499 0
43511 0
43517 0
43522 0
43525 1
43537 1
43550 1
43555 1
43563 1
43577 1
43582 0
43588 0
43592 1
43600 1
43615 0
43619 0
43623 1
43625 0
43636 1
43651 1
43662 0
43665 1
43668 1
43673 0
43676 0
43688 1
43699 1
43704 1
43709 1
43720 0
43732 1
43741 0
43747 1
43759 0
43768 1
43770 0
43773 0
43784 1
43787 1
43798 1
43807 0
43822 0
43834 0
43837 1
43845 1
43851 1
43862 1
43866 0
43881 0
43883 1
43889 0
43890 1
43893 0
43904 0
43922 1
43936 0
43940 0
43947 0
43951 1
43963 1
43964 1
43973 1
43986 0
43987 0
43996 0
44008 1
44019 1
44025 1
44032 1
44038 1
44047 0
44071 0
44079 1
44094 1
44102 1
44108 0
44110 0
44127 0
44131 0
44146 1
44157 1
44165 0
44180 0
44192 1
44204 1
44215 1
44217 0
44222 1
44236 1
44240 1
44249 0
44263 1
44276 1
44285 0
44288 1
44303 0
44308 0
44311 0
44319 1
44330 1
44334 0
44349 1
44358 1
44362 1
44371 0
44388 1
44393 1
44402 1
44404 0
44416 1
44431 1
44438 0
44445 1
44449 1
44464 0
44477 0
44486 0
44492 1
44494 0
44503 0
44516 0
44525 0
44537 0
44549 1
44555 0
44567 0
44573 0
44578 1
44591 0
44602 0
44610 1
44619 1
44624 1
44629 1
44631 0
44642 0
44649 1
44658 0
44674 1
44689 0
44701 0
44707 1
44714 0
44715 1
44716 0
44731 1
44736 1
44742 1
44753 0
44762 1
44774 0
44779 0
44786 0
44789 0
44790 0
44793 0
44804 1
44810 1
44821 1
44823 1
44825 1
44828 1
44839 0
44853 0
44864 1
44875 0
44877 1
44891 0
44893 0
44901 0
44914 1
44916 1
44931 0
44939 0
44942 1
44955 1
44960 0
44973 0
44977 0
44978 1
44983 1
44989 0
45002 0
45009 0
45022 1
45025 0
45040 0
45041 0
45044 1
45045 1
45060 1
45071 1
45079 1
45085 1
45089 1
45093 1
45104 1
45110 1
45123 1
45137 0
45149 1
45160 0
45165 0
45166 0
45180 1
45181 1
45184 1
45185 0
45189 1
45197 0
45210 1
45219 1
45225 0
45237 0
45251 0
45262 1
45266 0
45280 1
45286 0
45300 1
45304 1
45310 1
45311 1
45316 1
45318 1
45332 1
45345 1
45352 1
45366 0
45379 0
45380 0
45382 1
45388 1
45402 0
45410 1
45423 0
45429 1
45430 1
45454 0
45466 1
45480 0
45482 1
45485 0
45491 1
45496 0
45508 0
45516 1
45522 1
45536 1
45538 1
45552 0
45560 1
45568 1
45569 0
45577 1
45591 1
45604 0
45610 1
45623 0
45646 1
45660 0
45675 1
45690 1
45705 1
45710 1
45714 1
45716 0
45730 0
45742 0
45743 1
45757 0
45760 1
45768 1
45771 0
45772 0
45775 1
45783 1
45797 0
45800 1
45802 0
45817 0
45824 1
45825 1
45830 0
45843 1
45851 1
45858 0
45869 1
45884 1
45897 0
45912 0
45917 0
45923 1
45934 0
45940 1
45954 0
45955 1
45968 1
45971 1
45982 1
45984 0
45987 0
46017 0
46026 1
46048 1
46054 0
46055 1
46061 1
46062 1
46076 0
46082 1
46095 1
46101 1
46104 0
46107 0
46108 1
46122 1
46133 0
46144 1
46152 0
46153 1
46164 1
46170 1
46174 1
46176 0
46180 0
46187 1
46192 0
46198 0
46200 0
46211 1
46224 0
46228 1
46233 1
46246 0
46259 1
46266 0
46282 1
46293 0
46308 0
46314 0
46327 0
46332 0
46333 1
46344 1
46348 1
46352 0
46364 1
46373 0
46391 1
46398 0
46405 0
46420 1
46431 1
46446 0
46457 0
46460 1
46471 0
46474 1
46486 0
46488 0
46491 1
46494 1
46503 1
46507 1
46513 0
46530 1
46539 0
46554 0
46560 0
46568 0
46573 1
46584 1
46590 1
46603 0
46610 0
46622 0
46633 1
46634 1
46648 1
46653 0
46662 0
46671 0
46683 0
46697 0
46701 1
46705 0
46712 1
46721 1
46726 0
46735 1
46756 0
46760 1
46764 0
46769 1
46773 0
46787 1
46788 0
46799 1
46803 1
46812 0
46818 1
46820 1
46835 0
46838 1
46844 1
46853 1
46860 0
46869 0
46881 1
46889 1
46903 1
46904 0
46916 0
46919 1
46920 1
46927 0
46933 0
46948 1
46961 0
46964 0
46973 0
46979 1
46984 0
46995 1
47006 0
47008 0
47015 0
47030 0
47043 0
47055 1
47068 0
47077 1
47089 1
47094 0
47098 1
47109 0
47114 1
47121 0
47135 1
47150 1
47157 0
47165 0
47173 1
47186 1
47188 0
47200 1
47203 1
47217 0
47225 1
47226 1
47242 0
47255 0
47257 1
47271 1
47276 1
47287 1
47290 0
47301 0
47306 1
47320 0
47328 1
47329 1
47332 1
47335 0
47339 0
47350 1
47361 0
47367 1
47380 1
47385 0
47399 1
47414 1
47415 0
47428 1
47433 0
47441 0
47444 1
47455 1
47467 0
47478 0
47480 1
47495 0
47497 0
47500 1
47506 0
47520 0
47533 0
47537 0
47546 0
47559 1
47563 1
47568 0
47575 0
47581 0
47584 1
47598 1
47607 1
47614 0
47625 1
47634 1
47642 0
47648 0
47661 1
47674 1
47686 0
47699 1
47705 1
47711 0
47727 1
47732 0
47738 1
47743 0
47751 0
47755 1
47757 0
47769 0
47781 0
47790 1
47804 0
47810 0
47813 1
47822 1
47835 0
47846 1
47849 0
47857 1
47868 0
47877 0
47882 1
47890 1
47896 0
47909 1
47922 1
47933 1
47942 0
47946 1
47948 0
47961 1
47962 1
47967 0
47979 1
47988 1
47995 1
47996 1
48000 0
48005 0
48020 0
48022 1
48024 0
48027 0
48041 1
48052 0
48057 0
48059 1
48062 1
48073 1
48075 0
48086 0
48101 0
48106 1
48136 0
48148 1
48150 1
48157 0
48159 1
48173 0
48181 0
48188 0
48199 0
48212 0
48226 0
48228 0
48241 0
48249 1
48256 0
48274 0
48289 0
48301 1
48303 0
48307 1
48316 1
48320 0
48332 1
48343 1
48351 1
48358 0
48366 1
48370 0
48377 1
48383 1
48395 0
48396 1
48404 1
48409 1
48415 0
48422 0
48428 0
48435 1
48442 1
48455 0
48462 1
48473 0
48480 1
48492 1
48506 0
48519 0
48520 1
48531 1
48535 0
48538 1
48552 1
48564 0
48576 1
48587 1
48592 0
48600 0
48607 1
48622 0
48628 1
48639 1
48644 0
48667 1
48680 0
48694 0
48709 0
48722 1
48734 0
48748 1
48750 0
48762 0
48771 1
48776 0
48777 0
48784 0
48795 1
48796 1
48805 1
48816 1
48820 1
48824 0
48833 0
48834 0
48839 1
48840 0
48846 1
48858 1
48870 0
48879 0
48883 0
48898 0
48902 1
48915 0
48922 0
48933 1
48945 0
48950 0
48963 1
48964 1
48965 0
48977 1
48991 0
48999 0
49014 1
49029 1
49043 0
49056 0
49063 1
49074 0
49082 0
49085 0
49096 1
49099 1
49107 0
49112 1
49116 0
49131 0
49160 1
49161 0
49162 0
49173 1
49186 1
49188 0
49195 0
49200 1
49201 1
49210 1
49224 0
49228 1
49237 0
49246 0
49261 1
49265 0
49272 1
49273 0
49274 1
49287 0
49300 0
49307 0
49318 0
49321 1
49333 0
49335 1
49346 0
49360 0
49372 0
49383 1
49395 0
49410 1
49421 0
49424 0
49437 1
49442 1
49450 0
49457 0
49459 1
49466 0
49481 0
49487 1
49495 1
49510 0
49519 1
49524 0
49538 0
49539 0
49540 0
49548 0
49557 0
49570 1
49577 1
49581 1
49589 1
49598 1
49604 1
49611 1
49620 0
49627 1
49629 0
49643 0
49646 1
49661 0
49665 0
49679 1
49693 0
49707 1
49712 0
49718 0
49722 1
49723 0
49737 1
49738 1
49739 1
49751 1
49759 0
49762 1
49770 1
49772 1
49775 0
49781 0
49790 0
49797 0
49800 0
49811 0
49813 0
49819 0
49828 1
49841 1
49853 0
49861 1
49870 1
49873 0
49874 0
49887 0
49896 0
49905 0
49914 1
49920 0
49923 1
49926 1
49938 1
49953 0
49960 0
49961 0
49964 1
49977 0
49978 1
49990 1
50002 0
50005 0
50020 1
50022 1
50035 0
50041 1
50043 1
50051 1
50066 0
50068 0
50073 1
50076 1
50091 0
50099 0
50103 0
50106 0
50117 1
50125 0
50131 1
50144 0
50145 1
50146 0
50157 0
50159 0
50166 1
50178 0
50187 1
50201 0
50203 1
50206 1
50218 1
50229 0
50232 0
50239 0
50254 0
50259 0
50274 1
50288 0
50294 0
50309 0
50310 1
50313 0
50316 0
50328 0
50340 1
50354 1
50369 1
50372 1
50386 1
50387 0
50393 0
50397 1
50405 1
50421 0
50423 1
50438 1
50443 1
50450 1
50465 0
50466 0
50473 1
50480 0
50495 0
50507 1
50519 0
50521 0
50527 0
50528 1
50541 1
50547 1
50561 0
50565 0
50571 1
50584 1
50591 1
50603 1
50615 1
50617 0
50630 0
50636 1
50639 0
50640 1
50648 0
50653 1
50661 0
50666 0
50677 0
50686 1
50698 1
50709 1
50714 1
50720 0
50735 1
50739 0
50743 0
50768 1
50771 0
50780 1
50791 1
50792 1
50799 1
50802 0
50804 0
50811 1
50826 0
50841 1
50855 1
50866 0
50873 1
50882 0
50887 0
50896 0
50898 1
50909 0
50921 0
50935 0
50950 1
50954 0
50958 1
50960 1
50963 1
50967 0
50968 1
50974 0
50986 1
51001 0
51014 0
51026 1
51034 1
51046 1
51047 1
51061 1
51066 0
51080 1
51094 0
51095 1
51097 1
51112 0
51127 1
51140 1
51151 1
51154 1
51168 0
51171 1
51177 0
51184 1
51192 0
51199 0
51206 0
51209 0
51213 1
51226 1
51239 0
51252 0
51256 1
51260 0
51268 0
51283 0
51296 0
51300 0
51301 1
51309 0
51310 0
51317 1
51318 1
51325 1
51338 1
51351 1
51363 0
51371 1
51384 1
51395 0
51408 0
51414 0
51419 0
51431 1
51444 0
51457 1
51461 1
51466 0
51468 0
51479 0
51492 1
51505 1
51518 0
51520 0
51528 1
51536 1
51541 1
51549 1
51552 0
51553 0
51555 1
51562 0
51564 0
51590 0
51603 0
51609 0
51615 1
51630 0
51637 1
51643 1
51645 1
51647 0
51661 1
51669 0
51672 0
51680 1
51688 1
51700 0
51711 0
51714 1
51715 1
51719 0
51733 0
51735 1
51740 0
51742 1
51745 1
51751 0
51757 0
51762 0
51765 0
51776 1
51782 0
51795 0
51799 1
51806 0
51807 0
51814 1
51819 0
51823 1
51824 0
51831 1
51839 1
51845 1
51852 1
51853 1
51865 1
51870 0
51879 1
51881 1
51883 0
51885 1
51896 0
51897 1
51903 0
51908 0
51923 0
51925 1
51931 0
51940 0
51941 0
51945 1
51959 1
51965 1
51969 0
51977 0
51986 1
51993 0
52002 1
52014 0
52016 1
52019 0
52033 1
52037 0
52038 1
52042 1
52054 0
52068 1
52073 0
52075 0
52082 0
52090 0
52096 1
52111 0
52117 1
52122 0
52142 1
52151 0
52158 0
52160 0
52161 1
52176 0
52188 1
52199 1
52201 1
52212 1
52216 1
52230 0
52237 0
52244 0
52249 0
52261 0
52270 1
52279 0
52283 0
52290 1
52301 0
52306 1
52318 1
52332 0
52334 0
52339 1
52342 0
52356 1
52369 0
52382 0
52388 1
52390 0
52393 0
52408 1
52421 1
52426 0
52427 1
52435 1
52437 0
52443 1
52454 0
52466 1
52473 1
52480 1
52482 1
52493 1
52500 0
52502 0
52508 1
52510 1
52515 1
52528 1
52543 1
52558 1
52569 0
52583 0
52590 0
52598 0
52599 0
52600 0
52607 1
52609 0
52620 0
52636 0
52651 0
52655 1
52663 1
52672 1
52673 0
52685 0
52694 1
52709 1
52715 0
52726 0
52728 1
52734 1
52749 1
52755 0
52756 0
52761 1
52774 0
52785 0
52797 0
52798 1
52813 0
52815 0
52830 1
52835 0
52836 1
52838 0
52841 0
52845 1
52860 1
52867 1
52875 0
52881 1
52890 0
52902 0
52907 0
52914 1
52922 0
52926 1
52930 0
52942 1
52945 1
52952 1
52956 0
52959 1
52962 0
52974 1
52978 0
52979 1
52980 1
52994 0
53002 0
53008 1
53019 1
53034 0
53039 0
53052 0
53058 1
53069 1
53074 0
53075 0
53086 0
53099 1
53114 0
53129 1
53130 1
53136 1
53147 0
53148 0
53151 0
53162 0
53177 1
53182 0
53209 0
53213 0
53220 1
53224 0
53231 0
53238 1
53249 0
53250 1
53255 1
53266 0
53270 0
53283 1
53288 1
53300 0
53311 0
53326 0
53333 0
53341 1
53347 0
53362 1
53370 1
53376 0
53378 0
53391 0
53392 1
53406 0
53426 0
53430 0
53441 0
53445 0
53447 0
53460 0
53467 1
53474 1
53486 1
53498 1
53502 1
53503 0
53517 0
53521 0
53536 1
53543 0
53549 1
53562 1
53569 0
53581 1
53585 1
53586 1
53587 0
53590 0
53593 0
53598 0
53612 1
53614 0
53629 0
53641 0
53644 0
53647 1
53652 0
53663 1
53677 1
53692 1
53700 1
53708 0
53723 0
53727 0
53742 0
53745 0
53760 1
53763 1
53766 1
53770 1
53784 1
53787 0
53792 1
53796 0
53800 0
53801 0
53804 0
53816 1
53823 1
53830 1
53834 1
53847 1
53851 0
53860 0
53874 0
53878 1
53881 0
53890 1
53897 1
53911 0
53923 0
53935 1
53942 1
53948 1
53956 0
53965 0
53970 0
53981 1
53986 0
53998 0
54004 0
54006 0
54019 0
54021 1
54035 1
54048 1
54056 0
54067 1
54082 0
54093 0
54105 0
54110 1
54116 1
54124 1
54128 0
54136 0
54149 1
54153 1
54154 0
54155 0
54169 0
54177 1
54184 0
54213 0
54218 0
54232 0
54234 0
54249 0
54253 0
54267 1
54272 1
54281 0
54284 0
54291 1
54303 0
54306 0
54309 0
54321 1
54324 0
54330 0
54344 0
54349 0
54361 0
54363 1
54370 0
54383 1
54386 0
54388 1
54393 1
54404 1
54419 1
54431 1
54440 0
54442 1
54454 0
54456 1
54467 0
54481 1
54482 1
54487 1
54489 1
54491 0
54494 1
54505 1
54506 1
54519 1
54523 0
54536 0
54539 0
54552 0
54554 1
54559 0
54562 0
54568 0
54579 0
54580 0
54595 1
54604 1
54605 0
54613 0
54617 1
54629 1
54640 1
54647 0
54653 1
54668 1
54673 0
54686 1
54691 0
54692 1
54703 0
54715 1
54716 1
54727 1
54740 0
54743 1
54754 1
54768 0
54771 0
54775 0
54787 1
54795 0
54804 0
54806 0
54814 0
54825 1
54831 0
54837 1
54851 1
54862 1
54877 0
54891 0
54906 1
54911 1
54919 1
54921 1
54933 1
54944 1
54948 1
54950 0
54954 1
54957 1
54959 0
54972 1
54979 0
55000 1
55009 0
55024 0
55028 0
55039 1
55046 1
55051 0
55058 0
55065 1
55072 1
55086 1
55093 0
55102 0
55104 1
55115 1
55123 0
55124 0
55126 0
55137 0
55152 0
55154 1
55166 0
55175 0
55183 0
55195 0
55201 0
55205 0
55212 0
55217 1
55219 1
55221 1
55234 0
55237 1
55250 1
55253 0
55259 0
55264 1
55278 1
55280 0
55285 1
55298 1
55300 0
55304 0
55312 0
55315 0
55316 1
55319 1
55322 1
55336 1
55342 0
55353 1
55364 0
55375 1
55388 1
55390 1
55397 1
55402 0
55416 0
55428 0
55437 0
55451 1
55465 0
55469 1
55470 0
55471 1
55483 1
55492 1
55501 1
55507 1
55514 1
55528 0
55533 1
55535 0
55550 1
55551 0
55566 1
55579 1
55584 1
55598 1
55611 1
55623 0
55628 1
55639 0
55652 1
55661 0
55675 1
55689 0
55704 0
55715 0
55721 0
55732 1
55738 1
55742 0
55753 1
55756 0
55759 0
55768 0
55777 1
55791 0
55805 1
55806 0
55821 1
55830 1
55838 0
55843 0
55855 1
55869 0
55872 0
55887 1
55892 1
55901 0
55910 0
55924 1
55932 0
55936 1
55943 1
55946 0
55966 0
55978 0
55984 1
55986 1
55993 0
56006 1
56020 1
56021 1
56026 1
56031 1
56042 0
56045 1
56053 1
56059 1
56071 0
56086 0
56088 1
56094 0
56103 1
56118 1
56121 0
56125 1
56126 0
56141 1
56168 1
56179 0
56183 1
56195 1
56201 1
56205 0
56210 0
56219 1
56230 1
56238 0
56244 0
56256 1
56271 0
56273 1
56288 0
56290 0
56297 0
56311 0
56325 0
56332 0
56334 1
56348 1
56362 0
56364 1
56379 1
56387 0
56398 0
56401 0
56406 1
56415 1
56430 1
56445 0
56448 0
56451 1
56462 1
56476 1
56483 0
56485 0
56488 0
56492 1
56494 0
56499 0
56505 1
56520 1
56532 0
56547 0
56560 1
56571 0
56573 0
56585 0
56591 1
56600 0
56611 1
56614 1
56620 0
56634 1
56636 0
56637 1
56652 0
56658 1
56671 0
56678 1
56683 1
56691 0
56699 1
56707 0
56714 0
56721 1
56726 1
56732 1
56743 0
56746 1
56760 0
56766 0
56775 0
56776 1
56778 1
56792 0
56797 0
56804 0
56806 0
56819 1
56832 1
56845 0
56851 0
56854 1
56858 1
56865 0
56869 1
56872 1
56876 1
56887 1
56902 1
56909 1
56920 1
56928 0
56939 1
56945 1
56950 1
56959 0
56971 1
56979 1
56983 1
56989 1
56990 1
56998 1
57011 1
57026 0
57028 0
57035 0
57043 1
57044 0
57051 0
57066 0
57077 0
57084 1
57088 1
57101 1
57116 1
57128 1
57133 1
57136 1
57147 0
57162 1
57170 1
57171 0
57173 0
57176 1
57189 0
57191 0
57195 1
57200 0
57201 0
57202 1
57206 1
57212 0
57226 1
57228 1
57242 1
57253 0
57268 1
57270 1
57285 1
57290 1
57294 0
57298 0
57314 0
57325 1
57332 0
57346 0
57349 0
57352 0
57360 0
57372 0
57381 0
57389 0
57397 0
57406 1
57408 0
57420 0
57421 1
57422 0
57428 0
57441 1
57443 1
57457 0
57458 0
57471 0
57473 0
57481 0
57490 1
57493 1
57502 0
57508 0
57519 1
57534 0
57549 1
57557 0
57566 0
57579 0
57585 1
57597 1
57612 1
57623 0
57632 0
57640 0
57651 1
57662 0
57675 0
57677 1
57679 1
57691 0
57692 1
57697 0
57701 0
57716 0
57728 1
57730 0
57736 1
57743 0
57758 1
57764 0
57765 0
57770 0
57778 0
57792 1
57806 1
57807 0
57810 0
57825 0
57827 1
57841 1
57846 0
57876 0
57884 1
57897 0
57899 1
57914 1
57923 1
57928 1
57935 0
57949 1
57961 1
57976 1
57988 0
57989 0
57992 1
57993 1
58006 0
58020 1
58031 0
58042 1
58053 0
58060 1
58062 1
58064 1
58068 1
58069 0
58072 1
58078 0
58087 0
58101 0
58112 0
58114 1
58128 0
58134 1
58141 1
58148 0
58156 1
58163 1
58177 0
58188 1
58202 1
58210 0
58217 0
58229 0
58237 0
58246 1
58258 1
58264 1
58272 1
58284 0
58297 1
58310 0
58313 0
58327 1
58342 1
58349 1
58354 0
58367 1
58374 0
58381 1
58386 1
58387 0
58398 1
58410 0
58415 1
58419 1
58428 1
58433 0
58445 0
58451 1
58464 0
58478 0
58487 1
58495 1
58500 0
58504 1
58513 1
58526 0
58533 1
58534 0
58542 1
58551 1
58553 0
58562 1
58564 1
58579 0
58585 1
58587 0
58594 1
58608 1
58614 0
58626 1
58631 0
58634 0
58637 1
58646 0
58661 1
58675 1
58682 1
58689 0
58694 0
58706 0
58721 1
58722 1
58725 0
58727 0
58741 0
58754 0
58759 1
58766 0
58767 0
58776 0
58783 1
58785 0
58789 1
58798 1
58805 1
58807 0
58818 1
58833 1
58841 0
58856 0
58857 0
58864 1
58876 1
58882 0
58883 1
58894 1
58900 0
58901 0
58916 0
58927 1
58928 0
58933 0
58945 0
58950 0
58962 0
58968 1
58971 0
58974 0
58986 1
58992 0
59001 1
59028 1
59033 1
59035 1
59036 0
59038 1
59041 1
59045 1
59056 0
59069 0
59072 0
59080 0
59082 0
59086 0
59094 1
59102 1
59116 1
59124 1
59128 0
59141 1
59148 0
59161 1
59165 1
59178 1
59189 0
59192 0
59206 1
59221 0
59235 0
59236 1
59250 0
59261 1
59264 0
59272 1
59273 0
59280 0
59294 1
59298 1
59301 0
59303 0
59314 1
59329 0
59334 1
59336 1
59363 1
59377 0
59382 1
59383 0
59396 0
59410 0
59413 1
59426 0
59441 0
59455 0
59456 1
59470 1
59477 0
59486 1
59489 1
59491 1
59499 0
59500 1
59515 1
59519 1
59532 1
59545 1
59548 1
59555 0
59564 0
59566 0
59577 1
59591 1
59598 1
59607 0
59621 0
59629 1
59638 1
59644 1
59648 0
59660 1
59671 1
59684 0
59699 1
59702 0
59705 0
59711 1
59718 1
59723 0
59727 0
59735 0
59748 1
59757 1
59758 0
59773 0
59787 0
59788 0
59793 0
59799 1
59811 1
59823 0
59828 1
59839 0
59859 1
59865 0
59873 1
59885 0
59892 0
59899 1
59907 1
59921 0
59926 1
59950 0
59957 1
59969 1
59971 0
59982 1
59988 1
60002 0
60004 0
60009 0
60022 0
60028 1
60034 0
60056 1
60069 1
60070 1
60085 1
60100 0
60112 0
60124 1
60136 0
60138 0
60146 0
60159 0
60173 1
60178 0
60180 0
60185 1
60186 1
60192 0
60198 0
60205 1
60213 0
60225 1
60233 1
60248 1
60256 1
60262 0
60274 1
60275 0
60281 1
60290 1
60295 0
60303 1
60311 0
60326 0
60332 0
60334 0
60349 1
60352 0
60358 1
60371 0
60380 1
60387 1
60388 1
60400 0
60411 1
60419 0
60433 1
60442 1
60453 0
60465 0
60467 0
60476 1
60485 0
60488 1
60490 0
60492 0
60494 0
60500 0
60515 1
60528 1
60536 1
60547 1
60556 1
60571 1
60574 1
60576 1
60579 1
60587 1
60591 0
60598 1
60613 0
60615 0
60616 1
60630 1
60634 0
60643 1
60658 1
60659 0
60672 0
60686 1
60700 0
60715 1
60729 1
60730 0
60738 0
60743 1
60751 0
60760 0
60774 0
60778 1
60787 1
60802 0
60809 1
60813 1
60827 1
60833 0
60839 1
60848 1
60855 1
60869 1
60874 1
60886 0
60900 1
60906 0
60907 1
60913 0
60925 1
60928 1
60930 1
60931 0
60944 1
60947 0
60962 1
60976 1
60989 0
60997 0
61001 1
61005 0
61007 1
61012 0
61024 1
61038 1
61046 1
61057 1
61064 0
61073 1
61079 1
61086 1
61098 1
61099 1
61110 0
61111 1
61112 1
61114 1
61123 1
61129 0
61130 0
61141 0
61156 1
61170 0
61183 0
61187 1
61189 1
61195 1
61200 0
61207 0
61213 0
61224 0
61239 0
61243 1
61257 1
61269 0
61273 0
61276 1
61280 0
61281 1
61282 0
61288 0
61301 1
61302 0
61313 0
61316 0
61322 0
61325 0
61331 1
61340 0
61349 0
61351 1
61356 0
61371 1
61384 1
61398 1
61412 0
61425 0
61431 0
61434 1
61443 0
61446 1
61460 0
61462 0
61474 1
61479 0
61490 1
61497 1
61500 1
61513 1
61522 1
61523 0
61535 1
61541 1
61556 1
61563 1
61572 1
61580 1
61581 0
61584 0
61586 1
61589 1
61596 0
61608 0
61616 0
61623 0
61627 1
61636 0
61644 1
61650 0
61664 1
61675 1
61690 0
61692 0
61703 1
61711 0
61722 1
61725 1
61728 1
61731 0
61733 0
61736 1
61740 0
61741 0
61742 0
61743 1
61754 1
61759 1
61772 0
61778 1
61805 0
61806 1
61820 1
61833 1
61837 0
61838 1
61840 0
61854 0
61856 0
61868 0
61875 0
61881 0
61885 0
61887 1
61890 0
61901 0
61902 1
61905 1
61918 1
61922 1
61939 0
61947 1
61952 0
61966 1
61967 0
61981 1
61994 1
62006 1
62017 0
62021 1
62025 0
62033 0
62038 0
62050 1
62057 0
62059 1
62060 0
62067 0
62075 0
62083 0
62097 0
62112 1
62118 0
62131 1
62136 1
62139 0
62154 1
62167 0
62172 0
62187 0
62191 0
62205 0
62206 0
62213 1
62215 0
62222 1
62233 1
62244 1
62255 1
62256 1
62263 1
62264 1
62271 1
62286 0
62292 1
62307 1
62309 1
62315 0
62320 1
62334 1
62341 0
62347 0
62350 1
62354 0
62355 0
62356 1
62369 0
62382 1
62394 1
62403 1
62416 0
62423 0
62430 1
62435 1
62440 0
62451 0
62452 1
62467 0
62472 1
62480 1
62484 1
62490 0
62497 0
62499 0
62500 0
62502 1
62517 1
62526 0
62538 1
62550 0
62557 0
62566 1
62574 0
62590 0
62604 0
62606 1
62619 1
62622 1
62630 0
62649 0
62656 1
62671 1
62679 1
62685 1
62686 1
62700 1
62701 1
62710 1
62713 0
62727 0
62739 0
62750 0
62752 1
62758 0
62772 0
62779 1
62783 0
62788 0
62794 0
62800 0
62804 0
62810 1
62825 1
62836 0
62850 0
62865 1
62880 0
62882 1
62885 0
62886 0
62895 0
62897 1
62909 1
62923 1
62929 0
62936 0
62943 0
62944 1
62949 0
62963 0
62967 0
62992 0
63004 0
63010 0
63018 0
63027 0
63036 1
63051 1
63060 0
63067 0
63081 1
63083 0
63087 0
63093 1
63098 0
63102 1
63110 0
63114 1
63126 0
63140 1
63143 1
63151 1
63152 0
63166 1
63172 1
63176 1
63191 0
63193 0
63204 0
63217 0
63221 0
63227 1
63228 0
63230 0
63233 0
63246 1
63261 0
63273 0
63285 0
63300 1
63307 1
63310 1
63318 0
63332 1
63346 1
63359 0
63365 1
63374 1
63382 1
63384 1
63386 0
63397 0
63402 0
63409 1
63411 0
63412 0
63420 0
63433 0
63444 0
63455 1
63457 1
63471 0
63472 1
63479 1
63487 0
63499 0
63513 0
63520 0
63535 0
63538 0
63551 0
63554 0
63569 0
63570 0
63573 1
63578 0
63584 0
63587 0
63595 0
63608 1
63613 0
63626 1
63630 1
63642 0
63650 0
63663 1
63665 0
63678 0
63684 0
63697 1
63706 1
63709 0
63711 1
63714 1
63726 1
63738 0
63751 0
63754 1
63755 1
63760 0
63773 0
63785 0
63791 0
63796 1
63809 1
63817 0
63822 0
63823 1
63830 0
63838 0
63845 1
63851 0
63854 1
63869 1
63883 1
63889 0
63895 0
63910 1
63916 0
63919 1
63924 1
63937 0
63942 1
63956 1
63969 0
63976 0
63989 1
63992 0
64001 1
64015 1
64028 1
64036 1
64049 0
64057 1
64074 0
64081 1
64085 0
64086 0
64092 0
64095 0
64097 1
64109 0
64114 0
64126 1
64138 0
64152 0
64156 1
64170 0
64181 0
64190 0
64195 1
64197 1
64198 0
64205 0
64214 0
64222 1
64236 0
64238 1
64249 1
64255 0
64258 1
64271 0
64272 1
64283 1
64288 1
64303 1
64312 0
64326 1
64335 1
64341 0
64350 1
64357 1
64371 0
64380 1
64382 1
64384 1
64395 0
64401 1
64409 0
64417 0
64423 0
64436 1
64450 0
64453 0
64460 1
64468 0
64474 1
64487 1
64491 0
64502 0
64505 0
64519 1
64527 1
64530 0
64534 1
64545 1
64556 0
64563 1
64564 1
64571 1
64583 0
64592 0
64606 0
64618 0
64630 1
64634 1
64646 1
64657 1
64670 1
64682 1
64689 1
64694 0
64702 1
64717 1
64722 1
64727 1
64732 0
64746 1
64758 0
64763 1
64775 1
64778 0
64793 1
64797 1
64799 0
64806 1
64814 1
64815 0
64821 0
64832 0
64846 1
64860 0
64874 1
64877 0
64879 1
64883 1
64885 1
64889 1
64896 0
64901 1
64912 1
64923 0
64931 0
64940 1
64952 1
64963 0
64978 1
64981 0
64993 0
65000 0
65004 0
65009 0
65023 0
65029 0
65034 0
65040 1
65041 0
65049 1
65064 1
65072 1
65086 1
65093 1
65097 1
65110 0
65121 1
65129 1
65144 1
65145 0
65153 1
65164 0
65173 0
65181 1
65185 0
65197 0
65198 0
65204 1
65219 1
65223 0
65227 1
65235 0
65248 1
65256 1
65264 1
65265 0
65278 1
65293 0
65297 1
65299 0
65302 1
65316 1
65327 1
65339 0
65345 1
65358 1
65362 1
65366 0
65368 1
65371 1
65373 1
65386 1
65398 1
65399 1
65410 1
65411 0
65416 1
65431 0
65440 0
65446 1
65453 1
65466 1
65471 1
65473 1
65484 0
65491 1
65498 1
65499 0
65502 1
65514 1
65515 0
65528 0
65537 0
65540 0
65555 0
65559 1
65563 1
65567 1
65579 1
65586 0
65588 0
65591 0
65604 1
65611 0
65615 0
65624 0
65627 0
65633 0
65636 1
65637 1
65645 0
65650 0
65656 1
65671 0
65685 1
65686 0
65691 1
65697 0
65712 0
65726 0
65740 0
65754 1
65762 1
65767 1
65769 0
65778 1
65785 1
65788 0
65799 1
65810 1
65818 1
65826 1
65829 0
65840 0
65847 1
65848 0
65853 1
65876 0
65884 0
65898 0
65912 1
65921 1
65926 0
65940 1
65954 0
65958 1
65969 1
65981 1
65989 1
65993 1
65996 0
65999 0
66004 0
66006 1
66017 0
66029 1
66048 0
66061 1
66076 1
66088 1
66100 0
66111 0
66112 1
66117 0
66126 0
66141 1
66147 0
66159 0
66170 0
66181 0
66187 1
66195 0
66196 0
66199 1
66204 1
66209 0
66216 1
66217 0
66231 0
66251 1
66265 0
66277 1
66282 0
66290 1
66298 0
66313 1
66322 0
66324 1
66336 0
66339 0
66352 0
66364 0
66366 1
66377 1
66384 0
66396 0
66398 1
66404 1
66419 1
66427 0
66438 0
66447 1
66461 1
66474 0
66479 0
66488 1
66496 0
66501 0
66514 0
66518 1
66523 0
66526 1
66530 1
66545 0
66546 1
66548 0
66555 1
66556 0
66571 0
66580 0
66585 0
66589 0
66604 1
66619 1
66626 0
66641 1
66656 0
66662 1
66691 1
66705 1
66714 0
66729 1
66731 0
66742 0
66750 1
66764 0
66767 0
66778 1
66784 1
66789 1
66800 0
66806 0
66814 1
66829 1
66842 0
66850 1
66863 0
66877 1
66880 0
66895 1
66896 0
66907 0
66920 0
66925 0
66938 1
66945 1
66947 0
66960 1
66971 0
66984 1
66999 1
67008 1
67011 1
67015 1
67023 1
67037 1
67052 0
67056 1
67071 1
67086 1
67097 0
67100 0
67107 0
67115 0
67120 1
67129 0
67147 1
67150 0
67159 1
67175 0
67183 0
67198 0
67211 1
67215 1
67219 1
67232 1
67236 0
67248 1
67259 1
67264 1
67270 1
67282 0
67294 1
67302 1
67316 0
67319 0
67323 1
67332 1
67340 0
67351 0
67363 1
67372 1
67379 0
67388 1
67395 0
67416 0
67421 1
67422 0
67433 0
67441 1
67450 0
67454 1
67469 0
67477 1
67482 1
67484 1
67493 1
67502 0
67505 0
67516 0
67518 1
67529 1
67536 0
67537 0
67545 1
67551 0
67556 0
67571 1
67575 0
67589 0
67602 0
67613 1
67616 0
67622 1
67628 0
67640 1
67644 0
67655 0
67668 0
67679 0
67682 1
67691 0
67694 1
67698 0
67701 0
67708 1
67723 1
67725 0
67728 0
67735 0
67737 1
67743 1
67756 0
67771 1
67785 1
67792 0
67804 1
67810 1
67817 0
67831 0
67835 1
67837 1
67838 0
67851 0
67872 0
67880 1
67889 1
67900 1
67914 1
67922 0
67933 0
67939 1
67945 1
67946 1
67955 0
67961 1
67972 0
67978 1
67980 0
67987 0
67993 0
67996 0
68001 0
68016 1
68027 0
68041 1
68044 0
68059 1
68069 1
68082 0
68095 1
68107 0
68114 0
68123 0
68125 1
68132 0
68138 0
68142 1
68147 1
68159 0
68165 1
68172 0
68173 0
68182 0
68183 0
68194 0
68198 1
68203 1
68210 0
68215 0
68224 1
68236 1
68240 1
68248 0
68261 0
68272 1
68281 1
68290 1
68295 0
68297 0
68309 1
68317 0
68328 1
68333 1
68341 0
68342 0
68351 1
68359 1
68360 1
68362 0
68376 1
68383 0
68391 0
68392 1
68403 1
68412 1
68423 1
68434 0
68438 0
68450 0
68461 0
68476 0
68479 0
68485 1
68496 0
68503 1
68517 0
68526 0
68534 1
68541 1
68552 0
68565 0
68579 1
68587 1
68602 0
68611 1
68625 1
68638 1
68653 1
68661 0
68670 1
68685 0
68687 1
68701 1
68709 1
68717 0
68726 1
68740 0
68747 0
68756 0
68764 0
68778 0
68793 0
68796 1
68798 0
68801 0
68814 0
68828 1
68829 1
68836 0
68847 0
68856 0
68857 0
68860 1
68869 1
68870 1
68877 0
68888 1
68901 1
68906 1
68920 1
68931 1
68944 0
68947 0
68949 1
68960 0
68968 1
68981 0
68985 0
68992 1
68994 1
69000 1
69013 1
69024 1
69030 0
69039 0
69043 0
69056 1
69061 1
69072 0
69077 1
69081 0
69082 0
69097 1
69104 1
69112 0
69119 0
69127 0
69133 1
69139 1
69142 0
69150 1
69153 1
69160 0
69167 1
69169 0
69184 0
69189 1
69202 1
69215 0
69218 0
69230 0
69242 1
69251 0
69258 0
69264 0
69276 1
69285 0
69289 1
69304 0
69313 1
69328 0
69337 1
69341 0
69344 1
69349 0
69358 1
69370 1
69382 0
69390 0
69403 1
69416 1
69419 1
69432 1
69445 1
69457 0
69462 1
69481 1
69484 0
69489 1
69504 1
69506 1
69518 1
69524 1
69538 0
69547 0
69553 0
69557 1
69570 1
69577 0
69588 0
69590 0
69591 0
69604 1
69605 0
69607 1
69613 1
69619 0
69632 1
69646 0
69655 0
69659 0
69667 1
69678 1
69690 0
69694 1
69699 1
69714 0
69725 1
69734 1
69742 1
69757 0
69769 0
69778 1
69793 0
69807 0
69810 1
69814 1
69816 0
69819 0
69833 0
69836 1
69848 1
69853 0
69867 1
69876 0
69888 1
69900 0
69911 0
69922 0
69929 1
69930 0
69932 0
69946 1
69960 0
69969 1
69971 0
69984 1
69989 1
69997 1
70009 0
70013 1
70022 1
70036 1
70043 0
70044 0
70055 0
70066 0
70075 1
70090 0
70103 1
70107 1
70110 0
70114 0
70122 0
70125 1
70130 1
70143 1
70154 1
70155 1
70167 0
70176 0
70184 1
70191 1
70203 0
70216 0
70218 1
70227 1
70242 0
70255 0
70257 0
70266 0
70280 1
70282 1
70285 1
70291 0
70306 0
70313 1
70321 0
70322 1
70324 0
70326 0
70339 1
70343 0
70346 1
70361 0
70368 1
70389 0
70392 0
70400 0
70412 0
70420 1
70435 0
70447 1
70458 1
70463 1
70466 0
70472 1
70485 1
70489 0
70493 0
70506 1
70514 1
70520 0
70532 1
70539 1
70550 1
70557 1
70569 0
70577 1
70592 1
70598 0
70606 1
70618 1
70625 0
70646 1
70660 1
70661 0
70664 1
70672 1
70687 1
70690 0
70695 0
70706 0
70718 1
70721 0
70727 0
70732 0
70738 1
70753 0
70758 1
70772 1
70781 1
70782 0
70786 1
70800 1
70802 0
70809 1
70821 1
70830 0
70838 1
70847 1
70848 0
70850 0
70851 1
70852 1
70853 0
70855 0
70861 0
70869 1
70884 0
70896 1
70908 1
70909 0
70922 0
70928 0
70940 0
70955 1
70958 1
70973 0
70975 0
70987 1
70995 1
70996 0
71011 1
71012 0
71014 0
71023 1
71026 1
71029 0
71044 1
71049 1
71062 0
71077 1
71092 0
71103 1
71116 0
71121 0
71122 1
71129 0
71131 1
71135 1
71138 1
71162 0
71170 1
71173 1
71188 1
71197 0
71210 1
71214 1
71221 0
71229 1
71232 0
71245 1
71250 0
71251 1
71257 1
71259 0
71273 1
71282 0
71285 1
71289 0
71301 1
71313 0
71327 0
71338 0
71349 0
71361 0
71367 0
71375 1
71381 0
71393 1
71398 1
71405 1
71412 1
71413 0
71418 0
71427 1
71448 1
71462 1
71477 1
71481 0
71496 1
71500 0
71505 0
71519 1
71533 1
71539 0
71554 0
71555 1
71568 1
71581 0
71590 0
71597 1
71604 0
71606 1
71618 1
71623 0
71636 0
71651 0
71660 0
71661 1
71666 0
71674 1
71682 0
71691 1
71704 0
71711 0
71725 0
71729 1
71741 1
71754 1
71757 1
71772 0
71783 0
71791 1
71804 0
71818 0
71832 0
71844 1
71847 1
71862 0
71867 0
71873 0
71876 1
71878 0
71882 1
71891 1
71903 1
71917 0
71920 0
71932 1
71944 1
71945 1
71951 1
71955 0
71963 0
71966 0
71978 1
71981 1
71993 1
72008 0
72010 1
72021 0
72026 1
72030 1
72042 1
72048 0
72060 0
72061 1
72064 0
72077 0
72092 0
72094 0
72101 1
72102 1
72110 1
72112 0
72123 0
72124 0
72135 0
72149 0
72150 1
72163 1
72166 1
72178 0
72191 0
72206 1
72210 0
72212 0
72221 1
72228 1
72230 1
72236 0
72245 0
72252 1
72267 1
72282 0
72290 1
72293 1
72302 0
72310 1
72317 1
72332 0
72343 0
72355 0
72364 0
72376 0
72382 0
72387 0
72401 1
72409 1
72421 1
72432 0
72444 0
72456 0
72470 1
72483 1
72486 1
72493 1
72497 0
72511 0
72525 1
72532 1
72544 0
72559 1
72562 0
72574 1
72586 0
72600 1
72615 1
72622 0
72623 1
72636 1
72651 0
72654 1
72659 1
72668 0
72674 1
72688 0
72701 1
72715 1
72717 0
72720 1
72725 0
72739 1
72752 1
72758 1
72770 0
72773 0
72785 0
72799 0
72806 0
72809 0
72816 1
72830 0
72831 0
72832 1
72846 1
72851 0
72865 1
72877 0
72879 0
72884 0
72885 0
72896 1
72908 0
72915 0
72919 0
72920 1
72925 0
72936 1
72951 0
72966 0
72973 1
72980 0
72982 1
72984 1
72998 0
73009 0
73023 0
73037 0
73039 1
73041 1
73049 0
73062 1
73075 1
73084 1
73095 1
73110 0
73118 1
73127 1
73141 0
73148 1
73159 1
73174 0
73183 0
73191 1
73195 0
73198 1
73210 0
73211 1
73223 0
73231 0
73232 1
73237 1
73250 1
73262 0
73271 0
73284 1
73288 0
73296 1
73311 0
73322 0
73336 0
73349 0
73356 1
73362 0
73370 0
73373 0
73382 1
73388 0
73396 0
73402 0
73411 0
73425 0
73439 1
73447 0
73448 0
73471 1
73482 0
73487 0
73488 0
73492 0
73499 0
73503 1
73505 1
73510 0
73517 0
73523 1
73534 1
73547 0
73556 1
73561 0
73573 0
73585 0
73586 1
73600 0
73608 1
73620 1
73627 0
73628 0
73632 1
73637 0
73645 0
73651 0
73665 0
73668 1
73677 0
73683 0
73685 1
73699 1
73714 1
73716 0
73728 0
73731 1
73737 1
73739 1
73754 1
73763 1
73767 1
73781 0
73794 1
73809 0
73812 0
73818 0
73825 0
73832 0
73839 0
73841 0
73846 0
73848 0
73859 0
73860 0
73868 1
73874 1
73882 1
73883 1
73884 0
73886 1
73892 1
73897 0
73898 1
73906 0
73919 1
73925 1
73926 1
73932 0
73940 1
73944 0
73955 1
73962 0
73964 0
73970 0
73983 1
73984 0
73999 1
74004 0
74005 1
74020 0
74029 1
74043 0
74047 0
74056 1
74063 0
74071 0
74072 1
74080 1
74089 0
74093 0
74098 1
74111 0
74116 1
74125 1
74132 1
74135 1
74144 0
74156 1
74162 0
74171 1
74182 0
74184 0
74189 0
74204 0
74216 0
74223 0
74232 1
74245 1
74253 1
74262 0
74277 0
74288 0
74289 1
74294 1
74305 1
74306 1
74317 0
74324 0
74335 0
74340 0
74344 0
74347 0
74349 1
74362 1
74368 1
74373 0
74384 1
74392 0
74397 0
74403 0
74418 0
74423 0
74425 1
74436 0
74448 1
74468 0
74471 0
74484 1
74489 0
74491 0
74500 0
74502 0
74511 0
74514 1
74519 1
74530 0
74539 0
74546 0
74553 0
74564 1
74566 0
74571 0
74578 0
74590 1
74596 0
74618 0
74627 1
74635 0
74659 0
74673 1
74682 0
74696 0
74697 1
74712 0
74721 1
74732 0
74737 1
74743 0
74758 1
74766 1
74781 0
74790 0
74794 0
74801 1
74815 0
74818 0
74831 1
74843 0
74857 1
74863 0
74869 0
74870 0
74878 1
74882 1
74885 0
74900 0
74914 0
74917 0
74928 0
74935 1
74936 0
74944 0
74959 0
74973 1
74988 0
75002 1
75004 1
75009 0
75016 0
75028 1
75034 0
75035 1
75046 0
75053 1
75060 0
75062 1
75068 0
75071 1
75073 1
75086 1
75089 0
75097 0
75110 0
75116 0
75140 0
75151 0
75152 0
75155 1
75157 0
75160 0
75172 0
75181 1
75184 0
75195 0
75202 0
75209 0
75224 0
75228 1
75232 1
75240 0
75246 0
75247 0
75249 0
75255 0
75258 0
75260 0
75268 1
75273 1
75276 1
75290 0
75303 1
75306 1
75311 1
75314 0
75317 1
75331 1
75343 1
75347 1
75362 0
75363 0
75364 1
75372 0
75378 0
75384 1
75390 0
75403 0
75407 1
75412 0
75415 1
75416 1
75417 0
75432 1
75436 0
75445 0
75460 1
75462 0
75471 0
75484 1
75493 1
75507 0
75514 0
75520 1
75528 1
75536 0
75549 0
75560 0
75561 1
75575 0
75582 0
75591 1
75603 1
75607 1
75611 0
75613 0
75618 1
75632 1
75645 1
75652 1
75664 0
75671 1
75682 1
75691 0
75698 0
75702 0
75707 0
75721 1
75732 1
75738 1
75750 1
75757 0
75759 1
75762 0
75770 0
75777 1
75791 0
75806 0
75819 0
75834 1
75846 0
75858 1
75867 0
75874 0
75877 1
75882 0
75891 0
75904 0
75907 1
75909 1
75922 1
75930 0
75945 1
75951 1
75953 1
75964 1
75978 1
75993 0
75996 1
76005 0
76018 1
76028 0
76034 0
76037 0
76038 0
76051 1
76060 0
76064 0
76069 1
76070 0
76081 1
76089 0
76098 0
76107 1
76133 0
76142 1
76146 0
76161 0
76170 1
76183 0
76187 0
76189 1
76196 1
76203 0
76220 0
76224 0
76230 0
76239 0
76253 1
76261 0
76269 0
76275 0
76287 0
76295 0
76297 0
76299 1
76304 0
76311 1
76319 1
76327 1
76341 0
76349 0
76360 1
76369 0
76371 0
76383 1
76397 0
76406 0
76407 1
76421 1
76433 0
76448 0
76451 0
76462 0
76473 1
76474 0
76481 1
76483 1
76492 0
76495 1
76504 1
76515 0
76520 0
76529 0
76531 1
76538 1
76556 0
76559 1
76567 0
76575 0
76577 0
76583 1
76588 1
76602 0
76610 1
76617 0
76629 1
76656 0
76663 1
76665 0
76674 1
76676 1
76679 1
76693 1
76694 1
76698 0
76709 0
76723 0
76732 1
76739 0
76754 1
76766 0
76770 1
76779 1
76784 1
76789 0
76800 1
76815 1
76819 0
76827 0
76830 0
76834 0
76845 1
76846 0
76847 1
76850 0
76861 1
76873 0
76875 0
76878 0
76881 1
76889 1
76902 1
76916 0
76917 0
76928 0
76931 1
76945 1
76948 0
76956 0
76957 1
76965 0
76966 1
76969 1
76977 1
76989 0
76998 1
77002 0
77010 1
77024 1
77025 1
77034 1
77036 0
77038 0
77039 0
77046 0
77047 1
77059 1
77067 1
77070 0
77083 1
77098 0
77106 1
77113 1
77127 1
77135 0
77140 1
77144 0
77147 1
77156 1
77165 1
77170 0
77181 0
77184 0
77196 1
77211 1
77213 0
77226 0
77232 0
77241 0
77252 0
77253 1
77266 1
77277 1
77284 1
77293 1
77295 0
77309 1
77316 0
77324 0
77325 1
77327 0
77328 1
77341 0
77355 1
77358 0
77372 1
77376 1
77382 0
77384 1
77388 0
77392 1
77406 0
77409 0
77423 1
77434 0
77445 0
77452 1
77479 1
77482 1
77484 1
77490 0
77491 1
77496 0
77510 1
77519 1
77526 0
77553 0
77565 1
77576 0
77585 0
77589 1
77602 1
77617 0
77618 0
77625 1
77629 0
77643 0
77648 0
77654 0
77656 0
77660 0
77665 1
77679 0
77691 0
77699 1
77706 1
77710 1
77725 1
77736 1
77738 1
77747 1
77761 0
77764 0
77769 1
77770 1
77782 0
77790 1
77803 0
77818 1
77833 0
77842 1
77862 0
77873 1
77887 0
77898 1
77901 0
77909 1
77912 0
77921 0
77936 1
77943 1
77952 1
77963 0
77978 1
77982 0
77986 1
77998 1
77999 1
78005 0
78013 1
78024 1
78039 0
78051 1
78056 1
78065 0
78072 1
78080 0
78084 1
78088 1
78091 1
78096 1
78099 0
78101 0
78113 0
78119 1
78126 0
78139 0
78152 0
78157 0
78168 0
78171 0
78174 1
78189 1
78201 1
78207 1
78218 0
78226 1
78229 1
78230 1
78238 1
78243 0
78251 1
78255 1
78270 1
78274 0
78278 0
78282 0
78297 0
78299 0
78311 0
78313 0
78325 0
78326 0
78337 0
78339 0
78354 0
78363 0
78372 1
78381 0
78389 1
78406 1
78407 1
78414 1
78417 1
78426 0
78429 1
78442 1
78443 1
78454 0
78461 0
78473 1
78484 0
78496 0
78502 0
78511 0
78515 0
78517 1
78524 1
78530 1
78538 0
78539 0
78547 0
78550 0
78555 0
78559 1
78560 0
78566 0
78575 1
78580 1
78588 1
78601 1
78605 1
78617 1
78619 0
78628 1
78635 1
78642 1
78654 1
78657 1
78661 1
78668 0
78676 0
78679 1
78685 0
78698 0
78706 1
78709 0
78718 0
78725 1
78729 0
78730 0
78743 1
78751 0
78765 0
78776 0
78787 1
78789 0
78793 1
78798 1
78805 1
78811 1
78823 0
78824 1
78837 0
78841 0
78850 1
78869 0
78884 1
78895 0
78906 1
78913 0
78921 1
78934 0
78943 1
78958 0
78965 0
78967 0
78971 1
78986 1
78992 1
78997 1
79012 0
79024 1
79037 0
79052 0
79061 1
79075 1
79083 0
79089 0
79095 0
79100 1
79116 1
79123 0
79131 0
79140 1
79149 1
