9726
5 0
14 1
16 1
29 0
44 0
48 0
54 0
67 0
75 1
95 0
107 1
115 1
122 1
129 1
143 0
150 1
161 0
166 0
178 1
193 1
198 0
210 1
216 1
218 0
219 1
224 0
248 0
257 0
264 0
279 0
293 0
297 1
298 1
310 0
311 1
324 0
337 0
342 1
353 1
355 1
360 0
373 1
380 0
391 1
399 1
412 1
416 0
421 1
434 0
449 1
463 0
474 1
475 0
482 1
489 0
504 1
512 1
521 1
527 1
533 0
538 1
549 1
553 0
562 1
567 1
572 1
577 1
581 1
587 0
599 1
600 1
605 1
607 1
614 0
628 0
642 1
648 0
654 1
657 0
672 1
680 0
688 1
696 0
703 1
718 0
733 0
740 0
753 0
764 1
777 0
791 0
792 1
804 0
812 1
824 1
837 0
852 0
856 1
867 1
878 1
884 0
886 0
891 0
898 0
909 0
918 0
931 0
939 0
942 1
955 0
967 0
973 1
988 0
992 1
1006 1
1021 1
1029 1
1037 1
1045 1
1054 1
1056 1
1061 1
1069 0
1078 1
1090 0
1104 1
1106 1
1108 1
1111 0
1124 0
1136 1
1144 1
1158 0
1173 0
1179 0
1194 0
1199 1
1213 1
1218 0
1225 1
1240 1
1251 1
1254 1
1268 1
1272 0
1285 1
1291 1
1295 1
1300 0
1304 1
1317 1
1320 0
1328 1
1341 0
1356 1
1361 1
1375 1
1386 0
1394 0
1406 1
1418 0
1419 0
1421 0
1422 1
1424 0
1435 0
1443 1
1451 1
1462 1
1469 1
1482 0
1485 1
1493 1
1506 1
1507 0
1522 0
1524 0
1538 0
1540 1
1541 0
1543 0
1552 1
1560 1
1564 1
1565 0
1572 0
1575 1
1587 0
1601 1
1608 0
1619 1
1622 1
1623 1
1637 1
1650 1
1653 0
1667 0
1681 1
1694 1
1695 1
1703 1
1705 0
1716 0
1727 0
1740 1
1742 1
1747 1
1752 0
1756 0
1768 1
1772 0
1781 0
1796 1
1802 0
1811 1
1825 0
1827 0
1842 0
1847 0
1859 0
1863 0
1864 1
1865 1
1869 0
1872 0
1873 0
1882 0
1894 0
1899 0
1908 1
1920 1
1931 0
1939 1
1954 1
1967 0
1976 1
1978 1
1993 0
1997 0
2006 0
2009 1
2021 0
2034 1
2040 0
2041 0
2053 1
2064 1
2065 0
2066 0
2077 1
2082 0
2086 0
2097 1
2100 0
2111 1
2123 0
2133 0
2140 1
2161 1
2164 0
2177 1
2185 0
2186 1
2192 0
2211 0
2214 0
2217 1
2221 0
2230 1
2235 0
2250 1
2252 1
2267 1
2278 1
2280 0
2286 0
2287 0
2290 0
2299 1
2306 0
2328 0
2343 0
2352 0
2361 1
2375 1
2376 1
2382 1
2386 0
2389 1
2403 1
2418 1
2430 0
2438 0
2449 1
2462 1
2468 0
2474 0
2477 1
2483 0
2492 1
2507 1
2512 0
2519 1
2528 0
2530 1
2541 0
2544 1
2552 1
2566 1
2580 0
2594 0
2596 1
2605 0
2617 1
2626 1
2635 0
2643 1
2644 0
2650 1
2653 0
2662 1
2687 1
2700 1
2701 0
2713 0
2724 0
2736 0
2743 0
2744 1
2755 0
2761 0
2769 0
2778 0
2784 1
2787 1
2813 0
2820 1
2828 0
2855 1
2860 0
2862 0
2864 0
2876 0
2888 0
2894 0
2897 1
2906 0
2915 1
2917 1
2938 0
2951 0
2966 0
2975 1
2983 0
2984 1
2999 0
3001 1
3007 1
3011 1
3019 0
3023 0
3027 1
3034 0
3041 1
3050 0
3068 0
3074 1
3075 0
3082 0
3089 0
3094 0
3097 0
3110 0
3113 1
3128 0
3131 0
3142 0
3144 0
3151 1
3156 0
3171 1
3180 0
3187 0
3199 0
3205 1
3216 1
3218 0
3221 1
3230 0
3243 0
3248 0
3260 0
3273 0
3287 1
3296 0
3301 0
3313 1
3317 1
3326 0
3348 0
3353 1
3365 1
3378 1
3384 1
3386 1
3392 0
3407 1
3409 0
3418 0
3423 1
3451 0
3458 1
3462 1
3474 0
3481 1
3493 1
3504 1
3515 0
3524 1
3533 0
3537 0
3542 0
3557 0
3561 1
3563 1
3571 1
3577 1
3591 0
3600 0
3601 1
3616 0
3628 0
3637 0
3641 0
3646 0
3650 0
3651 1
3653 1
3667 1
3672 0
3676 1
3681 0
3685 0
3691 1
3704 0
3719 1
3731 0
3740 0
3754 1
3763 0
3769 0
3778 0
3783 1
3790 0
3797 1
3808 1
3828 1
3834 0
3843 1
3846 0
3855 1
3867 0
3882 1
3891 0
3893 0
3897 1
3910 1
3912 0
3915 0
3939 1
3946 1
3958 1
3965 0
3971 1
3984 0
3989 0
4001 0
4016 1
4025 1
4040 0
4042 0
4048 1
4053 0
4068 1
4076 1
4080 1
4095 0
4096 1
4104 0
4118 0
4133 1
4142 0
4160 0
4175 0
4176 0
4190 0
4203 0
4207 1
4212 1
4221 0
4235 0
4236 1
4237 1
4252 1
4265 0
4278 0
4286 0
4295 0
4303 0
4307 0
4321 0
4328 0
4340 0
4347 0
4358 1
4371 0
4384 0
4396 1
4403 0
4404 1
4418 1
4429 0
4438 0
4451 1
4459 1
4464 1
4466 1
4480 0
4491 1
4506 1
4509 1
4516 1
4527 0
4535 1
4538 1
4549 1
4553 0
4566 0
4578 1
4593 0
4601 0
4602 1
4606 1
4612 1
4613 0
4624 0
4637 1
4649 0
4654 0
4656 1
4660 1
4671 0
4682 1
4693 1
4706 0
4718 1
4729 0
4736 1
4758 0
4767 0
4782 0
4797 1
4802 0
4808 0
4813 1
4826 1
4834 0
4847 1
4858 1
4860 1
4865 0
4871 1
4883 1
4884 1
4892 1
4899 0
4913 1
4926 1
4937 0
4950 1
4963 0
4974 1
4982 1
4991 1
5004 1
5005 1
5017 1
5026 1
5039 0
5054 1
5061 1
5070 0
5082 1
5096 1
5105 0
5131 1
5146 1
5158 1
5163 1
5174 0
5180 1
5189 0
5195 0
5203 0
5209 1
5238 1
5247 1
5255 1
5262 0
5284 1
5285 0
5296 0
5303 1
5308 0
5323 1
5329 0
5343 1
5350 0
5358 0
5363 0
5367 1
5378 1
5384 0
5387 1
5389 1
5396 1
5401 1
5408 0
5420 0
5426 1
5433 1
5435 1
5441 0
5462 0
5470 0
5471 1
5484 1
5488 0
5503 0
5506 1
5520 0
5525 1
5528 1
5541 1
5550 1
5564 1
5568 0
5581 1
5592 0
5606 1
5618 0
5626 1
5639 0
5654 1
5659 1
5665 0
5674 1
5678 0
5682 0
5687 1
5693 0
5707 0
5711 1
5716 1
5724 1
5739 0
5752 0
5764 0
5777 1
5791 1
5793 1
5802 1
5806 0
5819 1
5826 0
5827 1
5838 1
5846 1
5854 0
5861 0
5872 1
5877 1
5881 1
5882 1
5891 1
5902 1
5905 0
5907 0
5908 1
5910 0
5915 1
5921 1
5929 1
5933 0
5944 0
5947 0
5951 1
5965 1
5978 1
5980 1
5985 1
5999 0
6013 1
6025 1
6028 0
6042 0
6043 0
6050 1
6061 1
6064 1
6066 1
6069 1
6070 0
6083 0
6098 1
6112 1
6121 0
6136 0
6137 1
6150 1
6163 0
6176 0
6187 1
6190 1
6198 0
6224 1
6238 0
6252 0
6255 1
6257 0
6258 0
6269 0
6273 1
6282 1
6286 0
6300 1
6304 0
6308 1
6317 0
6332 0
6335 1
6347 0
6350 0
6355 0
6368 0
6371 0
6384 1
6393 0
6398 0
6402 1
6416 1
6425 1
6438 1
6439 1
6443 1
6445 1
6453 1
6456 0
6469 0
6472 0
6484 0
6490 1
6505 1
6512 0
6520 0
6528 1
6547 0
6562 0
6563 1
6575 0
6578 0
6587 1
6591 0
6602 0
6604 0
6616 1
6630 0
6644 0
6646 1
6648 0
6652 0
6655 1
6669 0
6671 0
6679 1
6687 0
6690 0
6697 1
6706 1
6709 1
6711 0
6714 0
6722 0
6723 0
6727 0
6742 0
6753 0
6758 1
6772 0
6786 1
6791 1
6794 1
6809 1
6823 1
6831 1
6846 1
6852 1
6857 1
6870 0
6877 0
6884 1
6896 0
6915 1
6928 1
6937 0
6943 1
6959 0
6962 1
6968 0
6969 1
6973 1
6986 1
6992 0
6997 1
6999 0
7002 1
7010 0
7011 1
7018 1
7019 1
7032 1
7047 1
7061 1
7068 1
7079 0
7092 1
7094 1
7100 0
7106 0
7109 0
7118 0
7120 0
7126 1
7139 0
7154 1
7163 0
7176 1
7189 0
7192 1
7196 0
7207 1
7220 1
7223 0
7235 1
7251 1
7265 0
7271 0
7285 0
7300 0
7315 1
7324 0
7336 1
7345 1
7360 1
7371 1
7376 1
7391 1
7406 0
7419 1
7425 1
7427 1
7428 0
7432 1
7445 0
7453 0
7459 1
7460 0
7462 0
7463 0
7464 0
7465 0
7474 0
7489 0
7496 1
7501 1
7512 0
7528 0
7542 1
7546 0
7560 1
7573 0
7588 1
7591 1
7594 1
7607 0
7622 0
7634 1
7645 1
7653 0
7660 0
7674 0
7681 1
7688 1
7699 1
7714 0
7726 0
7734 0
7749 0
7758 0
7764 1
7772 0
7786 0
7792 1
7793 0
7807 1
7814 1
7823 0
7827 0
7838 1
7841 1
7848 1
7854 0
7869 1
7881 1
7885 1
7900 0
7902 1
7913 1
7915 0
7929 0
7944 1
7945 1
7950 1
7965 0
7971 0
7972 1
7986 1
7999 1
8004 0
8011 0
8020 0
8029 0
8044 0
8047 1
8048 1
8051 1
8055 0
8063 1
8070 1
8083 1
8097 0
8106 0
8110 1
8123 0
8130 0
8141 1
8144 1
8145 0
8159 1
8173 1
8178 1
8185 1
8199 1
8213 1
8222 1
8233 1
8242 1
8250 0
8255 1
8258 0
8263 1
8293 0
8300 1
8306 1
8320 0
8322 0
8324 1
8328 1
8334 1
8346 0
8352 1
8355 0
8370 0
8382 1
8393 0
8410 1
8419 1
8434 1
8445 1
8450 0
8461 0
8470 0
8484 0
8495 0
8497 1
8502 0
8506 0
8517 0
8528 1
8534 0
8536 0
8550 1
8565 0
8570 1
8576 0
8587 0
8595 0
8597 0
8610 1
8617 0
8623 1
8632 0
8644 0
8658 1
8673 0
8680 0
8687 0
8700 0
8715 1
8729 0
8742 1
8757 1
8758 1
8767 1
8779 0
8782 0
8786 0
8799 0
8802 0
8809 1
8810 0
8813 0
8817 1
8826 0
8838 0
8841 1
8846 1
8861 0
8873 1
8875 1
8890 0
8898 1
8905 0
8911 0
8922 1
8926 0
8930 1
8933 0
8936 1
8941 1
8944 0
8952 1
8963 1
8970 0
8971 0
8975 1
8986 1
8994 1
9009 1
9023 1
9036 1
9043 0
9052 1
9060 0
9061 1
9074 1
9079 0
9090 1
9099 1
9106 0
9113 1
9121 1
9122 1
9134 1
9146 0
9157 1
9164 1
9173 0
9185 1
9199 0
9214 1
9222 1
9236 0
9239 1
9241 1
9249 0
9262 1
9264 1
9273 0
9281 1
9300 1
9305 0
9309 0
9318 0
9333 0
9336 0
9344 0
9357 0
9365 1
9369 1
9373 0
9388 0
9395 0
9401 1
9404 1
9412 1
9413 0
9418 1
9429 1
9431 0
9434 1
9447 0
9449 1
9453 1
9454 0
9458 0
9466 1
9475 1
9482 1
9485 0
9486 0
9489 1
9501 0
9502 1
9516 1
9530 0
9539 1
9553 1
9557 0
9568 1
9580 0
9581 1
9586 0
9600 0
9603 1
9615 0
9618 0
9632 0
9641 1
9647 1
9649 0
9664 1
9670 1
9672 1
9679 0
9683 0
9694 1
9699 1
9702 0
9708 0
9711 0
9717 1
9729 1
9744 0
9753 0
9760 0
9774 0
9787 1
9792 1
9796 1
9799 1
9801 0
9802 1
9816 1
9831 0
9833 1
9839 1
9844 1
9849 1
9857 1
9868 1
9871 1
9885 0
9900 0
9906 1
9914 0
9921 1
9932 1
9936 1
9939 0
9944 1
9948 1
9953 1
9967 0
9974 0
9980 1
9989 0
9997 0
10003 1
10014 1
10020 1
10023 0
10025 1
10039 0
10043 0
10051 0
10058 1
10060 0
10071 1
10085 0
10099 0
10114 1
10120 0
10121 0
10139 1
10144 0
10153 0
10166 1
10174 1
10175 0
10177 0
10191 1
10205 0
10214 0
10218 1
10227 1
10232 1
10245 0
10252 0
10267 0
10280 0
10284 1
10289 1
10292 0
10303 1
10307 1
10321 1
10336 1
10348 0
10360 0
10372 1
10376 0
10381 1
10392 0
10403 1
10411 1
10415 1
10417 0
10423 0
10438 0
10452 0
10455 0
10462 1
10463 1
10468 0
10477 1
10491 1
10493 1
10506 1
10508 1
10511 1
10526 1
10538 1
10543 1
10547 0
10548 0
10549 1
10564 1
10572 1
10583 0
10585 0
10589 1
10593 1
10606 1
10621 0
10626 1
10634 0
10637 0
10640 0
10656 1
10665 1
10672 0
10676 1
10681 0
10696 0
10702 0
10707 0
10711 0
10725 1
10730 0
10743 0
10745 0
10751 0
10762 1
10774 0
10781 0
10785 1
10792 1
10801 1
10814 0
10817 1
10825 1
10831 1
10839 0
10843 1
10844 0
10856 1
10859 1
10865 0
10872 1
10880 1
10886 1
10895 1
10909 1
10920 1
10929 1
10935 0
10946 1
10958 0
10960 1
10975 0
10980 1
10994 1
11002 1
11011 0
11018 0
11025 1
11033 0
11047 0
11053 0
11066 1
11078 1
11090 0
11105 0
11107 0
11118 0
11122 1
11137 1
11152 1
11163 1
11168 1
11175 1
11182 0
11186 0
11198 0
11205 0
11216 1
11231 0
11233 1
11247 1
11248 1
11253 0
11265 1
11266 1
11272 0
11286 1
11299 1
11304 1
11308 1
11315 1
11327 1
11336 1
11338 0
11339 1
11354 1
11360 0
11378 1
11387 0
11396 1
11403 1
11411 1
11415 0
11428 1
11433 1
11445 0
11449 0
11457 0
11466 1
11472 0
11485 0
11496 0
11503 1
11509 0
11510 0
11514 1
11522 1
11529 1
11540 1
11554 1
11559 0
11563 0
11577 0
11585 1
11601 1
11613 1
11619 0
11622 0
11637 1
11640 1
11649 1
11655 1
11657 0
11660 0
11664 0
11672 1
11700 1
11705 0
11713 0
11719 0
11725 1
11747 0
11761 1
11768 0
11780 0
11782 0
11793 0
11801 0
11802 0
11806 0
11819 1
11825 0
11838 1
11862 0
11866 1
11871 1
11876 0
11888 0
11903 0
11916 0
11929 0
11936 0
11943 1
11957 0
11969 1
11974 0
11986 1
11992 0
11998 0
12012 0
12019 1
12026 0
12040 1
12055 0
12058 1
12071 0
12073 1
12088 1
12094 1
12103 0
12111 0
12125 1
12136 1
12150 1
12165 1
12180 0
12191 1
12205 1
12208 1
12214 1
12222 1
12236 0
12250 0
12252 0
12254 1
12259 0
12266 1
12283 1
12295 0
12298 1
12302 0
12304 0
12306 0
12310 1
12322 0
12330 0
12343 0
12352 0
12354 0
12363 1
12377 1
12382 1
12393 1
12397 1
12410 0
12416 1
12424 0
12431 1
12436 0
12447 0
12453 1
12467 0
12478 0
12481 0
12483 1
12489 0
12500 1
12504 1
12519 1
12520 1
12534 1
12548 0
12562 1
12569 0
12578 1
12596 0
12608 1
12612 0
12613 0
12617 1
12630 0
12639 0
12641 1
12647 1
12652 0
12664 0
12677 0
12690 1
12693 1
12707 1
12709 0
12718 0
12732 0
12743 0
12751 0
12754 0
12760 0
12764 0
12776 0
12788 0
12802 1
12813 0
12828 1
12835 1
12837 0
12850 0
12865 0
12868 1
12881 1
12888 1
12900 1
12908 1
12914 1
12921 0
12933 0
12946 0
12948 0
12952 1
12960 1
12969 0
12978 1
12982 0
12987 1
13002 0
13015 1
13029 0
13041 1
13047 1
13053 1
13065 1
13080 1
13094 0
13108 1
13123 0
13134 0
13147 0
13159 1
13160 1
13174 0
13188 0
13192 0
13198 1
13211 0
13215 0
13222 0
13223 1
13226 0
13228 0
13235 0
13250 0
13259 0
13272 1
13273 0
13281 1
13294 0
13305 0
13309 0
13322 0
13327 1
13331 1
13339 0
13345 1
13346 0
13353 1
13355 0
13364 0
13375 0
13390 1
13402 0
13413 0
13427 1
13428 1
13443 1
13447 1
13452 0
13458 1
13476 1
13488 0
13489 1
13492 1
13500 1
13511 1
13515 0
13524 1
13528 0
13530 1
13536 1
13550 1
13561 0
13575 0
13582 0
13588 0
13599 0
13602 1
13616 0
13644 0
13646 1
13652 0
13655 1
13667 1
13682 0
13693 1
13706 1
13719 0
13724 1
13727 0
13728 0
13743 0
13745 1
13759 1
13760 1
13762 0
13776 0
13791 1
13817 0
13828 1
13829 1
13836 0
13838 0
13840 0
13855 0
13857 0
13871 0
13886 1
13894 0
13907 0
13921 1
13923 1
13926 1
13935 1
13946 1
13951 1
13957 0
13972 0
13976 0
13988 0
13993 1
14006 0
14014 1
14020 1
14029 0
14036 0
14049 0
14050 1
14063 0
14074 0
14083 1
14088 1
14089 0
14101 1
14110 0
14115 0
14124 1
14135 0
14139 0
14148 0
14161 1
14167 1
14169 0
14183 1
14188 0
14201 0
14209 0
14222 1
14224 1
14237 1
14243 1
14254 1
14256 1
14271 1
14277 0
14289 0
14296 1
14310 0
14312 1
14318 1
14333 1
14345 0
14348 1
14350 0
14351 0
14356 0
14364 0
14368 0
14369 0
14376 1
14388 1
14396 1
14399 0
14414 0
14429 1
14430 1
14438 1
14447 1
14449 1
14458 1
14472 1
14474 1
14477 0
14482 1
14488 0
14497 1
14514 1
14517 0
14520 1
14526 0
14539 1
14541 0
14547 1
14553 1
14557 0
14565 1
14579 0
14581 1
14590 1
14595 0
14609 1
14616 1
14623 0
14647 0
14650 1
14662 1
14673 0
14680 0
14681 0
14686 0
14693 0
14698 0
14699 0
14711 1
14714 1
14721 0
14736 0
14743 1
14744 1
14745 0
14756 0
14771 1
14786 1
14797 0
14798 1
14811 1
14815 0
14818 0
14846 1
14849 1
14850 1
14858 0
14859 1
14861 1
14862 0
14866 1
14870 1
14883 0
14886 1
14897 1
14905 0
14916 1
14924 1
14927 1
14931 0
14939 1
14954 0
14961 0
14968 0
14983 1
14994 0
15002 0
15014 0
15026 1
15028 0
15032 1
15047 1
15055 0
15058 1
15071 1
15075 1
15089 0
15095 1
15100 1
15107 1
15114 1
15118 1
15119 0
15124 1
15131 0
15132 1
15144 0
15145 0
15152 1
15164 1
15167 1
15179 1
15192 1
15205 0
15211 0
15222 0
15233 1
15234 1
15243 1
15249 1
15251 0
15256 1
15257 0
15261 1
15263 1
15271 1
15286 1
15292 0
15293 0
15295 0
15303 1
15318 0
15322 0
15324 1
15327 0
15341 1
15354 0
15361 1
15365 0
15366 1
15370 1
15373 0
15378 1
15393 0
15397 0
15411 0
15426 1
15429 1
15430 0
15444 0
15449 1
15450 1
15459 0
15462 1
15465 1
15480 1
15494 0
15502 0
15511 1
15527 1
15539 0
15543 0
15551 0
15559 0
15563 1
15570 0
15575 1
15578 1
15582 1
15595 1
15606 1
15611 0
15624 0
15631 1
15642 0
15647 0
15656 1
15669 1
15670 0
15675 1
15687 0
15702 0
15704 1
15713 0
15720 0
15747 0
15759 0
15760 0
15762 1
15767 0
15780 1
15783 0
15797 0
15811 0
15825 1
15826 0
15837 1
15852 1
15856 0
15861 1
15873 1
15880 1
15892 1
15903 0
15917 0
15926 0
15927 1
15938 1
15949 0
15960 0
15961 1
15963 0
15977 0
15979 0
15980 0
15998 0
16009 1
16015 0
16023 1
16038 0
16051 0
16055 0
16059 1
16064 1
16076 0
16091 0
16099 0
16106 1
16120 1
16127 0
16128 1
16130 0
16135 0
16139 1
16152 0
16164 0
16172 0
16186 0
16188 0
16190 1
16194 0
16196 1
16197 1
16203 0
16211 1
16214 0
16226 1
16239 0
16240 1
16244 1
16246 0
16251 1
16262 1
16270 0
16281 1
16288 0
16299 0
16313 0
16322 1
16334 1
16349 1
16361 1
16369 1
16378 0
16387 1
16396 0
16405 0
16413 1
16428 0
16443 0
16445 0
16448 1
16449 0
16454 0
16455 1
16459 0
16472 0
16474 1
16480 1
16494 1
16495 0
16507 0
16512 1
16524 1
16536 1
16543 0
16552 1
16563 1
16567 0
16582 0
16593 1
16605 0
16610 0
16616 1
16627 1
16631 0
16632 1
16634 0
16638 0
16645 1
16656 0
16667 1
16668 1
16675 0
16686 0
16697 0
16705 1
16706 0
16719 1
16722 1
16736 0
16749 1
16754 1
16761 1
16763 0
16765 1
16779 1
16791 1
16805 1
16810 1
16812 0
16813 0
16822 1
16824 1
16826 0
16839 1
16845 0
16857 1
16858 0
16862 0
16866 1
16870 0
16879 0
16884 0
16886 0
16895 1
16902 1
16917 1
16918 1
16925 1
16936 0
16945 1
16957 1
16972 1
16977 0
16984 1
16997 1
17004 0
17018 1
17023 1
17037 0
17041 0
17048 1
17056 0
17057 1
17069 1
17084 1
17089 1
17098 1
17112 0
17120 1
17125 0
17133 0
17147 1
17148 0
17155 1
17160 1
17162 1
17170 0
17175 0
17182 1
17193 0
17202 1
17207 1
17221 0
17226 0
17241 1
17245 0
17254 0
17261 0
17264 1
17273 1
17274 0
17278 0
17282 1
17287 0
17301 1
17303 0
17305 0
17309 0
17318 0
17326 0
17337 0
17344 0
17358 1
17360 0
17373 1
17382 1
17389 0
17398 0
17410 1
17424 1
17428 0
17429 0
17430 0
17438 0
17452 0
17461 0
17462 1
17475 0
17479 0
17492 1
17507 1
17511 1
17519 0
17520 0
17535 1
17540 1
17553 0
17566 1
17581 1
17583 0
17590 1
17601 1
17602 1
17616 1
17629 1
17632 0
17641 1
17653 0
17657 1
17662 1
17665 0
17676 0
17691 1
17705 1
17718 1
17729 0
17730 1
17735 1
17738 1
17764 0
17769 1
17780 0
17798 0
17813 1
17828 1
17835 1
17850 1
17859 1
17868 0
17880 0
17888 1
17903 1
17914 1
17919 0
17920 1
17927 0
17931 0
17944 0
17957 1
17970 1
17976 1
17979 1
17983 0
17986 1
18000 0
18009 0
18015 1
18017 0
18030 0
18043 1
18055 0
18059 1
18068 1
18080 0
18083 0
18098 1
18103 1
18108 0
18120 1
18125 0
18132 0
18141 1
18150 0
18165 0
18178 0
18191 0
18197 1
18202 0
18210 1
18222 1
18231 0
18233 0
18238 1
18253 0
18266 1
18277 1
18283 0
18285 1
18297 0
18300 1
18312 1
18319 1
18327 1
18335 1
18343 1
18350 1
18365 1
18369 1
18371 0
18372 1
18385 1
18390 1
18393 0
18399 0
18408 1
18410 1
18415 0
18427 1
18440 0
18454 1
18469 1
18472 1
18479 0
18493 1
18501 0
18502 1
18503 1
18510 0
18514 0
18527 1
18531 0
18543 0
18557 1
18563 1
18569 0
18580 0
18589 0
18598 0
18613 1
18615 0
18624 0
18625 0
18626 0
18630 0
18639 0
18641 0
18647 0
18660 1
18662 1
18665 0
18677 0
18689 1
18702 0
18714 1
18727 0
18731 1
18733 1
18734 0
18742 0
18748 0
18754 0
18766 1
18771 0
18785 1
18794 1
18805 0
18819 0
18832 0
18845 1
18860 0
18863 1
18872 1
18875 1
18877 0
18892 1
18899 1
18911 1
18918 0
18929 0
18935 1
18948 1
18959 0
18968 1
18977 1
18990 0
19001 1
19009 0
19012 1
19017 1
19025 1
19026 0
19027 0
19041 0
19055 1
19056 0
19061 0
19066 1
19084 1
19085 1
19094 1
19098 0
19101 0
19105 0
19113 0
19117 0
19131 1
19135 0
19142 1
19156 0
19163 1
19176 0
19188 1
19190 0
19194 0
19200 0
19209 1
19227 1
19228 0
19235 0
19246 0
19248 1
19249 1
19263 1
19271 0
19291 0
19295 0
19307 1
19311 0
19313 0
19325 0
19331 0
19340 0
19349 0
19362 0
19373 1
19386 0
19398 1
19407 0
19419 0
19421 1
19425 0
19429 0
19444 1
19449 0
19458 0
19467 0
19473 1
19479 1
19482 1
19483 1
19488 0
19506 1
19510 1
19524 1
19535 0
19544 1
19570 1
19583 0
19598 1
19613 0
19624 1
19638 1
19644 0
19645 1
19652 0
19663 0
19667 0
19669 1
19674 0
19687 0
19698 1
19712 1
19714 1
19726 0
19731 0
19742 1
19746 1
19759 1
19773 0
19788 1
19794 1
19803 1
19809 1
19814 0
19822 1
19837 0
19843 1
19846 1
19855 0
19867 0
19874 0
19888 0
19901 1
19914 1
19920 0
19925 1
19929 0
19944 0
19946 1
19955 0
19970 0
19976 1
19991 1
19993 0
19995 0
20009 1
20017 1
20021 0
20028 1
20042 1
20051 1
20056 0
20065 1
20080 1
20085 1
20086 1
20090 0
20094 1
20096 0
20102 0
20117 0
20125 0
20137 0
20149 0
20156 0
20162 0
20177 0
20190 1
20203 0
20212 0
20227 0
20230 0
20243 0
20245 0
20256 1
20263 0
20274 1
20281 0
20285 0
20299 0
20311 0
20324 0
20331 1
20345 1
20349 0
20351 0
20356 0
20362 1
20367 0
20373 0
20384 0
20385 0
20400 0
20407 0
20410 1
20418 0
20423 1
20431 1
20434 1
20448 1
20463 1
20477 0
20485 0
20492 0
20507 1
20510 0
20519 1
20530 1
20545 1
20560 1
20567 1
20572 0
20575 0
20582 1
20583 1
20596 1
20608 0
20615 0
20630 1
20645 1
20656 1
20663 1
20667 1
20672 1
20680 0
20688 1
20691 0
20692 0
20694 1
20707 0
20709 1
20718 1
20721 0
20725 0
20733 1
20740 1
20754 0
20760 1
20768 0
20780 0
20786 1
20791 1
20797 0
20799 0
20807 1
20815 1
20827 1
20834 0
20835 1
20842 1
20845 0
20846 0
20858 1
20861 1
20873 1
20881 0
20882 1
20887 1
20894 0
20902 0
20909 1
20917 1
20932 0
20935 0
20936 1
20947 1
20952 1
20958 1
20972 1
20984 1
20990 1
20996 0
21004 0
21017 0
21032 1
21035 0
21039 0
21048 1
21054 0
21058 0
21069 1
21070 1
21073 0
21076 0
21089 0
21102 0
21107 1
21109 0
21111 1
21113 1
21128 0
21130 1
21144 1
21147 1
21155 0
21158 1
21159 0
21163 1
21164 1
21166 0
21169 1
21181 0
21200 0
21213 0
21219 1
21227 1
21239 0
21251 1
21260 1
21264 0
21278 1
21287 0
21295 1
21306 1
21314 0
21319 0
21323 1
21331 0
21342 1
21343 1
21358 0
21371 0
21375 1
21383 1
21397 1
21406 1
21421 0
21429 1
21434 0
21449 1
21458 1
21459 1
21464 0
21466 1
21478 0
21481 0
21490 0
21491 1
21498 0
21510 0
21516 0
21532 0
21546 0
21553 0
21557 1
21569 0
21577 0
21586 1
21591 1
21602 1
21611 0
21625 1
21629 0
21637 1
21648 0
21661 0
21664 0
21673 1
21680 0
21692 0
21696 0
21698 1
21701 1
21724 0
21737 0
21749 1
21751 0
21764 0
21773 1
21775 0
21782 1
21794 0
21803 1
21807 0
21810 0
21825 0
21831 0
21833 0
21837 1
21842 1
21851 0
21854 1
21865 0
21867 1
21876 0
21882 1
21891 0
21900 0
21907 0
21910 0
21924 1
21939 0
21940 1
21955 0
21970 0
21979 1
21994 1
21997 1
22004 0
22008 0
22021 0
22034 0
22037 1
22049 0
22065 1
22068 1
22076 1
22087 1
22091 0
22103 1
22105 0
22114 1
22127 0
22128 0
22142 1
22155 1
22157 0
22161 1
22164 0
22177 1
22188 1
22200 1
22203 0
22209 1
22211 1
22212 0
22219 0
22233 0
22238 0
22246 0
22254 1
22257 1
22258 0
22269 1
22285 1
22287 0
22301 0
22310 0
22313 1
22325 0
22334 1
22341 1
22347 1
22354 0
22369 1
22382 0
22391 1
22403 0
22406 0
22418 0
22426 0
22440 0
22453 0
22462 1
22476 0
22483 0
22492 1
22504 1
22510 0
22526 1
22530 0
22535 1
22539 0
22554 1
22567 0
22576 1
22585 1
22590 1
22599 1
22602 0
22615 0
22618 1
22632 0
22644 0
22652 1
22658 0
22672 0
22677 0
22681 1
22694 1
22701 0
22710 0
22719 1
22732 1
22743 0
22748 1
22752 0
22755 0
22767 1
22772 0
22773 0
22785 1
22799 0
22811 1
22824 1
22826 1
22831 0
22853 1
22854 0
22861 1
22869 1
22882 1
22883 1
22898 1
22913 0
22916 1
22928 0
22941 0
22950 1
22956 0
22967 0
22981 1
22989 1
22995 1
22996 0
22999 0
23011 0
23012 0
23018 1
23019 0
23024 1
23033 1
23039 1
23040 1
23042 0
23048 0
23052 0
23058 1
23059 1
23064 0
23073 0
23078 0
23091 1
23100 1
23115 1
23118 0
23133 0
23146 1
23152 0
23153 0
23159 1
23171 1
23174 1
23182 0
23196 0
23211 1
23224 0
23232 0
23241 0
23247 1
23258 1
23270 0
23282 0
23296 0
23304 0
23309 0
23320 0
23323 0
23332 1
23336 0
23348 0
23354 0
23359 0
23372 1
23379 1
23385 1
23390 1
23401 0
23413 0
23424 0
23425 1
23438 0
23452 1
23458 1
23459 0
23470 0
23482 0
23485 1
23499 0
23511 0
23518 0
23521 1
23533 1
23539 1
23546 0
23561 0
23567 0
23575 0
23576 1
23582 0
23593 1
23608 0
23620 0
23624 0
23630 1
23635 1
23642 1
23651 0
23664 1
23679 1
23680 0
23684 1
23689 0
23691 0
23699 0
23714 1
23723 0
23738 0
23740 0
23743 1
23752 0
23764 1
23775 1
23777 1
23783 0
23789 0
23796 1
23805 0
23814 1
23827 0
23834 0
23845 0
23850 1
23870 0
23872 0
23879 1
23897 1
23912 1
23924 0
23935 1
23940 0
23944 1
23947 0
23949 0
23951 0
23963 0
23974 0
23978 1
23986 1
23994 1
24000 1
24004 1
24018 0
24022 0
24027 0
24039 0
24040 0
24049 0
24064 0
24075 0
24087 0
24095 0
24100 1
24104 1
24110 1
24116 0
24136 0
24144 0
24156 1
24169 1
24184 1
24188 0
24191 0
24192 1
24200 0
24207 1
24234 0
24246 1
24251 1
24262 1
24271 1
24274 1
24276 1
24279 0
24282 1
24295 1
24308 0
24314 0
24328 0
24331 0
24332 0
24338 1
24349 0
24358 1
24369 0
24376 1
24393 1
24396 0
24402 0
24411 0
24412 0
24420 0
24428 0
24434 0
24440 1
24458 0
24466 0
24469 1
24472 1
24480 0
24489 0
24500 1
24513 1
24521 1
24530 1
24533 1
24534 1
24540 1
24541 1
24545 1
24550 1
24557 0
24562 0
24571 1
24575 0
24590 1
24594 0
24603 1
24611 0
24625 1
24627 0
24639 1
24652 1
24655 0
24666 1
24681 1
24687 1
24694 1
24698 1
24713 0
24719 1
24732 0
24746 0
24749 1
24761 1
24766 0
24770 1
24771 0
24783 1
24785 0
24790 1
24802 1
24806 1
24813 0
24834 0
24838 0
24851 1
24854 1
24860 0
24866 0
24881 1
24895 0
24907 1
24914 1
24929 1
24935 0
24943 0
24954 1
24957 1
24963 1
24976 1
24980 1
24982 1
24983 1
24990 0
24999 0
25010 0
25017 0
25020 0
25024 1
25031 1
25038 1
25051 0
25062 1
25065 1
25072 0
25080 1
25087 0
25091 1
25098 1
25105 0
25117 1
25123 0
25152 1
25160 0
25165 0
25171 1
25173 1
25188 0
25196 0
25197 0
25202 0
25210 1
25219 0
25225 1
25238 1
25247 0
25252 1
25259 0
25267 1
25273 1
25281 0
25296 1
25302 1
25303 1
25311 1
25316 0
25345 0
25346 0
25351 1
25358 1
25371 0
25384 1
25398 1
25402 0
25405 0
25412 1
25423 1
25426 0
25437 1
25444 1
25455 1
25464 0
25467 0
25469 0
25470 1
25483 0
25493 0
25501 1
25502 0
25506 1
25508 0
25521 0
25535 0
25539 1
25542 0
25551 0
25565 1
25566 1
25574 1
25586 0
25600 1
25602 1
25617 1
25632 1
25638 1
25652 0
25656 0
25665 1
25667 0
25682 1
25685 1
25692 0
25697 0
25702 0
25706 1
25707 0
25714 1
25729 1
25732 0
25734 1
25745 1
25747 0
25756 0
25759 0
25761 1
25762 1
25763 1
25764 0
25779 0
25808 1
25823 1
25835 0
25844 1
25859 1
25870 1
25875 1
25882 0
25894 0
25896 1
25899 0
25908 0
25909 0
25915 1
25916 1
25923 1
25937 0
25939 0
25947 0
25950 0
25959 0
25965 1
25974 0
25988 1
25994 1
25999 0
26010 0
26024 0
26035 1
26046 0
26048 1
26049 0
26052 0
26059 0
26063 0
26076 1
26085 1
26096 1
26099 1
26100 1
26109 1
26124 0
26138 1
26149 0
26163 1
26175 0
26186 1
26200 0
26212 0
26216 1
26229 1
26244 0
26249 0
26251 0
26262 0
26275 1
26280 1
26292 1
26301 1
26302 1
26314 0
26327 1
26338 1
26350 0
26351 1
26359 0
26365 0
26366 0
26378 0
26393 1
26400 0
26407 1
26412 1
26424 0
26431 0
26432 1
26447 0
26459 0
26474 0
26485 1
26496 1
26500 1
26508 1
26515 1
26524 0
26530 0
26536 1
26548 1
26559 1
26560 1
26569 1
26576 1
26587 0
26593 1
26601 1
26603 1
26605 1
26610 1
26615 1
26616 1
26631 1
26643 1
26649 0
26654 0
26659 0
26674 0
26680 0
26693 0
26695 0
26699 0
26705 0
26712 1
26721 0
26736 1
26742 1
26743 1
26750 1
26764 1
26766 0
26781 0
26793 0
26807 0
26818 0
26823 0
26831 1
26842 1
26856 0
26869 1
26878 0
26893 1
26897 1
26901 0
26902 0
26911 1
26923 0
26935 0
26949 0
26960 1
26969 0
26976 0
26989 0
27004 1
27019 1
27025 1
27040 0
27054 0
27065 0
27071 1
27074 1
27087 0
27090 0
27097 0
27103 1
27118 1
27119 0
27134 1
27147 0
27160 0
27173 0
27177 0
27186 0
27199 1
27202 0
27203 0
27216 0
27220 0
27233 0
27241 1
27252 0
27259 1
27271 0
27276 1
27282 0
27288 0
27301 0
27314 1
27317 1
27319 0
27330 1
27334 0
27349 1
27363 1
27369 0
27372 0
27379 1
27381 0
27382 0
27397 0
27404 0
27406 1
27410 1
27412 0
27425 1
27437 0
27451 1
27466 0
27480 0
27484 1
27497 0
27506 0
27507 0
27508 1
27512 1
27514 1
27516 1
27523 1
27532 0
27539 1
27552 1
27560 1
27568 1
27577 1
27591 1
27596 0
27610 1
27613 1
27619 1
27630 1
27637 1
27645 1
27650 1
27658 0
27663 1
27671 1
27677 1
27685 1
27696 1
27711 0
27717 1
27724 0
27729 1
27731 1
27740 0
27754 0
27761 0
27768 1
27786 1
27790 1
27792 0
27796 0
27811 0
27815 0
27818 1
27826 1
27830 0
27842 1
27863 0
27869 0
27883 0
27897 0
27898 0
27913 0
27924 1
27925 1
27938 0
27946 1
27953 0
27964 1
27971 0
27972 0
27977 0
27985 0
27992 1
28000 1
28012 0
28025 1
28031 1
28046 1
28050 0
28057 0
28060 1
28075 0
28089 0
28102 1
28115 1
28121 0
28134 1
28136 1
28140 1
28145 0
28162 1
28177 1
28179 1
28192 1
28205 0
28209 0
28224 1
28229 1
28232 0
28243 0
28246 1
28254 0
28260 0
28274 0
28283 1
28295 0
28296 1
28297 0
28312 0
28320 0
28324 0
28326 1
28337 0
28341 0
28355 1
28361 0
28372 0
28377 0
28382 1
28383 0
28395 1
28403 0
28404 1
28409 1
28412 0
28421 0
28429 1
28438 0
28444 1
28457 0
28483 0
28494 1
28509 1
28521 0
28526 0
28530 0
28545 0
28552 0
28553 1
28568 0
28569 0
28573 1
28594 0
28607 1
28621 1
28636 1
28645 0
28648 1
28651 1
28664 1
28665 1
28673 1
28686 1
28688 1
28694 0
28709 0
28710 0
28721 1
28736 1
28745 0
28758 1
28764 0
28766 0
28772 0
28780 0
28787 1
28802 0
28811 0
28817 0
28829 1
28833 0
28837 0
28844 1
28846 1
28858 1
28860 0
28866 1
28878 0
28892 1
28894 1
28899 1
28903 0
28910 1
28918 0
28921 0
28923 1
28929 0
28938 1
28951 1
28958 0
28963 0
28970 0
28981 0
28986 1
28993 1
29006 0
29010 0
29017 1
29024 0
29031 0
29035 1
29038 1
29045 1
29058 1
29069 0
29084 1
29098 0
29100 1
29111 1
29119 1
29131 1
29133 1
29142 1
29144 0
29151 1
29158 1
29171 1
29193 0
29208 0
29210 0
29222 1
29230 0
29237 1
29244 0
29248 0
29256 0
29268 0
29280 1
29292 0
29296 0
29302 0
29310 0
29324 0
29326 1
29335 1
29343 0
29358 0
29360 0
29361 0
29375 0
29389 0
29394 1
29407 0
29423 0
29436 1
29445 1
29450 1
29458 0
29471 1
29485 1
29488 1
29492 0
29494 0
29503 1
29506 0
29521 0
29524 0
29529 1
29532 0
29540 1
29547 0
29549 0
29563 1
29569 0
29592 0
29606 1
29607 1
29620 1
29623 0
29631 1
29637 0
29639 0
29644 0
29659 0
29679 0
29680 0
29688 1
29699 0
29714 0
29722 1
29729 0
29738 0
29746 1
29761 0
29770 0
29777 1
29792 0
29807 1
29815 1
29817 1
29820 1
29828 0
29832 1
29844 0
29851 0
29852 0
29857 1
29871 0
29874 0
29881 0
29896 0
29897 0
29910 1
29913 0
29922 0
29936 1
29939 0
29952 1
29963 0
29970 1
29978 0
29983 1
29989 0
29997 0
30004 1
30013 1
30025 0
30030 1
30039 1
30042 1
30044 0
30051 1
30056 1
30065 1
30074 0
30079 1
30082 0
30096 1
30098 1
30107 0
30114 1
30129 1
30144 0
30157 0
30163 1
30171 1
30180 0
30184 1
30195 0
30196 0
30207 1
30213 1
30227 1
30232 0
30246 1
30251 1
30253 1
30264 1
30272 1
30274 0
30289 0
30292 1
30303 1
30314 1
30322 1
30329 1
30330 0
30337 0
30342 1
30357 1
30365 1
30380 0
30395 1
30401 0
30402 0
30423 0
30429 0
30434 0
30446 0
30448 0
30462 0
30470 0
30484 0
30489 0
30493 0
30499 1
30500 0
30501 1
30503 1
30512 1
30515 0
30519 0
30525 0
30536 1
30548 1
30561 1
30567 0
30580 1
30604 0
30611 1
30626 1
30632 0
30641 0
30650 0
30652 0
30655 1
30661 0
30672 1
30687 0
30694 0
30709 1
30712 0
30720 1
30731 0
30743 0
30751 1
30767 1
30770 1
30783 1
30790 0
30804 0
30805 1
30806 0
30810 1
30811 0
30815 1
30819 0
30820 0
30831 1
30844 1
30857 0
30859 1
30865 1
30874 0
30886 0
30888 1
30891 0
30896 0
30901 0
30908 1
30914 1
30925 0
30934 1
30949 0
30950 0
30961 0
30963 0
30966 1
30977 1
30978 1
30984 0
31009 1
31024 0
31030 1
31036 0
31037 1
31048 1
31055 1
31068 0
31079 1
31087 1
31102 0
31108 1
31109 0
31121 0
31132 0
31141 0
31142 1
31147 0
31155 0
31169 0
31180 0
31187 0
31193 0
31205 1
31210 1
31225 1
31233 0
31238 0
31251 0
31262 0
31277 1
31288 1
31301 1
31304 0
31310 0
31328 0
31331 0
31343 1
31357 0
31364 0
31371 0
31382 0
31387 0
31401 1
31416 1
31420 0
31431 1
31442 0
31454 0
31460 0
31471 1
31480 1
31495 0
31502 0
31516 1
31525 1
31532 0
31538 0
31550 1
31555 1
31567 1
31569 0
31574 0
31581 0
31596 0
31611 0
31615 0
31620 1
31633 1
31634 0
31636 0
31638 0
31656 1
31662 0
31669 0
31671 1
31675 1
31681 1
31684 0
31685 0
31694 0
31709 0
31715 1
31728 0
31743 0
31749 0
31752 0
31759 0
31771 0
31779 0
31793 1
31806 1
31818 1
31819 0
31824 0
31833 0
31837 0
31849 1
31855 1
31867 0
31880 0
31891 1
31894 0
31895 1
31907 1
31913 0
31922 1
31927 1
31929 1
31943 1
31955 0
31962 0
31968 0
31981 0
31984 1
31990 1
31998 1
32007 0
32024 1
32037 0
32043 1
32044 0
32056 0
32071 1
32076 0
32089 1
32102 1
32109 0
32115 1
32129 1
32140 0
32148 1
32163 1
32177 0
32190 0
32201 1
32214 1
32219 0
32248 1
32249 1
32256 1
32265 1
32273 1
32277 0
32288 1
32291 0
32303 0
32318 0
32320 0
32328 1
32342 1
32353 0
32366 1
32375 0
32390 1
32397 0
32402 1
32413 0
32418 1
32429 1
32441 1
32455 0
32456 0
32468 1
32479 0
32484 1
32491 1
32495 0
32509 0
32517 0
32532 1
32545 1
32552 0
32566 1
32569 1
32581 1
32586 0
32594 0
32603 0
32616 0
32622 1
32645 1
32652 1
32661 1
32667 1
32678 0
32687 1
32692 1
32699 1
32703 0
32712 1
32721 1
32729 1
32738 1
32741 1
32747 0
32750 0
32762 0
32770 0
32772 0
32779 0
32793 0
32798 1
32801 1
32806 0
32815 1
32821 0
32835 1
32849 1
32857 1
32869 0
32881 0
32890 1
32894 0
32902 0
32915 0
32918 0
32932 1
32937 0
32940 1
32942 1
32950 0
32964 1
32966 1
32971 0
32985 1
32988 0
32997 0
33000 1
33002 1
33008 0
33010 1
33023 0
33030 1
33032 0
33047 1
33058 1
33069 0
33082 0
33087 0
33094 0
33101 0
33102 1
33114 0
33123 0
33128 0
33132 0
33138 1
33153 1
33157 0
33165 1
33180 1
33184 1
33198 0
33206 1
33229 0
33233 0
33242 0
33255 0
33257 0
33263 0
33274 1
33287 1
33293 0
33299 1
33308 1
33315 0
33320 0
33329 0
33341 1
33342 1
33356 0
33357 0
33360 1
33362 0
33371 1
33390 1
33398 0
33402 1
33406 1
33418 1
33427 1
33439 0
33444 0
33448 0
33463 0
33472 1
33477 0
33488 0
33502 0
33510 1
33513 0
33517 1
33520 1
33535 0
33537 1
33539 1
33542 1
33548 1
33559 1
33573 1
33582 0
33589 1
33600 1
33606 0
33614 1
33628 1
33642 1
33654 0
33668 1
33671 0
33685 1
33689 0
33693 1
33697 1
33709 1
33711 1
33712 1
33714 0
33717 1
33722 0
33733 0
33744 1
33751 0
33757 1
33766 1
33772 1
33775 1
33790 1
33804 1
33816 0
33821 1
33827 1
33839 1
33840 1
33849 1
33864 1
33871 1
33886 0
33898 1
33900 1
33904 0
33907 1
33915 1
33920 0
33934 0
33943 1
33963 1
33978 0
33991 0
34000 1
34024 1
34036 1
34051 0
34058 1
34066 1
34078 0
34079 1
34091 1
34099 1
34112 1
34127 1
34136 1
34147 1
34150 0
34153 0
34156 1
34159 1
34161 1
34169 1
34181 0
34195 1
34204 1
34208 1
34223 0
34234 1
34246 1
34257 0
34266 1
34270 0
34278 1
34286 0
34291 0
34299 0
34307 0
34320 0
34335 0
34340 0
34341 0
34347 0
34353 0
34360 1
34364 0
34369 1
34372 1
34380 0
34381 0
34389 1
34401 0
34404 1
34424 1
34430 0
34445 0
34460 1
34469 0
34481 1
34490 0
34494 1
34503 1
34515 1
34517 1
34519 1
34528 0
34540 1
34544 1
34553 1
34561 1
34572 1
34575 0
34586 0
34587 1
34590 1
34604 1
34618 1
34627 1
34632 1
34647 1
34658 1
34666 1
34680 0
34682 1
34685 1
34688 0
34697 1
34704 0
34706 1
34721 0
34722 0
34733 1
34737 0
34752 0
34760 0
34762 1
34776 1
34781 0
34790 1
34801 1
34807 1
34820 0
34822 0
34837 0
34840 0
34851 1
34854 1
34866 1
34868 1
34876 0
34889 0
34901 1
34916 0
34930 0
34941 0
34945 0
34952 1
34953 0
34967 1
34973 0
34982 1
34993 0
34996 1
34998 1
35006 0
35009 0
35014 1
35026 0
35040 1
35052 0
35059 1
35065 1
35071 1
35079 1
35081 0
35085 0
35091 0
35097 1
35103 1
35112 1
35125 1
35139 1
35143 1
35148 1
35163 1
35174 1
35185 1
35197 0
35210 0
35223 0
35225 1
35238 1
35239 1
35242 1
35257 1
35269 1
35283 0
35292 0
35304 0
35309 1
35316 0
35331 0
35340 1
35348 0
35363 0
35375 0
35384 0
35391 0
35395 0
35407 1
35422 0
35424 0
35437 0
35439 1
35440 1
35452 0
35456 1
35457 1
35470 0
35478 1
35489 0
35503 0
35506 0
35507 0
35510 1
35523 0
35530 1
35545 0
35551 0
35559 1
35564 1
35579 1
35582 0
35588 1
35599 0
35604 1
35626 0
35628 0
35632 0
35641 0
35646 1
35660 0
35667 1
35682 0
35684 1
35690 0
35702 1
35707 1
35708 0
35712 0
35716 1
35723 1
35735 1
35741 1
35747 1
35759 0
35766 1
35777 0
35778 1
35791 1
35799 0
35807 0
35814 1
35815 1
35822 0
35823 0
35835 0
35849 0
35857 0
35858 1
35860 1
35874 0
35883 0
35888 0
35893 1
35899 1
35900 0
35906 1
35913 0
35927 1
35939 1
35940 1
35943 0
35944 0
35949 1
35964 0
35978 1
35982 0
35991 1
36003 0
36006 1
36018 1
36019 0
36021 1
36032 1
36033 0
36047 1
36054 1
36069 1
36073 0
36082 1
36094 1
36108 0
36111 1
36116 1
36131 0
36134 0
36141 0
36145 1
36154 1
36160 0
36162 0
36176 0
36177 1
36179 0
36193 0
36197 0
36200 1
36205 0
36207 1
36222 0
36226 0
36238 1
36242 1
36244 1
36255 1
36270 1
36282 0
36287 1
36289 1
36291 1
36305 0
36319 0
36322 0
36331 0
36340 1
36354 0
36362 0
36370 0
36384 1
36393 1
36406 1
36409 0
36421 0
36430 1
36435 1
36443 1
36454 0
36467 1
36472 0
36473 1
36477 0
36488 0
36499 0
36501 0
36508 0
36520 1
36528 1
36541 1
36545 0
36546 1
36553 1
36558 0
36564 1
36570 1
36575 0
36587 1
36592 1
36598 1
36610 1
36614 0
36629 0
36642 0
36645 0
36656 0
36668 1
36677 1
36688 1
36696 1
36709 0
36715 0
36719 0
36720 1
36722 1
36726 0
36741 1
36742 0
36746 1
36757 0
36760 1
36763 0
36765 1
36776 0
36789 0
36796 1
36818 0
36826 1
36841 0
36845 1
36847 1
36858 1
36866 1
36869 1
36880 1
36887 0
36893 1
36904 0
36922 0
36925 1
36933 0
36947 0
36958 1
36966 1
36977 1
36978 1
36981 0
36982 1
36986 1
36993 1
36998 0
36999 0
37026 1
37028 0
37041 0
37046 1
37047 1
37056 1
37063 1
37074 0
37087 0
37100 0
37111 0
37125 1
37133 1
37147 0
37160 0
37162 1
37166 0
37180 0
37201 0
37212 1
37218 0
37226 0
37234 0
37237 1
37238 0
37250 1
37258 0
37264 1
37265 0
37280 1
37284 0
37293 1
37302 0
37308 1
37311 0
37326 0
37331 1
37339 1
37352 0
37363 0
37366 0
37372 0
37383 1
37394 1
37408 1
37415 0
37424 0
37435 1
37449 0
37464 1
37477 0
37489 0
37502 0
37515 1
37517 0
37531 0
37545 1
37559 1
37570 1
37584 0
37591 1
37605 0
37618 1
37624 0
37625 0
37633 0
37646 1
37652 0
37665 0
37676 0
37679 0
37682 1
37685 1
37693 0
37707 1
37718 0
37721 0
37724 1
37737 1
37749 0
37756 1
37758 1
37762 0
37773 1
37785 0
37793 1
37794 0
37802 1
37811 0
37828 1
37841 1
37843 1
37844 0
37856 1
37861 0
37869 0
37880 1
37888 0
37899 0
37908 1
37916 1
37919 0
37925 1
37940 1
37942 1
37959 0
37965 1
37972 1
37981 0
37994 1
38005 1
38019 1
38026 1
38034 0
38035 1
38050 1
38052 0
38066 1
38068 0
38075 0
38079 0
38091 1
38092 1
38106 0
38108 0
38123 1
38124 0
38129 1
38141 1
38142 1
38162 0
38165 0
38171 0
38174 1
38175 1
38180 0
38192 0
38201 0
38213 0
38214 0
38216 0
38221 1
38227 1
38228 1
38229 1
38244 1
38253 1
38262 0
38275 1
38286 0
38294 1
38307 0
38312 1
38323 0
38332 1
38344 1
38348 1
38355 1
38370 0
38384 0
38388 1
38392 1
38395 0
38409 0
38417 1
38423 1
38436 1
38442 0
38455 1
38462 1
38468 1
38471 0
38472 1
38483 0
38484 0
38498 0
38512 1
38515 1
38521 0
38534 0
38539 1
38552 0
38566 1
38570 0
38572 0
38579 1
38587 0
38600 0
38604 0
38615 1
38619 0
38634 0
38648 1
38661 1
38676 1
38685 0
38698 0
38700 0
38704 1
38716 0
38725 0
38732 1
38738 1
38743 0
38752 1
38767 1
38781 0
38789 0
38798 0
38801 0
38802 1
38815 0
38823 0
38827 1
38829 0
38830 0
38836 0
38838 1
38845 0
38846 1
38850 0
38862 0
38866 0
38879 1
38891 0
38900 1
38907 0
38913 0
38918 0
38926 0
38930 1
38937 0
38945 0
38947 0
38951 0
38957 1
38969 0
38975 1
38977 0
38982 1
38990 1
39003 0
39014 1
39028 1
39039 1
39042 1
39045 1
39059 1
39061 0
39076 0
39090 0
39101 0
39115 1
39126 1
39137 0
39138 0
39151 1
39163 1
39166 1
39170 0
39173 1
39177 0
39179 0
39180 0
39187 0
39189 0
39201 0
39209 1
39213 1
39226 0
39232 0
39245 0
39251 0
39254 1
39257 1
39263 0
39270 0
39285 0
39300 1
39301 0
39313 1
39315 0
39320 1
39327 1
39328 1
39336 0
39347 1
39360 1
39374 1
39382 0
39385 1
39396 0
39405 1
39413 1
39426 1
39439 1
39447 1
39453 1
39456 0
39469 1
39471 0
39478 0
39493 1
39506 0
39510 1
39522 0
39535 1
39543 0
39550 0
39563 0
39569 0
39570 1
39573 1
39574 1
39585 0
39595 0
39598 0
39604 1
39611 1
39620 1
39627 1
39632 1
39633 1
39637 1
39643 1
39655 0
39667 0
39672 1
39691 1
39693 1
39696 0
39710 0
39722 0
39737 1
39739 0
39752 1
39764 0
39765 1
39770 1
39775 1
39780 1
39783 0
39794 0
39803 1
39816 0
39831 0
39844 0
39856 0
39859 0
39872 0
39885 0
39897 1
39902 0
39911 1
39924 1
39933 1
39938 1
39939 0
39947 0
39953 0
39958 1
39982 1
39994 0
39995 0
40006 0
40015 1
40017 0
40032 1
40045 0
40053 0
40058 1
40065 1
40071 1
40083 1
40091 0
40105 1
40119 0
40121 0
40129 1
40135 0
40154 1
40168 0
40183 0
40187 1
40198 0
40211 1
40225 1
40239 1
40252 0
40254 1
40263 1
40266 0
40277 0
40288 0
40291 0
40294 1
40300 0
40307 0
40312 1
40323 1
40334 1
40346 0
40355 1
40361 0
40370 1
40377 1
40382 1
40390 0
40405 1
40413 1
40421 0
40425 1
40432 1
40438 1
40442 1
40448 0
40459 1
40461 0
40474 0
40485 1
40500 0
40524 1
40536 0
40542 0
40551 1
40564 1
40571 0
40585 1
40588 1
40594 1
40607 0
40614 1
40622 0
40630 0
40631 0
40644 1
40651 0
40672 1
40684 1
40689 0
40691 1
40698 1
40707 0
40721 1
40725 1
40726 1
40739 1
40752 0
40761 0
40773 0
40785 1
40789 1
40791 1
40804 0
40815 0
40823 0
40827 0
40841 1
40848 0
40863 1
40865 0
40880 1
40892 1
40898 1
40902 0
40907 0
40916 0
40925 1
40927 1
40931 1
40936 0
40942 1
40944 0
40946 0
40961 0
40974 0
40982 1
40996 0
41000 0
41014 1
41019 0
41022 0
41029 1
41042 0
41043 0
41056 1
41069 1
41075 0
41078 1
41092 1
41094 0
41096 0
41099 0
41105 0
41112 1
41119 1
41124 1
41131 1
41137 1
41144 1
41157 0
41165 1
41172 1
41181 1
41183 0
41184 1
41198 1
41201 0
41210 1
41218 0
41222 0
41229 1
41231 0
41235 1
41250 0
41258 1
41265 1
41267 0
41272 0
41273 1
41286 0
41297 0
41309 0
41314 1
41315 1
41317 0
41332 1
41337 0
41338 1
41340 0
41351 0
41352 1
41364 1
41375 1
41377 1
41386 1
41390 0
41401 1
41421 1
41427 0
41456 0
41462 0
41476 0
41489 0
41490 0
41493 0
41508 0
41523 1
41529 0
41540 0
41547 0
41551 1
41565 1
41576 0
41579 1
41590 0
41602 0
41613 1
41627 1
41636 0
41648 1
41650 0
41657 1
41659 0
41671 0
41683 1
41685 0
41699 1
41705 0
41716 0
41730 1
41733 0
41744 1
41752 1
41759 1
41768 0
41782 1
41790 0
41801 1
41816 0
41823 0
41830 1
41838 0
41844 1
41851 1
41855 0
41866 0
41871 1
41880 0
41894 1
41901 0
41912 1
41925 0
41937 1
41938 1
41943 0
41951 1
41956 0
41968 1
41980 0
41985 0
41987 1
42002 0
42009 0
42023 1
42034 1
42047 0
42054 0
42069 0
42081 0
42083 0
42092 1
42097 0
42108 0
42123 1
42137 1
42144 1
42152 1
42154 1
42165 1
42178 0
42190 1
42198 0
42206 1
42213 0
42215 0
42221 1
42226 0
42229 0
42238 0
42245 1
42254 1
42269 0
42270 0
42273 0
42286 1
42301 1
42310 0
42316 1
42317 0
42322 1
42326 1
42352 0
42359 0
42371 0
42383 0
42394 0
42399 0
42400 0
42412 1
42419 1
42427 0
42432 1
42434 1
42438 0
42446 0
42449 0
42452 1
42457 1
42468 1
42481 1
42487 0
42495 1
42503 1
42511 1
42512 1
42514 1
42516 0
42529 1
42532 0
42534 1
42535 0
42549 0
42561 1
42574 0
42587 0
42590 1
42596 1
42608 1
42620 0
42622 0
42628 1
42639 1
42642 1
42643 0
42657 0
42666 0
42677 0
42678 0
42687 1
42695 1
42709 1
42722 1
42730 1
42742 0
42755 0
42769 1
42772 0
42781 0
42789 0
42800 1
42805 1
42812 0
42821 0
42834 0
42846 0
42855 1
42869 1
42880 1
42883 1
42898 1
42913 1
42914 1
42923 0
42927 1
42935 1
42949 0
42960 1
42974 1
42982 1
42983 1
42992 1
43005 0
43008 1
43019 1
43020 1
43025 0
43028 0
43033 1
43037 1
43054 0
43058 0
43060 0
43072 1
43087 0
43092 0
43097 0
43105 1
43120 0
43122 1
43136 0
43138 0
43151 1
43165 1
43172 1
43178 0
43185 0
43187 1
43190 1
43192 1
43196 1
43205 0
43217 0
43225 0
43238 0
43244 0
43250 0
43263 0
43266 1
43267 0
43272 1
43273 0
43287 0
43300 1
43312 0
43318 1
43324 0
43330 1
43341 1
43349 1
43363 0
43376 0
43385 1
43400 0
43411 1
43412 1
43414 0
43427 1
43428 1
43441 0
43448 1
43461 0
43463 1
43478 0
43490 1
43494 0
43495 0
43501 1
43504 1
43513 1
43516 1
43524 1
43528 0
43537 0
43541 1
43549 1
43558 0
43563 1
43564 1
43575 0
43590 0
43604 1
43615 1
43618 1
43619 1
43632 0
43634 0
43635 1
43641 1
43662 1
43673 0
43687 0
43690 0
43696 0
43709 1
43724 0
43728 0
43736 0
43741 1
43754 1
43760 0
43766 0
43779 0
43780 0
43781 1
43796 1
43803 1
43808 1
43813 1
43827 1
43840 1
43855 0
43863 0
43871 0
43878 0
43884 0
43890 1
43891 0
43906 1
43912 1
43921 0
43938 1
43941 1
43946 1
43952 0
43963 0
43974 1
43980 1
43993 0
43998 0
44010 1
44022 0
44028 0
44039 1
44048 1
44060 1
44073 0
44084 1
44090 1
44093 1
44097 0
44108 0
44115 0
44123 0
44125 0
44138 1
44147 0
44156 1
44163 1
44171 0
44172 0
44175 1
44176 0
44181 1
44185 0
44192 0
44201 1
44214 1
44228 0
44232 0
44246 0
44258 1
44263 0
44271 1
44276 0
44283 1
44288 0
44303 1
44312 0
44317 1
44324 1
44325 0
44331 1
44343 0
44354 1
44372 0
44377 0
44379 1
44394 1
44397 1
44401 1
44409 1
44420 0
44427 0
44431 1
44443 0
44449 0
44450 0
44461 1
44466 1
44468 1
44476 0
44491 0
44496 0
44511 0
44515 0
44520 1
44533 1
44536 1
44541 1
44547 0
44560 1
44572 0
44575 1
44587 1
44599 0
44610 1
44619 1
44625 0
44642 1
44655 0
44660 1
44674 1
44679 0
44685 0
44700 0
44713 0
44726 1
44735 1
44748 0
44759 1
44768 0
44777 0
44789 0
44795 1
44807 0
44820 1
44825 1
44831 0
44838 0
44849 0
44853 0
44865 0
44876 1
44877 0
44891 0
44895 1
44897 0
44910 1
44922 1
44935 0
44946 1
44955 0
44964 1
44973 1
44978 0
44981 1
44995 1
44998 1
45005 0
45007 1
45009 0
45013 0
45026 1
45040 1
45049 1
45052 0
45065 0
45076 1
45088 1
45103 0
45116 0
45123 0
45132 1
45144 0
45157 1
45159 1
45160 1
45173 1
45186 0
45197 1
45202 1
45209 0
45221 1
45228 0
45235 0
45249 0
45257 0
45272 0
45284 0
45295 0
45296 0
45309 1
45323 0
45332 0
45337 0
45345 1
45370 1
45373 1
45378 1
45387 0
45402 0
45405 0
45411 0
45418 0
45422 0
45434 0
45439 0
45448 1
45460 0
45469 1
45478 0
45487 1
45498 1
45512 1
45518 1
45523 1
45526 0
45529 1
45544 0
45547 0
45551 1
45564 0
45572 1
45583 0
45584 1
45589 1
45601 0
45613 1
45622 0
45627 1
45639 0
45645 1
45651 0
45665 0
45669 1
45681 0
45694 0
45706 0
45715 0
45717 1
45728 1
45732 1
45736 1
45741 1
45750 1
45752 0
45754 1
45757 1
45770 0
45784 0
45791 1
45799 1
45804 1
45812 0
45836 1
45838 0
45844 0
45857 1
45863 0
45891 1
45899 1
45906 0
45915 0
45924 0
45932 0
45945 0
45948 0
45953 0
45968 1
45973 1
45980 1
45993 0
46006 1
46011 1
46023 1
46028 0
46035 1
46039 1
46040 0
46041 1
46046 1
46048 0
46060 0
46071 0
46085 0
46096 1
46101 1
46109 1
46117 0
46126 1
46132 0
46135 0
46142 1
46151 1
46164 1
46167 0
46175 1
46187 0
46202 0
46207 1
46235 0
46237 1
46246 0
46250 1
46252 0
46263 1
46274 0
46278 0
46295 1
46304 1
46317 1
46323 0
46324 1
46329 0
46333 1
46344 0
46345 1
46350 0
46358 0
46372 1
46386 1
46400 1
46411 1
46422 0
46433 0
46448 1
46457 0
46470 0
46475 0
46478 1
46493 1
46504 0
46513 0
46514 0
46525 1
46528 0
46537 0
46543 0
46545 1
46557 1
46571 0
46584 0
46587 1
46602 0
46616 0
46625 1
46643 1
46654 1
46659 1
46670 1
46678 1
46682 1
46691 0
46695 0
46703 0
46714 1
46717 0
46728 1
46740 0
46748 0
46763 0
46776 0
46791 0
46802 1
46808 0
46820 0
46829 1
46837 1
46841 0
46853 1
46864 0
46871 1
46884 1
46895 0
46907 0
46908 0
46917 0
46926 0
46941 1
46947 0
46959 1
46964 0
46972 0
46979 0
46985 0
47000 0
47006 1
47012 0
47025 0
47038 1
47053 0
47065 0
47079 0
47086 0
47090 1
47103 0
47130 1
47145 0
47148 0
47159 1
47171 1
47173 1
47186 1
47192 0
47195 0
47199 1
47210 0
47212 0
47217 0
47218 1
47219 1
47231 1
47239 1
47246 1
47254 1
47265 1
47270 0
47272 1
47276 0
47283 0
47287 1
47292 0
47301 0
47304 0
47316 0
47331 1
47332 0
47343 1
47355 1
47359 0
47371 1
47374 0
47386 0
47390 0
47401 0
47405 1
47406 0
47421 0
47429 1
47444 0
47452 1
47453 0
47454 0
47460 0
47469 0
47470 0
47478 0
47489 0
47504 1
47507 0
47513 0
47517 0
47519 0
47526 1
47534 1
47540 0
47549 0
47558 0
47570 1
47579 0
47586 0
47593 0
47594 1
47606 1
47618 1
47622 0
47635 1
47646 1
47650 1
47651 1
47653 0
47656 0
47664 1
47676 1
47689 1
47697 1
47711 1
47723 0
47736 1
47748 0
47753 0
47755 0
47762 0
47768 0
47769 1
47772 0
47774 1
47776 0
47780 0
47783 1
47798 1
47806 1
47808 0
47813 1
47819 0
47832 0
47837 0
47851 0
47852 1
47865 1
47866 0
47871 1
47874 0
47880 1
47883 1
47887 0
47901 0
47915 0
47930 1
47932 0
47944 1
47953 0
47961 1
47966 1
47981 0
47988 0
48001 1
48015 0
48030 1
48043 1
48047 1
48054 1
48057 0
48060 1
48061 1
48073 1
48086 1
48099 0
48108 1
48121 0
48132 0
48143 0
48144 0
48158 1
48173 1
48179 1
48194 0
48197 1
48199 0
48208 0
48221 0
48243 1
48248 1
48250 0
48252 1
48256 0
48267 0
48275 1
48282 0
48295 0
48303 1
48312 0
48326 1
48328 0
48340 0
48342 1
48356 0
48369 0
48372 1
48387 0
48388 1
48401 1
48414 1
48429 0
48438 0
48447 0
48453 1
48468 0
48480 1
48489 0
48495 0
48497 0
48499 0
48505 0
48518 0
48520 0
48521 0
48534 1
48543 1
48554 1
48560 1
48571 1
48573 0
48576 1
48582 0
48595 1
48610 1
48618 0
48621 1
48635 0
48639 0
48654 0
48655 1
48663 1
48667 0
48669 1
48670 0
48684 0
48691 1
48702 0
48709 1
48720 1
48731 0
48744 0
48751 1
48756 1
48761 0
48770 0
48779 0
48781 0
48796 0
48801 0
48808 1
48815 0
48829 1
48832 0
48837 0
48843 1
48845 1
48859 0
48867 0
48878 0
48889 0
48901 0
48907 1
48912 1
48916 0
48917 1
48919 1
48934 1
48936 0
48937 0
48943 0
48956 1
48969 0
48982 0
48995 0
48997 0
49010 1
49019 1
49021 1
49035 1
49047 0
49050 0
49051 1
49063 0
49068 0
49083 0
49088 0
49101 0
49112 1
49124 0
49132 1
49135 1
49147 1
49153 1
49154 0
49168 0
49176 1
49179 1
49183 1
49194 1
49197 1
49209 1
49215 0
49220 1
49221 1
49236 1
49248 1
49250 0
49253 1
49268 0
49276 1
49282 0
49291 1
49295 1
49303 0
49317 1
49325 0
49329 0
49333 1
49335 0
49342 1
49349 1
49350 0
49365 1
49376 0
49388 0
49401 0
49406 1
49407 0
49408 0
49415 1
49419 1
49421 0
49435 0
49440 1
49453 1
49455 0
49456 0
49461 0
49472 1
49475 1
49479 0
49484 1
49488 0
49490 1
49494 0
49506 0
49509 0
49516 1
49522 1
49524 0
49537 0
49541 1
49545 1
49552 1
49563 1
49566 0
49580 0
49583 0
49586 1
49591 0
49594 1
49607 1
49611 0
49612 1
49616 0
49617 0
49630 1
49631 0
49635 0
49650 0
49652 1
49666 0
49667 0
49680 0
49681 1
49693 1
49708 0
49720 1
49722 0
49734 0
49746 0
49754 0
49759 0
49774 0
49779 1
49799 0
49805 0
49813 1
49827 0
49842 0
49853 1
49866 0
49880 0
49893 0
49902 0
49906 1
49913 1
49924 0
49939 1
49945 1
49947 1
49949 1
49951 1
49965 0
49979 0
49987 1
49992 1
50004 0
50017 0
50025 1
50036 0
50044 0
50056 0
50063 1
50077 0
50090 1
50091 0
50092 1
50106 1
50113 0
50128 1
50133 0
50144 0
50148 1
50151 0
50152 1
50154 1
50157 0
50168 0
50171 0
50175 0
50184 1
50195 1
50208 1
50209 1
50224 0
50236 1
50243 1
50251 1
50252 0
50264 1
50270 1
50273 0
50285 1
50294 1
50308 1
50322 0
50328 1
50329 1
50337 1
50349 1
50356 1
50370 0
50377 1
50397 0
50409 1
50416 1
50424 1
50427 0
50442 1
50448 0
50459 0
50468 0
50481 0
50486 0
50491 1
50503 1
50516 1
50529 0
50537 1
50538 1
50546 1
50555 1
50570 0
50583 0
50597 1
50604 1
50612 1
50613 1
50617 0
50622 0
50624 0
50628 0
50643 1
50648 1
50653 0
50662 0
50674 0
50687 1
50695 0
50704 0
50712 0
50726 0
50728 1
50735 1
50750 1
50753 0
50762 1
50766 1
50767 0
50770 0
50779 0
50781 1
50793 1
50801 1
50816 0
50824 1
50831 1
50834 1
50842 0
50853 0
50859 1
50871 0
50877 0
50884 1
50893 1
50897 1
50901 1
50914 0
50923 1
50926 1
50938 1
50942 0
50946 0
50970 1
50972 0
50975 0
50977 0
50982 1
50997 0
51011 1
51025 1
51034 1
51035 0
51047 0
51062 0
51066 1
51081 0
51088 0
51090 0
51091 1
51096 1
51111 1
51120 1
51126 0
51139 0
51143 0
51157 0
51159 0
51167 1
51174 0
51181 1
51188 0
51199 0
51219 1
51232 0
51233 1
51234 0
51247 1
51249 1
51250 0
51251 0
51254 1
51256 0
51261 0
51275 1
51283 0
51296 0
51303 0
51309 0
51315 1
51320 1
51326 0
51327 0
51341 1
51356 0
51364 1
51378 1
51380 1
51395 1
51409 0
51410 1
51423 1
51434 0
51442 0
51451 0
51465 1
51478 1
51492 1
51500 1
51511 1
51523 0
51532 1
51544 0
51550 1
51551 0
51554 0
51565 1
51574 0
51589 0
51594 0
51605 0
51612 0
51623 1
51631 1
51636 0
51647 0
51654 1
51655 0
51656 0
51670 1
51681 1
51690 0
51694 1
51705 1
51716 1
51725 0
51732 0
51746 1
51752 0
51772 0
51784 1
51788 0
51793 1
51805 1
51820 0
51828 0
51837 0
51846 0
51847 1
51858 1
51860 1
51866 0
51874 1
51878 1
51891 0
51900 1
51905 0
51913 1
51920 1
51926 1
51932 1
51934 0
51946 0
51950 1
51953 1
51964 0
51968 1
51979 0
51983 1
51996 1
51999 0
52000 1
52012 1
52021 1
52022 0
52026 0
52033 1
52046 0
52059 0
52070 0
52075 1
52083 0
52091 1
52104 0
52106 1
52113 0
52117 1
52129 1
52133 0
52147 0
52155 0
52168 1
52170 0
52175 1
52189 1
52197 0
52206 1
52214 1
52227 0
52236 0
52238 0
52253 1
52255 1
52263 0
52274 1
52286 0
52287 0
52301 0
52305 1
52318 0
52320 1
52321 1
52330 0
52345 1
52356 1
52365 0
52379 0
52391 0
52393 1
52404 0
52412 0
52415 0
52416 0
52423 0
52426 1
52434 1
52435 1
52441 0
52443 0
52458 0
52473 0
52480 1
52482 1
52490 0
52501 0
52507 0
52520 0
52527 1
52546 1
52547 0
52555 1
52559 1
52571 0
52575 1
52587 0
52595 0
52601 1
52614 1
52622 0
52629 0
52643 1
52650 1
52652 0
52657 1
52668 0
52677 0
52678 0
52691 0
52706 1
52710 1
52718 0
52719 1
52725 1
52736 1
52744 1
52751 0
52756 1
52760 0
52771 1
52778 1
52785 1
52794 0
52806 0
52812 0
52821 1
52830 0
52850 0
52864 0
52879 1
52882 0
52885 1
52890 0
52892 0
52899 0
52906 0
52908 1
52923 0
52928 1
52940 0
52942 1
52956 0
52960 1
52968 0
52969 0
52983 1
52995 0
53001 0
53012 0
53013 0
53014 1
53022 0
53030 0
53031 0
53034 0
53047 0
53055 1
53062 0
53070 1
53078 1
53079 1
53093 0
53098 1
53127 1
53128 0
53136 1
53151 1
53167 0
53173 1
53176 1
53181 1
53194 0
53200 0
53204 0
53219 0
53220 0
53233 0
53238 1
53245 0
53252 1
53267 0
53275 1
53282 1
53297 0
53301 0
53303 0
53306 0
53307 1
53313 1
53314 0
53329 0
53340 1
53349 1
53364 0
53369 1
53378 0
53386 0
53395 1
53398 1
53401 1
53415 1
53417 0
53422 0
53434 1
53440 0
53452 0
53466 0
53474 0
53478 1
53481 1
53483 0
53484 0
53493 0
53499 0
53504 1
53510 0
53534 0
53541 1
53550 1
53558 1
53571 0
53585 1
53586 0
53601 1
53610 0
53619 1
53633 0
53639 0
53643 0
53647 0
53655 0
53663 0
53677 0
53679 1
53692 0
53694 1
53706 0
53714 1
53729 1
53730 1
53745 1
53753 0
53764 0
53765 0
53774 1
53779 1
53794 0
53802 0
53805 1
53814 0
53825 1
53830 1
53831 1
53835 0
53848 0
53850 1
53851 0
53853 1
53859 1
53864 0
53870 0
53872 1
53887 0
53890 1
53901 1
53906 1
53915 0
53924 1
53938 1
53950 1
53956 1
53967 0
53982 1
53994 0
53999 1
54008 1
54012 1
54019 0
54033 1
54047 1
54062 0
54070 1
54071 1
54089 0
54093 0
54097 1
54105 0
54118 1
54122 1
54126 1
54130 1
54143 0
54147 0
54149 1
54155 0
54162 1
54174 0
54186 1
54190 0
54193 1
54201 1
54207 0
54219 1
54227 1
54241 0
54252 0
54254 0
54265 1
54276 1
54285 0
54292 0
54298 1
54303 0
54309 0
54315 1
54330 1
54336 0
54338 1
54351 0
54359 0
54367 1
54381 0
54392 1
54404 0
54413 0
54424 0
54435 0
54441 0
54443 1
54454 1
54461 1
54466 0
54468 0
54476 0
54487 1
54492 0
54505 0
54507 0
54508 1
54509 1
54521 0
54524 1
54525 1
54526 0
54532 0
54546 1
54561 0
54564 1
54572 1
54573 0
54579 1
54587 1
54591 0
54592 0
54595 0
54610 0
54616 1
54644 0
54659 1
54673 0
54674 0
54680 0
54685 0
54693 1
54718 0
54724 1
54732 0
54733 1
54748 1
54755 0
54757 0
54762 1
54775 1
54776 1
54788 1
54793 0
54806 0
54819 1
54823 0
54825 1
54836 0
54842 1
54864 0
54870 1
54878 0
54885 0
54898 0
54906 1
54910 1
54922 1
54926 0
54935 0
54939 1
54952 0
54953 0
54958 1
54960 1
54974 0
54981 1
54994 0
55003 1
55007 1
55019 0
55033 1
55035 0
55050 0
55058 1
55069 0
55087 0
55088 1
55101 1
55103 0
55108 0
55115 1
55130 0
55156 1
55165 1
55167 1
55181 1
55193 0
55196 0
55205 0
55213 0
55217 0
55226 1
55240 0
55245 1
55258 1
55271 1
55272 0
55279 0
55286 0
55299 1
55306 0
55318 1
55332 1
55336 0
55341 0
55346 0
55353 1
55358 1
55363 1
55378 0
55386 0
55393 1
55398 1
55400 1
55404 0
55406 0
55411 1
55414 0
55428 1
55439 0
55446 1
55450 0
55462 1
55463 1
55465 1
55480 0
55491 1
55497 1
55498 0
55512 1
55523 0
55552 1
55566 1
55580 1
55587 0
55594 1
55598 0
55602 0
55611 0
55615 1
55620 1
55635 0
55649 0
55653 0
55667 0
55669 0
55674 1
55681 0
55687 0
55701 0
55702 0
55703 1
55718 0
55726 0
55735 0
55747 1
55751 1
55764 1
55765 0
55772 1
55779 0
55787 1
55794 0
55805 0
55812 0
55826 0
55840 1
55854 0
55861 1
55870 0
55875 0
55883 0
55891 1
55897 0
55909 1
55927 0
55941 0
55948 1
55965 1
55976 0
55985 1
55991 0
55992 0
55998 0
56012 0
56027 0
56034 1
56045 0
56058 0
56066 1
56073 0
56080 1
56081 0
56089 0
56094 0
56100 1
56101 0
56109 0
56113 0
56117 1
56129 0
56141 1
56154 1
56169 0
56173 1
56185 1
56186 1
56195 1
56209 0
56214 1
56221 0
56222 0
56236 0
56242 0
56254 1
56258 1
56262 0
56267 0
56275 0
56283 0
56294 0
56295 0
56307 1
56311 1
56319 0
56325 0
56327 1
56341 1
56343 1
56358 1
56373 1
56380 1
56383 1
56389 0
56396 1
56409 1
56415 1
56426 1
56433 0
56440 0
56448 0
56461 1
56466 1
56473 1
56485 1
56489 1
56490 1
56499 0
56503 1
56517 1
56524 0
56529 0
56537 1
56551 1
56564 1
56577 0
56588 1
56596 0
56602 1
56610 0
56613 1
56626 0
56627 0
56639 0
56644 0
56656 0
56662 0
56671 0
56682 0
56697 0
56706 0
56710 0
56715 1
56726 0
56739 1
56751 1
56766 1
56781 1
56792 0
56796 1
56798 0
56809 0
56815 1
56821 1
56824 1
56829 1
56840 1
56841 0
56853 1
56868 1
56869 1
56875 0
56876 1
56878 0
56891 0
56898 1
56909 1
56910 1
56924 0
56931 0
56935 1
56940 0
56947 0
56948 1
56950 0
56955 1
56983 1
56998 0
57003 1
57005 0
57016 0
57021 1
57027 1
57035 0
57040 1
57053 0
57060 0
57068 0
57080 0
57081 1
57085 0
57093 1
57096 0
57099 0
57112 0
57125 1
57137 0
57139 0
57140 0
57141 1
57149 1
57161 0
57172 1
57187 0
57191 0
57202 1
57206 0
57208 1
57217 1
57220 0
57229 0
57232 1
57243 0
57251 0
57263 1
57276 0
57281 0
57295 1
57307 0
57315 0
57317 1
57319 0
57326 1
57330 0
57341 1
57342 1
57351 0
57358 0
57366 1
57380 0
57388 0
57391 1
57393 0
57395 1
57407 1
57415 0
57429 0
57433 0
57447 1
57459 1
57462 1
57463 0
57476 1
57477 0
57481 1
57486 1
57501 0
57510 1
57523 1
57531 1
57537 0
57543 1
57549 0
57564 1
57566 1
57574 1
57583 0
57587 0
57601 1
57609 1
57624 0
57638 0
57649 0
57661 0
57664 0
57667 1
57670 1
57673 0
57674 1
57681 0
57690 1
57693 1
57705 0
57712 0
57716 0
57727 1
57742 1
57749 1
57758 0
57764 1
57772 1
57778 1
57787 0
57791 0
57797 1
57820 1
57833 1
57847 1
57850 1
57851 1
57865 0
57876 0
57881 1
57893 0
57898 1
57913 1
57918 0
57930 0
57945 0
57960 1
57974 1
57977 0
57980 0
57989 1
58000 1
58012 1
58017 0
58035 0
58043 0
58048 0
58060 0
58061 0
58062 0
58077 0
58089 0
58094 1
58097 0
58110 0
58113 1
58122 1
58134 0
58141 0
58144 1
58159 1
58161 0
58162 1
58168 1
58183 1
58184 0
58186 1
58199 0
58206 0
58210 1
58219 1
58227 0
58242 0
58250 1
58259 1
58270 0
58283 1
58294 0
58306 0
58321 0
58325 1
58332 0
58340 0
58345 1
58352 0
58372 0
58387 0
58396 1
58399 0
58401 0
58404 0
58415 1
58418 0
58429 1
58433 1
58442 0
58446 1
58447 0
58451 0
58474 0
58476 1
58485 0
58492 1
58505 1
58509 1
58523 1
58531 1
58535 0
58540 0
58548 0
58557 1
58563 1
58565 0
58570 1
58576 0
58582 1
58594 1
58600 0
58607 0
58622 0
58627 0
58631 0
58633 0
58642 1
58651 1
58657 0
58663 1
58665 1
58668 1
58675 0
58684 0
58699 0
58711 0
58725 0
58729 0
58732 1
58738 0
58744 0
58752 0
58759 1
58766 1
58774 0
58793 0
58799 1
58800 0
58806 1
58822 1
58837 0
58852 0
58855 0
58861 0
58874 0
58879 1
58881 1
58889 0
58901 0
58914 0
58921 1
58923 1
58926 0
58935 0
58939 0
58951 0
58955 1
58960 0
58969 1
58975 0
58986 1
59001 0
59008 0
59022 1
59023 1
59035 1
59049 0
59051 0
59057 1
59068 1
59079 1
59091 0
59106 1
59120 1
59129 1
59131 1
59145 0
59150 0
59163 0
59168 1
59198 1
59212 0
59221 0
59235 0
59249 1
59252 0
59258 1
59266 1
59270 0
59285 0
59288 0
59296 0
59301 0
59302 0
59308 1
59309 1
59317 0
59318 1
59326 1
59334 1
59336 0
59338 1
59350 1
59355 0
59361 0
59376 0
59383 1
59387 1
59392 1
59395 0
59407 1
59416 1
59431 0
59432 1
59435 1
59444 0
59458 0
59461 0
59475 0
59490 1
59496 1
59507 1
59510 1
59524 0
59538 0
59546 1
59549 1
59550 0
59558 0
59571 0
59578 1
59587 1
59598 1
59610 1
59612 1
59621 0
59630 1
59634 0
59636 0
59638 1
59647 0
59659 0
59667 0
59672 1
59681 1
59684 0
59686 1
59701 1
59704 0
59715 1
59728 0
59732 1
59735 1
59744 0
59756 0
59761 0
59772 0
59777 1
59786 0
59794 0
59795 0
59807 1
59815 1
59816 0
59830 0
59841 1
59846 1
59853 0
59864 0
59870 1
59876 0
59890 0
59903 0
59910 0
59918 1
59927 1
59933 1
59934 1
59941 1
59943 0
59949 1
59952 1
59965 0
59969 1
59980 0
59994 0
60005 1
60020 1
60032 0
60033 1
60040 0
60055 1
60058 1
60072 1
60080 1
60093 0
60094 0
60103 0
60118 0
60119 0
60125 0
60126 0
60131 0
60143 1
60147 0
60154 1
60158 1
60171 1
60186 0
60189 1
60197 0
60209 0
60220 0
60221 1
60223 1
60237 1
60244 1
60251 0
60253 0
60261 0
60264 0
60271 0
60280 1
60285 0
60293 0
60300 1
60302 0
60307 0
60308 0
60315 1
60329 1
60338 0
60345 0
60357 0
60371 0
60385 0
60386 1
60392 0
60407 0
60411 0
60424 0
60439 1
60447 0
60458 0
60465 0
60478 0
60490 1
60497 1
60509 0
60513 0
60525 0
60532 1
60544 1
60545 1
60550 1
60558 1
60560 1
60574 1
60587 0
60588 0
60603 1
60611 0
60622 1
60627 0
60634 0
60635 1
60637 1
60652 0
60666 1
60674 0
60689 0
60704 0
60716 0
60731 0
60734 1
60749 0
60753 0
60765 0
60766 1
60767 1
60768 0
60773 1
60774 1
60796 0
60800 0
60803 1
60805 1
60824 0
60832 1
60845 1
60848 1
60852 1
60863 0
60874 0
60877 1
60880 0
60891 0
60894 0
60895 0
60907 1
60922 0
60931 0
60935 1
60936 0
60951 0
60957 0
60971 1
60984 0
60993 0
61002 0
61006 1
61013 0
61017 0
61043 1
61049 1
61050 1
61063 1
61072 0
61080 1
61088 0
61091 0
61096 1
61108 0
61114 1
61120 1
61126 1
61127 1
61128 1
61141 1
61145 1
61151 0
61154 0
61163 0
61166 0
61181 0
61195 1
61200 1
61201 0
61202 0
61204 1
61211 1
61213 1
61218 0
61232 0
61241 0
61248 0
61257 0
61264 1
61275 0
61284 0
61297 1
61310 0
61321 0
61334 1
61347 1
61359 0
61360 1
61375 0
61376 1
61391 1
61421 0
61424 0
61429 0
61433 1
61447 1
61452 0
61464 1
61476 0
61489 0
61501 1
61508 0
61515 0
61530 1
61531 0
61536 0
61548 0
61549 1
61550 1
61564 0
61569 0
61573 0
61577 0
61583 1
61586 0
61598 1
61603 1
61604 0
61611 0
61635 1
61636 1
61643 1
61645 1
61653 0
61660 1
61680 0
61695 1
61700 0
61712 0
61714 0
61721 0
61730 1
61743 1
61747 1
61754 0
61765 1
61773 1
61780 1
61794 1
61801 0
61812 0
61825 0
61839 1
61854 1
61863 0
61871 0
61876 1
61879 0
61882 1
61887 0
61889 1
61895 0
61909 1
61921 1
61925 0
61936 1
61942 1
61948 0
61953 0
61968 1
61981 1
61989 0
61998 1
62004 0
62009 1
62012 1
62018 1
62022 0
62026 1
62029 1
62031 1
62035 0
62050 0
62052 0
62055 1
62059 0
62072 0
62073 0
62078 0
62091 1
62099 1
62108 1
62113 1
62128 0
62131 0
62135 1
62143 1
62149 0
62156 1
62164 1
62165 0
62171 1
62172 1
62183 1
62185 0
62194 1
62206 0
62213 1
62225 1
62234 0
62239 1
62240 0
62242 0
62251 1
62265 0
62272 1
62299 1
62303 0
62307 1
62315 0
62321 0
62332 1
62338 0
62343 1
62344 1
62350 0
62365 1
62379 0
62392 0
62401 0
62404 1
62410 1
62423 0
62426 0
62427 1
62441 1
62447 0
62456 1
62463 0
62469 1
62470 1
62482 0
62485 1
62500 0
62506 1
62515 0
62518 1
62522 1
62526 0
62534 1
62545 1
62550 0
62577 1
62584 0
62601 1
62603 0
62606 0
62617 1
62620 1
62627 1
62641 1
62644 1
62659 0
62661 1
62665 1
62674 0
62688 1
62702 1
62716 1
62725 1
62732 1
62738 1
62749 1
62764 1
62767 1
62772 0
62779 1
62792 1
62794 1
62798 1
62804 1
62811 0
62826 1
62838 0
62847 1
62860 0
62863 1
62869 0
62881 1
62884 0
62898 1
62904 0
62916 0
62923 1
62934 0
62942 0
62953 1
62954 1
62958 0
62960 0
62963 0
62968 0
62976 1
62979 0
62983 1
62996 0
62999 0
63003 1
63018 1
63020 0
63025 1
63039 0
63048 1
63052 0
63055 0
63056 0
63062 1
63074 0
63081 1
63090 1
63092 0
63096 1
63099 0
63113 1
63127 1
63136 1
63137 1
63143 0
63148 1
63155 0
63159 0
63162 0
63173 1
63188 0
63203 0
63206 1
63209 0
63213 0
63219 0
63226 1
63233 0
63244 1
63252 0
63261 1
63270 1
63277 1
63289 1
63304 0
63318 0
63319 0
63326 0
63327 1
63330 1
63334 0
63346 1
63358 1
63370 0
63382 0
63387 1
63396 0
63405 1
63410 1
63416 1
63428 1
63431 0
63435 0
63443 1
63449 0
63450 0
63456 1
63457 0
63465 0
63487 1
63501 0
63506 1
63513 0
63528 0
63541 1
63555 0
63567 0
63570 1
63574 1
63579 0
63593 0
63605 0
63619 1
63634 0
63648 0
63659 1
63663 1
63675 0
63688 1
63693 1
63702 1
63708 1
63715 0
63724 1
63729 0
63751 1
63757 0
63766 1
63779 1
63786 0
63791 1
63795 1
63803 0
63816 0
63822 1
63833 1
63836 1
63848 1
63852 0
63854 0
63867 0
63881 1
63888 1
63901 0
63904 1
63907 0
63920 1
63928 1
63939 0
63950 0
63953 0
63967 0
63974 0
63986 0
63997 1
64001 0
64009 1
64018 0
64032 1
64044 1
64052 0
64058 0
64065 0
64072 1
64076 0
64077 1
64091 1
64096 0
64097 0
64098 0
64113 1
64119 1
64128 0
64142 0
64156 0
64158 0
64173 0
64177 0
64185 0
64189 0
64190 1
64203 0
64214 1
64226 1
64235 0
64247 1
64251 1
64266 0
64272 1
64301 1
64312 0
64314 1
64320 1
64323 0
64331 1
64332 0
64335 0
64344 1
64353 1
64355 1
64359 0
64370 0
64384 1
64388 0
64389 1
64392 1
64399 1
64411 0
64425 1
64438 0
64450 1
64464 0
64469 1
64471 0
64477 1
64482 0
64496 1
64514 1
64528 1
64535 1
64548 0
64549 0
64560 1
64574 1
64578 1
64581 0
64596 0
64604 0
64619 1
64633 1
64637 0
64642 0
64650 1
64657 0
64667 1
64682 1
64687 1
64690 1
64699 0
64714 1
64729 0
64735 1
64736 1
64737 1
64748 1
64752 0
64761 1
64766 0
64768 0
64777 0
64782 0
64791 1
64800 1
64806 1
64814 0
64822 0
64835 1
64846 0
64860 0
64872 1
64885 0
64889 0
64891 0
64904 0
64910 0
64922 0
64928 0
64941 0
64955 1
64964 1
64978 0
64991 1
65005 1
65010 0
65021 0
65032 1
65043 0
65054 1
65055 0
65057 1
65068 1
65085 1
65088 0
65101 0
65108 1
65115 0
65124 1
65130 1
65132 0
65143 0
65154 1
65165 1
65176 0
65184 1
65189 1
65194 0
65202 1
65208 1
65220 1
65222 0
65237 0
65246 0
65248 0
65255 1
65283 1
65285 1
65300 0
65306 0
65319 0
65330 0
65337 1
65338 0
65342 1
65353 1
65359 0
65366 1
65370 0
65372 1
65379 1
65393 1
65394 1
65402 0
65407 0
65422 1
65429 0
65438 1
65453 1
65466 0
65472 0
65473 1
65475 1
65480 0
65494 1
65506 1
65513 1
65522 1
65536 1
65549 0
65560 1
65561 0
65575 0
65582 1
65597 0
65608 1
65621 0
65635 0
65636 1
65640 0
65644 1
65646 0
65657 1
65661 1
65664 0
65666 1
65672 1
65683 0
65686 0
65691 0
65706 1
65720 1
65725 0
65732 0
65743 0
65746 0
65749 1
65758 0
65771 0
65772 0
65774 0
65785 0
65792 1
65793 1
65801 1
65808 1
65816 1
65823 1
65835 1
65842 1
65854 0
65861 1
65870 0
65873 1
65885 0
65894 1
65899 1
65912 0
65926 0
65927 0
65936 0
65951 1
65966 1
65977 0
65983 0
65998 1
65999 0
66007 1
66010 0
66013 1
66026 1
66039 1
66051 0
66057 0
66065 0
66067 0
66073 0
66080 0
66082 0
66094 1
66101 0
66105 1
66117 0
66123 1
66131 0
66138 1
66151 0
66160 1
66165 1
66180 0
66185 0
66189 0
66192 1
66204 0
66218 0
66226 1
66230 1
66237 0
66251 0
66253 0
66261 0
66262 1
66270 0
66276 1
66281 1
66292 1
66305 0
66309 0
66310 1
66321 0
66323 0
66332 1
66335 1
66337 1
66342 1
66356 1
66365 0
66374 1
66388 1
66399 1
66412 1
66421 1
66435 1
66438 0
66439 0
66448 0
66461 0
66473 0
66476 1
66485 1
66489 0
66504 0
66509 0
66511 1
66525 0
66532 1
66541 1
66545 0
66550 0
66556 1
66557 0
66561 1
66573 1
66580 0
66586 1
66595 1
66604 1
66612 1
66626 0
66640 1
66644 1
66653 0
66657 1
66658 0
66663 0
66675 1
66681 0
66688 0
66700 1
66705 0
66713 1
66726 0
66727 0
66735 0
66739 1
66752 0
66761 0
66774 1
66779 1
66793 0
66796 1
66798 1
66805 0
66807 1
66814 0
66825 0
66829 1
66831 1
66833 0
66848 1
66853 0
66862 1
66865 1
66879 1
66892 1
66895 1
66906 1
66911 1
66925 1
66927 1
66928 1
66936 0
66962 1
66963 0
66968 0
66970 1
66985 0
66993 0
67007 1
67014 1
67018 0
67029 1
67030 1
67042 0
67048 1
67059 0
67072 1
67087 0
67091 0
67093 1
67107 0
67119 1
67123 1
67131 1
67144 0
67155 0
67160 0
67161 0
67168 1
67175 1
67189 0
67202 1
67204 1
67206 0
67213 1
67219 1
67222 1
67225 0
67236 0
67245 0
67252 1
67259 0
67280 0
67288 0
67294 0
67308 0
67309 0
67323 1
67334 1
67343 1
67346 0
67360 1
67374 1
67387 1
67391 0
67392 1
67398 1
67404 1
67405 1
67414 0
67431 0
67442 0
67455 0
67470 0
67477 0
67492 0
67495 1
67507 0
67515 1
67524 0
67538 0
67552 0
67561 0
67566 0
67574 1
67580 1
67595 1
67596 1
67611 1
67625 1
67631 0
67637 0
67641 0
67647 1
67674 1
67677 1
67684 0
67693 0
67696 0
67705 0
67716 0
67725 0
67733 1
67737 1
67749 1
67761 1
67770 1
67773 1
67777 1
67784 0
67792 0
67796 1
67803 0
67807 0
67813 1
67815 1
67830 1
67834 0
67842 0
67850 1
67856 0
67857 0
67869 1
67874 1
67875 0
67876 0
67885 0
67890 1
67897 1
67909 1
67916 1
67917 1
67918 1
67922 0
67927 0
67929 0
67931 0
67935 1
67944 1
67952 1
67956 1
67971 1
67975 1
67984 1
67997 0
68003 1
68009 1
68011 1
68016 1
68018 1
68026 0
68033 0
68039 1
68041 0
68052 1
68055 1
68068 1
68081 0
68096 1
68107 1
68122 1
68135 1
68146 1
68152 0
68163 0
68164 1
68165 1
68176 0
68184 1
68187 1
68191 1
68204 1
68219 0
68231 1
68236 0
68260 1
68264 1
68278 0
68282 1
68294 0
68302 0
68314 0
68317 1
68320 1
68328 1
68341 1
68342 1
68345 0
68357 1
68364 1
68372 0
68383 0
68396 0
68403 1
68408 0
68423 1
68431 1
68444 1
68450 0
68463 0
68475 1
68483 1
68484 1
68492 1
68504 0
68508 1
68522 1
68535 1
68548 1
68557 1
68562 1
68574 0
68578 1
68589 0
68602 1
68608 0
68616 0
68618 0
68619 0
68628 1
68632 1
68641 1
68654 0
68665 0
68672 0
68687 0
68689 0
68697 1
68710 1
68721 1
68732 1
68747 0
68753 0
68766 0
68769 0
68773 1
68774 1
68778 0
68785 1
68799 0
68808 0
68814 0
68820 0
68826 1
68838 0
68853 1
68866 1
68880 1
68889 0
68897 0
68905 0
68909 0
68912 0
68914 0
68916 1
68928 0
68932 0
68936 0
68943 0
68956 0
68957 0
68968 1
68980 1
68992 0
68997 0
68998 0
69001 1
69003 1
69004 1
69019 0
69026 1
69046 0
69057 0
69066 0
69077 1
69079 1
69092 0
69097 0
69099 0
69102 0
69105 1
69113 1
69120 1
69127 1
69141 0
69153 1
69168 0
69180 1
69186 0
69199 0
69205 0
69211 0
69223 1
69234 1
69238 0
69242 0
69248 1
69268 0
69271 0
69286 1
69299 1
69312 0
69319 1
69326 0
69330 1
69335 1
69350 0
69354 0
69356 1
69369 0
69373 0
69385 1
69392 0
69398 1
69400 0
69406 1
69414 0
69421 0
69427 0
69428 1
69435 1
69443 0
69446 1
69450 1
69458 0
69465 1
69478 0
69486 1
69489 0
69498 0
69501 0
69502 0
69513 1
69524 0
69528 0
69537 0
69541 0
69550 0
69562 1
69576 1
69582 0
69594 1
69598 0
69600 1
69605 1
69614 1
69626 1
69633 1
69642 0
69650 1
69658 1
69667 0
69675 1
69702 1
69703 1
69718 0
69721 1
69732 1
69737 1
69746 0
69749 0
69761 0
69762 1
69763 0
69768 0
69783 0
69794 1
69796 0
69807 1
69815 0
69824 1
69830 1
69845 1
69849 1
69854 0
69858 1
69867 1
69870 1
69878 0
69885 0
69896 0
69910 1
69915 1
69923 1
69924 0
69929 1
69932 0
69935 0
69946 0
69949 1
69953 1
69957 0
69972 0
69976 1
69984 0
69995 0
70002 1
70017 1
70018 0
70023 1
70038 0
70043 0
70046 1
70061 0
70065 1
70079 0
70080 0
70089 0
70104 1
70117 1
70119 1
70121 0
70124 0
70125 0
70147 0
70152 1
70158 1
70160 1
70162 0
70171 0
70185 1
70186 1
70198 0
70200 0
70211 1
70212 0
70225 1
70227 0
70228 0
70240 0
70244 1
70256 0
70263 0
70268 1
70276 0
70289 0
70292 0
70303 0
70315 0
70322 0
70336 0
70344 0
70353 0
70359 0
70360 1
70371 1
70382 1
70390 0
70401 0
70416 1
70421 1
70435 0
70440 0
70445 0
70451 0
70462 1
70465 1
70468 0
70471 1
70476 1
70490 1
70499 1
70511 1
70522 1
70533 1
70536 0
70542 1
70548 0
70550 1
70556 0
70568 0
70573 1
70581 1
70588 1
70597 1
70604 1
70609 1
70615 0
70624 0
70626 1
70637 1
70650 0
70657 0
70669 1
70677 1
70690 0
70695 0
70700 0
70708 0
70722 0
70736 1
70745 0
70760 0
70765 0
70772 1
70784 0
70797 0
70798 1
70813 0
70815 0
70829 0
70837 1
70838 0
70841 1
70856 1
70857 1
70858 1
70873 0
70874 0
70880 1
70893 0
70906 0
70908 1
70920 0
70928 0
70941 1
70950 0
70953 0
70954 1
70955 1
70959 0
70972 0
70975 1
70977 0
70989 0
70993 0
71005 0
71010 1
71022 0
71038 0
71047 0
71053 0
71058 1
71061 1
71069 1
71080 0
71084 0
71087 0
71099 0
71105 0
71120 0
71132 1
71133 1
71138 1
71139 1
71150 0
71153 0
71164 0
71175 0
71189 1
71201 0
71212 0
71217 0
71224 0
71230 0
71242 0
71254 1
71268 0
71274 1
71283 0
71285 0
71300 1
71306 0
71318 0
71321 1
71323 0
71337 0
71342 1
71343 0
71350 0
71356 0
71360 0
71374 1
71386 1
71392 1
71397 1
71405 0
71409 0
71422 0
71427 1
71428 1
71431 1
71436 0
71447 1
71460 0
71484 0
71496 1
71505 0
71509 0
71517 0
71532 1
71535 0
71546 0
71559 1
71572 1
71578 1
71579 1
71582 0
71591 0
71600 1
71612 1
71620 1
71625 0
71634 0
71643 0
71657 1
71668 1
71681 0
71688 1
71694 0
71697 1
71712 1
71718 0
71733 0
71747 1
71756 0
71765 1
71779 0
71793 0
71796 0
71809 1
71816 0
71820 1
71824 0
71828 0
71840 0
71843 1
71852 0
71856 1
71869 1
71882 0
71886 1
71890 0
71898 0
71901 1
71915 0
71923 0
71935 0
71943 0
71957 1
71969 0
71978 1
71987 1
71990 1
71992 0
71994 0
71995 1
72009 1
72016 1
72021 0
72023 0
72028 1
72047 1
72049 1
72056 1
72068 0
72075 0
72083 1
72096 0
72097 1
72112 0
72113 1
72119 0
72124 1
72137 0
72151 0
72166 1
72168 1
72170 0
72175 0
72187 0
72202 0
72206 1
72210 0
72213 1
72216 1
72222 0
72236 1
72239 1
72244 0
72259 1
72268 1
72280 1
72293 0
72308 1
72316 1
72324 0
72330 0
72335 0
72337 0
72341 0
72356 0
72360 0
72367 1
72373 1
72378 0
72384 0
72396 1
72411 0
72422 0
72427 0
72432 0
72443 0
72448 0
72455 1
72471 1
72486 0
72489 0
72503 0
72507 1
72515 0
72522 1
72528 1
72536 1
72545 0
72548 0
72561 1
72569 1
72570 0
72576 1
72588 0
72593 1
72602 0
72606 0
72607 1
72615 1
72622 0
72631 0
72643 1
72655 0
72656 1
72671 1
72683 0
72685 1
72691 0
72705 1
72711 0
72723 1
72726 0
72740 1
72751 0
72763 1
72769 1
72774 0
72777 0
72783 0
72795 1
72798 1
72813 0
72826 0
72832 0
72833 1
72839 0
72852 0
72853 0
72867 0
72878 1
72890 1
72893 1
72898 0
72902 0
72905 1
72907 0
72918 1
72924 1
72926 1
72941 1
72943 0
72949 0
72960 0
72969 0
72976 0
72982 1
72994 1
73008 1
73012 0
73013 0
73025 1
73029 1
73038 1
73041 0
73043 1
73054 1
73061 0
73069 1
73089 1
73100 0
73103 0
73114 1
73126 0
73137 0
73144 1
73153 1
73155 1
73158 0
73173 0
73174 0
73188 0
73200 1
73209 1
73210 0
73222 0
73227 1
73228 0
73235 0
73250 1
73259 1
73268 0
73276 1
73284 0
73295 1
73306 0
73318 1
73332 0
73340 1
73348 1
73363 0
73368 1
73377 1
73380 1
73392 1
73400 1
73414 1
73427 0
73433 1
73448 0
73456 0
73465 0
73477 1
73480 0
73494 1
73501 1
73506 1
73513 1
73527 0
73539 1
73541 1
73542 1
73557 1
73569 1
73582 1
73597 1
73606 1
73610 0
73625 0
73637 1
73639 0
73653 0
73665 0
73668 1
73669 1
73674 1
73682 0
73696 1
73702 0
73709 0
73714 0
73718 0
73719 0
73732 0
73735 1
73743 1
73756 1
73768 0
73783 1
73796 0
73797 1
73801 1
73809 1
73816 1
73831 0
73839 0
73842 0
73856 0
73865 0
73879 1
73885 0
73891 1
73905 1
73906 0
73908 1
73914 0
73922 1
73923 1
73935 0
73946 0
73953 1
73964 1
73976 0
73982 0
73991 1
73999 1
74003 0
74004 0
74011 1
74015 0
74028 1
74033 1
74035 0
74041 1
74048 1
74052 0
74066 1
74073 0
74077 1
74086 1
74100 0
74104 0
74117 1
74121 1
74122 1
74125 0
74139 0
74152 0
74156 1
74171 1
74180 0
74189 1
74198 0
74210 0
74219 1
74221 0
74235 0
74242 1
74256 0
74260 1
74262 1
74270 0
74282 1
74284 1
74287 0
74299 0
74305 1
74318 1
74329 1
74342 1
74357 1
74370 0
74381 0
74392 1
74399 0
74407 0
74413 1
74420 1
74423 0
74437 1
74451 0
74464 1
74475 1
74487 0
74502 1
74506 1
74510 1
74517 0
74524 0
74537 0
74538 1
74549 1
74558 1
74572 1
74579 1
74594 1
74599 0
74606 0
74620 0
74635 0
74648 0
74656 0
74667 1
74672 0
74686 1
74693 1
74698 0
74705 0
74706 0
74715 0
74719 0
74720 0
74723 1
74729 0
74737 1
74743 1
74756 0
74758 1
74771 0
74783 1
74795 0
74797 0
74802 0
74810 0
74812 0
74827 0
74841 1
74846 1
74847 1
74854 1
74865 1
74877 0
74883 0
74897 1
74912 0
74917 0
74921 0
74924 1
74926 1
74938 1
74943 1
74949 1
74950 0
74963 0
74976 0
74978 0
74981 1
74995 1
75006 0
75020 0
75029 0
75033 0
75046 1
75047 1
75059 0
75071 0
75079 0
75081 0
75087 1
75100 1
75101 1
75109 1
75114 1
75119 1
75134 0
75140 1
75155 1
75169 1
75181 1
75193 0
75202 1
75204 1
75210 1
75225 0
75229 0
75237 1
75240 0
75253 1
75261 0
75275 0
75280 0
75283 1
75288 0
75300 0
75313 1
75325 1
75326 0
75328 0
75333 0
75336 0
75338 1
75345 1
75348 0
75354 0
75362 1
75367 0
75370 1
75382 1
75386 1
75388 0
75403 0
75415 1
75421 0
75433 1
75445 0
75449 1
75456 1
75459 0
75463 0
75474 0
75488 0
75499 0
75508 0
75516 1
75520 0
75525 1
75529 0
75532 0
75537 1
75539 1
75541 1
75552 1
75556 0
75570 0
75574 1
75589 0
75591 0
75592 0
75598 0
75601 0
75615 1
75629 0
75630 0
75632 0
75637 0
75645 0
75656 1
75660 1
75675 0
75688 0
75699 0
75714 1
75719 1
75726 0
75737 0
75738 1
75752 1
75760 1
75773 1
75785 0
75796 1
75811 0
75823 1
75828 0
75842 1
75854 1
75866 0
75879 1
75883 1
75887 0
75899 1
75928 0
75930 0
75938 1
75944 0
75956 0
75962 0
75963 1
75976 0
75997 0
76011 0
76026 1
76031 0
76033 1
76034 1
76043 1
76058 0
76066 1
76080 0
76091 0
76104 1
76116 1
76131 0
76132 1
76144 1
76158 0
76159 0
76170 0
76181 1
76185 0
76186 1
76199 0
76203 1
76210 0
76224 0
76225 0
76226 0
76237 0
76240 0
76248 0
76253 0
76260 1
76269 0
76281 0
76285 0
76294 1
76302 1
76307 1
76312 1
76316 0
76329 0
76338 1
76342 1
76353 0
76355 1
76367 1
76376 0
76389 0
76401 0
76404 0
76419 1
76428 1
76432 0
76440 1
76443 0
76444 1
76445 1
76450 1
76461 0
76465 0
76480 0
76485 0
76496 1
76504 0
76528 0
76543 1
76550 1
76551 1
76560 1
76567 1
76574 1
76587 0
76602 1
76613 1
76624 0
76625 1
76638 1
76644 0
76651 0
76657 1
76672 0
76678 1
76684 0
76696 0
76700 1
76708 0
76715 0
76721 1
76738 0
76751 1
76760 1
76772 0
76787 0
76800 1
76812 1
76815 1
76826 0
76841 0
76842 0
76845 0
76849 1
76864 1
76878 1
76885 1
76894 0
76900 1
76914 1
76915 0
76917 1
76924 1
76927 1
76928 0
76935 0
76948 1
76959 1
76963 1
76970 1
76975 1
76977 1
76992 1
77005 1
77006 1
77011 1
77012 1
77015 1
77029 0
77035 1
77048 1
77056 0
77061 0
77066 0
77068 1
77073 1
77087 1
77093 1
77107 1
77111 1
77122 1
77136 1
77148 1
77150 0
77151 0
77156 1
77168 0
77172 1
77177 1
77183 0
77189 0
77191 0
77206 1
77213 0
77220 1
77234 1
77237 1
77240 1
77245 0
77271 1
77274 0
77282 1
77289 0
77297 0
77298 1
77300 1
77303 1
77310 1
77324 0
77326 1
77333 1
77340 1
77347 0
77355 1
77359 0
77374 0
77382 1
77390 1
77399 1
77403 1
77418 0
77429 1
77435 1
77446 0
77455 0
77462 1
77466 0
77476 0
77483 1
77505 1
77512 0
77531 1
77538 0
77553 1
77567 1
77579 1
77584 1
77592 0
77603 0
77608 0
77612 0
77620 1
77631 0
77634 1
77637 0
77652 0
77663 0
77666 1
77670 1
77675 0
77688 0
77695 0
77699 1
77714 0
77717 0
77729 0
77730 0
77732 0
77743 0
77747 0
77759 1
77771 0
77775 1
77788 1
77803 1
77814 0
77825 0
77834 1
77849 1
77853 1
77861 0
77870 0
77871 1
77882 1
77895 0
77899 0
77910 1
77915 1
77922 0
77924 0
77931 1
77939 1
77954 0
77967 0
77982 1
77984 1
77993 0
78006 0
78013 1
78027 1
78031 0
78036 1
78049 0
78062 0
78074 0
78083 0
78095 0
78101 0
78115 1
78118 1
78132 1
78147 1
78160 1
78165 0
78167 1
78181 1
78186 1
78195 1
78199 0
78200 1
78214 1
78215 0
78230 0
78233 1
78247 1
78248 0
78252 1
78254 0
78260 0
78275 0
78284 1
78298 0
78305 1
78319 1
78323 1
78336 1
78343 0
78351 1
78352 1
78354 0
78359 1
78361 1
78376 0
78387 0
78390 1
78391 0
78395 0
78402 0
78404 0
78406 1
78409 1
78420 1
78431 0
78438 0
78453 0
78465 0
78471 1
78477 1
78485 0
78502 0
78515 0
78524 0
78536 1
78539 1
78550 1
78564 1
78576 1
78588 1
78593 1
78604 0
78611 1
78617 1
78621 1
78630 0
78645 1
78656 0
78667 0
78673 0
78677 1
78679 0
78690 1
78693 1
78705 0
78707 1
78710 0
78716 1
78731 1
78739 0
78742 1
78754 1
78760 0
78763 0
78778 0
78782 0
78791 0
78795 0
78798 0
78807 0
78815 1
78821 1
78835 1
78837 0
78840 1
78842 0
78853 0
78868 0
78871 1
78886 0
78891 0
78896 0
78897 0
78911 0
78914 1
78915 1
78930 0
78934 0
78949 0
78963 1
78976 0
78991 1
78992 1
78997 0
79010 1
79024 1
79025 0
79033 0
79036 0
79045 0
79058 0
79063 0
79067 0
79071 1
79078 0
79084 1
79089 0
79090 1
79093 0
79096 0
79107 0
79116 1
79131 0
79143 0
79144 1
79149 0
79162 1
79165 0
79180 1
79190 0
79195 0
79204 1
79216 1
79222 0
79230 0
79234 1
79249 1
79260 0
79263 0
79266 0
79280 1
79294 1
79297 0
79300 1
79314 0
79318 1
79320 0
79321 0
79325 1
79327 1
79335 0
79336 1
79349 1
79355 1
79360 1
79365 0
79373 1
