9725
2 0
14 0
16 1
30 0
37 1
50 1
62 1
66 0
71 1
86 0
98 1
100 0
114 1
129 1
135 1
146 0
150 1
165 0
169 0
175 1
184 1
190 0
210 0
214 1
222 1
227 1
234 1
235 0
236 0
238 0
243 1
254 0
261 0
263 0
274 1
288 0
295 0
310 0
324 1
335 0
339 1
354 0
367 0
378 1
382 0
397 0
410 1
421 1
436 1
448 0
450 0
464 1
466 1
471 0
474 0
477 1
478 0
489 1
500 0
513 1
519 1
530 0
534 0
540 0
551 1
558 0
572 0
583 1
588 0
595 0
602 0
610 0
622 0
633 0
648 1
660 0
675 1
676 0
682 0
684 1
697 1
702 1
708 0
723 0
730 0
744 1
756 1
763 1
774 0
776 1
783 1
799 1
803 0
804 1
811 1
824 0
837 1
850 0
858 0
861 0
873 0
874 1
876 1
889 1
890 1
891 0
893 1
894 0
900 0
908 1
921 0
927 0
934 1
940 0
946 0
949 0
955 1
960 1
972 0
978 1
993 1
1008 1
1016 0
1019 1
1024 0
1025 1
1038 0
1039 1
1046 0
1055 0
1062 1
1070 1
1084 1
1089 0
1093 0
1108 0
1119 1
1133 1
1138 1
1145 1
1151 1
1162 1
1176 1
1185 1
1198 1
1205 1
1212 0
1228 1
1229 0
1233 0
1245 1
1251 0
1259 1
1266 1
1277 0
1289 1
1292 1
1305 0
1308 0
1319 0
1321 1
1330 0
1344 1
1356 1
1361 1
1369 0
1377 1
1388 0
1396 1
1406 1
1420 1
1434 1
1448 1
1457 1
1470 0
1484 0
1486 0
1491 1
1504 1
1508 1
1522 1
1537 0
1542 0
1543 0
1548 1
1554 0
1568 0
1575 1
1587 1
1594 0
1600 1
1605 1
1608 0
1610 0
1613 0
1624 0
1631 0
1639 0
1651 1
1662 0
1671 1
1678 1
1691 1
1696 1
1697 1
1699 0
1706 1
1712 1
1718 1
1726 0
1741 0
1745 0
1750 1
1763 0
1772 1
1784 1
1789 1
1798 1
1812 1
1827 0
1831 0
1840 1
1849 0
1858 0
1860 0
1862 1
1871 0
1886 1
1901 0
1907 1
1918 1
1929 0
1930 1
1943 1
1944 0
1951 0
1960 0
1973 0
1975 1
1986 0
2001 0
2006 1
2018 1
2029 1
2033 1
2040 0
2051 0
2059 0
2065 0
2068 1
2071 0
2073 1
2084 1
2090 1
2096 1
2099 1
2103 0
2115 1
2138 0
2141 1
2154 0
2183 1
2198 0
2209 1
2221 0
2229 0
2238 0
2246 0
2249 1
2258 1
2271 1
2283 0
2295 0
2301 0
2303 0
2318 0
2321 1
2322 1
2337 0
2343 1
2350 1
2351 0
2353 1
2366 1
2370 0
2378 0
2380 1
2389 0
2391 1
2396 0
2400 0
2412 1
2419 1
2432 1
2447 0
2448 0
2460 0
2465 1
2479 1
2484 0
2514 0
2515 0
2517 1
2528 0
2533 1
2540 0
2549 0
2550 0
2554 1
2567 0
2579 0
2583 1
2596 0
2615 1
2629 0
2630 1
2638 1
2641 1
2645 1
2650 1
2655 1
2659 1
2674 1
2689 0
2704 0
2716 0
2718 0
2721 1
2727 0
2729 0
2732 1
2740 1
2747 0
2756 0
2761 0
2776 0
2791 0
2803 1
2818 1
2819 0
2823 1
2831 0
2842 1
2849 1
2857 1
2858 1
2869 0
2883 0
2889 1
2900 1
2902 1
2915 1
2927 1
2932 1
2935 1
2942 1
2944 0
2950 0
2951 0
2958 0
2973 0
2976 0
2990 0
2992 0
3000 1
3001 0
3006 1
3014 1
3018 0
3020 1
3027 0
3038 1
3043 1
3045 0
3046 0
3047 0
3052 1
3055 0
3068 1
3081 1
3082 0
3085 0
3097 0
3103 1
3118 1
3132 0
3136 1
3141 1
3148 0
3159 1
3164 0
3176 0
3178 0
3189 0
3204 1
3209 1
3210 1
3219 1
3221 0
3236 1
3238 0
3252 1
3258 1
3269 0
3284 0
3290 1
3305 1
3312 1
3325 0
3339 0
3351 0
3352 0
3361 0
3362 0
3363 0
3366 0
3379 1
3392 0
3401 0
3414 0
3416 0
3428 1
3436 1
3444 0
3447 0
3449 1
3456 1
3464 1
3470 0
3493 0
3507 1
3516 1
3523 1
3529 0
3544 1
3553 0
3556 1
3558 0
3569 1
3582 0
3584 0
3588 0
3597 1
3610 0
3624 1
3636 0
3651 1
3655 0
3660 1
3671 1
3672 1
3675 1
3687 0
3689 0
3697 1
3709 0
3716 0
3722 0
3735 1
3739 1
3753 0
3765 0
3770 1
3778 1
3786 0
3801 1
3803 0
3818 0
3825 0
3829 0
3838 1
3845 0
3852 1
3854 0
3857 0
3858 0
3866 1
3885 0
3888 1
3891 1
3892 0
3899 1
3910 0
3923 0
3924 1
3932 0
3945 0
3959 0
3974 1
3981 1
3984 0
3992 1
4003 1
4014 1
4023 1
4027 1
4035 1
4048 0
4050 0
4064 1
4076 0
4088 1
4099 0
4113 0
4118 0
4123 1
4137 0
4141 0
4143 1
4148 1
4156 1
4157 1
4163 0
4164 1
4177 0
4188 0
4191 1
4203 0
4216 1
4223 1
4228 0
4235 0
4237 1
4249 0
4256 1
4264 1
4272 0
4283 0
4291 0
4298 1
4313 0
4318 1
4332 0
4344 0
4349 0
4357 0
4363 0
4366 0
4377 0
4383 0
4388 1
4390 1
4401 1
4405 1
4413 0
4428 1
4441 1
4443 0
4450 1
4462 0
4474 1
4487 0
4499 1
4514 0
4517 1
4529 1
4530 1
4542 0
4546 1
4558 1
4559 0
4565 0
4580 0
4584 1
4588 1
4595 0
4604 1
4609 0
4617 0
4618 0
4632 0
4633 1
4634 1
4639 0
4648 0
4649 1
4653 1
4662 1
4665 0
4680 1
4683 0
4695 1
4699 1
4718 1
4732 1
4739 1
4751 0
4764 1
4770 1
4779 0
4791 1
4797 1
4810 1
4822 0
4826 0
4837 1
4840 0
4844 0
4848 1
4851 0
4863 0
4865 0
4870 1
4873 0
4876 0
4877 0
4891 0
4892 1
4900 1
4902 0
4917 0
4924 0
4929 0
4942 1
4943 1
4947 1
4960 0
4973 1
4975 1
4986 1
4995 1
4997 0
5004 1
5010 1
5025 0
5037 1
5040 0
5053 0
5065 0
5080 0
5085 0
5086 0
5089 0
5101 1
5109 1
5111 0
5123 0
5138 1
5152 1
5163 0
5164 1
5166 0
5173 1
5185 1
5186 0
5198 0
5213 1
5222 1
5225 1
5237 0
5242 1
5251 0
5263 0
5264 0
5265 1
5267 0
5271 0
5285 0
5297 1
5309 1
5311 0
5324 1
5328 0
5343 0
5352 1
5355 0
5357 1
5370 1
5375 0
5381 1
5387 0
5401 0
5408 0
5423 1
5427 0
5430 1
5442 0
5457 1
5466 0
5478 1
5493 1
5505 1
5507 0
5518 0
5523 1
5531 0
5535 0
5541 1
5542 1
5543 0
5557 0
5564 1
5579 0
5585 1
5586 0
5599 1
5604 1
5612 1
5620 0
5626 0
5634 1
5637 0
5648 0
5649 0
5658 0
5663 1
5667 0
5672 1
5683 1
5688 1
5691 0
5705 1
5713 1
5728 0
5740 0
5754 1
5765 1
5778 1
5791 1
5792 0
5797 1
5798 1
5807 1
5816 1
5830 0
5844 1
5849 0
5875 1
5882 1
5884 0
5898 0
5913 0
5928 0
5929 1
5933 0
5937 0
5941 1
5942 1
5956 1
5965 1
5972 1
5976 0
5985 1
5999 0
6006 0
6019 0
6026 1
6037 0
6048 1
6063 1
6078 0
6081 1
6089 1
6090 0
6092 0
6100 0
6115 0
6127 0
6131 1
6142 0
6143 0
6149 0
6157 1
6168 0
6170 0
6172 1
6181 0
6196 0
6202 1
6217 1
6224 1
6231 0
6237 0
6246 0
6252 0
6257 0
6264 0
6278 1
6284 1
6287 1
6292 1
6298 0
6310 0
6313 0
6328 0
6329 0
6332 1
6344 0
6347 0
6361 0
6370 1
6373 0
6385 1
6389 0
6398 0
6403 1
6411 1
6419 0
6434 1
6436 0
6450 0
6461 0
6473 1
6482 1
6487 1
6490 1
6497 0
6499 1
6512 0
6520 0
6523 0
6530 0
6544 1
6558 0
6572 1
6585 0
6596 0
6604 1
6623 0
6624 1
6632 0
6645 1
6658 1
6661 1
6673 1
6680 1
6693 0
6701 0
6702 1
6703 0
6717 1
6732 1
6738 1
6743 1
6752 0
6765 0
6780 0
6782 1
6793 1
6802 1
6816 0
6831 0
6840 0
6843 0
6856 0
6858 1
6862 0
6865 1
6867 0
6873 1
6879 1
6888 1
6896 0
6911 0
6918 0
6920 1
6931 1
6937 1
6950 0
6951 0
6964 1
6968 1
6972 0
6985 1
6994 1
6996 1
7001 0
7010 1
7023 0
7035 1
7043 1
7048 1
7055 1
7068 0
7073 1
7079 0
7084 1
7090 1
7094 0
7096 1
7098 0
7107 0
7111 1
7125 1
7138 1
7153 0
7159 1
7172 0
7180 1
7195 0
7198 0
7202 1
7214 0
7223 1
7225 0
7239 0
7253 1
7267 1
7272 0
7274 0
7275 0
7282 0
7286 0
7287 0
7300 1
7303 1
7315 0
7323 0
7329 0
7334 0
7336 0
7348 1
7359 0
7374 1
7375 0
7388 0
7396 0
7399 0
7410 0
7416 1
7428 0
7435 1
7451 0
7460 1
7469 0
7484 0
7493 0
7501 1
7509 0
7526 0
7537 1
7539 1
7548 0
7568 1
7572 1
7578 1
7591 0
7597 1
7599 1
7604 1
7612 1
7625 0
7640 0
7649 0
7655 1
7663 1
7671 1
7676 1
7690 0
7695 1
7703 0
7706 1
7707 0
7713 0
7727 0
7731 1
7734 0
7745 1
7758 1
7771 0
7778 0
7783 1
7791 0
7797 1
7810 0
7816 1
7828 0
7833 0
7837 0
7849 0
7862 1
7875 0
7890 1
7904 0
7912 1
7916 1
7918 1
7931 0
7938 0
7950 0
7952 0
7957 0
7966 1
7974 1
7987 0
7991 0
7995 0
7999 1
8014 0
8022 1
8036 0
8038 0
8049 0
8055 1
8070 1
8076 0
8087 1
8093 0
8107 1
8116 1
8128 0
8129 0
8132 1
8138 0
8143 1
8152 1
8160 1
8166 1
8181 0
8183 0
8184 1
8190 1
8197 0
8202 0
8217 1
8228 1
8230 0
8245 1
8261 0
8272 1
8279 1
8291 0
8300 0
8306 1
8308 1
8314 1
8317 0
8321 0
8322 1
8328 0
8351 1
8357 0
8372 1
8384 0
8399 1
8414 0
8425 1
8426 1
8432 1
8441 0
8446 0
8447 0
8454 1
8478 0
8484 1
8490 0
8499 1
8504 1
8531 0
8536 0
8541 0
8549 1
8553 0
8560 0
8569 0
8581 1
8585 1
8586 1
8595 1
8597 1
8602 0
8628 1
8643 1
8646 0
8648 1
8662 1
8671 0
8675 1
8687 1
8694 1
8709 0
8713 1
8717 1
8730 1
8739 0
8759 1
8770 1
8778 0
8793 0
8798 1
8806 0
8821 1
8826 0
8828 0
8842 0
8850 0
8854 0
8863 1
8878 1
8879 1
8893 0
8902 1
8917 0
8923 0
8938 1
8941 0
8952 1
8967 0
8971 1
8973 1
8982 1
8990 0
8998 1
9001 1
9005 0
9017 0
9026 1
9039 0
9045 1
9053 1
9058 0
9065 0
9067 1
9082 1
9091 0
9103 1
9109 1
9111 0
9122 1
9134 1
9135 0
9140 0
9143 1
9148 1
9157 0
9160 1
9163 1
9164 1
9166 1
9182 1
9185 0
9199 0
9202 0
9204 0
9219 0
9234 1
9248 1
9249 1
9250 0
9261 0
9267 1
9269 0
9270 1
9284 1
9293 0
9305 0
9312 0
9321 1
9336 1
9348 0
9363 0
9378 1
9381 1
9382 0
9390 1
9396 1
9402 0
9410 1
9411 1
9422 0
9428 1
9435 0
9449 1
9464 0
9471 0
9484 1
9492 1
9495 1
9510 0
9518 1
9532 1
9541 0
9548 1
9553 1
9556 1
9569 1
9578 1
9592 0
9596 1
9607 1
9609 1
9612 0
9616 0
9625 0
9626 1
9639 0
9652 1
9660 1
9666 0
9669 0
9671 1
9676 0
9685 0
9697 0
9711 0
9725 0
9738 0
9739 0
9751 1
9766 0
9771 1
9782 0
9784 0
9795 1
9797 0
9809 0
9823 0
9828 1
9841 0
9855 1
9858 0
9862 1
9877 0
9888 0
9896 1
9897 1
9910 0
9914 0
9927 0
9940 0
9948 0
9952 1
9961 1
9967 0
9975 1
9982 0
9995 1
9998 0
10003 0
10009 0
10021 1
10024 0
10037 0
10043 0
10044 1
10058 1
10063 0
10076 1
10079 1
10081 0
10083 1
10098 0
10109 1
10121 1
10130 1
10144 1
10146 1
10150 1
10154 1
10165 0
10174 0
10176 0
10177 0
10191 0
10196 1
10203 0
10212 0
10219 0
10226 0
10230 1
10242 1
10248 1
10254 0
10267 0
10272 0
10273 1
10284 0
10291 1
10300 0
10305 0
10310 0
10319 1
10324 0
10331 0
10332 0
10335 1
10348 0
10356 1
10357 1
10371 1
10376 0
10384 1
10388 0
10393 1
10397 0
10406 0
10408 0
10417 1
10432 1
10443 0
10455 1
10467 1
10475 0
10483 1
10492 1
10501 1
10505 0
10516 1
10517 1
10528 1
10539 1
10553 1
10554 0
10558 1
10565 1
10566 1
10568 0
10575 0
10588 1
10595 0
10604 0
10618 0
10620 1
10625 0
10628 0
10631 0
10637 0
10641 1
10649 0
10653 0
10654 1
10669 0
10684 0
10687 1
10699 0
10712 0
10716 1
10721 1
10730 1
10737 0
10746 0
10761 0
10772 0
10781 1
10787 1
10801 1
10807 0
10822 0
10824 1
10827 0
10841 1
10846 1
10850 1
10856 0
10868 0
10869 1
10884 0
10887 0
10905 1
10913 0
10919 1
10931 0
10937 0
10938 1
10941 0
10956 0
10968 0
10973 0
10978 1
10984 1
10995 0
11002 1
11009 1
11020 1
11024 1
11039 1
11044 0
11052 1
11067 0
11083 0
11094 1
11109 0
11117 0
11132 1
11144 0
11153 1
11157 1
11161 1
11172 0
11177 0
11179 1
11188 1
11197 1
11203 1
11210 0
11216 1
11219 0
11230 0
11238 0
11243 1
11246 0
11247 1
11253 1
11265 1
11279 1
11287 1
11295 0
11322 0
11337 1
11352 0
11365 1
11366 1
11380 1
11389 0
11397 0
11405 1
11408 0
11414 1
11420 0
11422 0
11428 0
11443 0
11445 1
11449 0
11458 1
11470 1
11478 0
11493 1
11506 0
11511 1
11524 1
11539 0
11554 0
11562 0
11565 0
11574 1
11587 0
11600 0
11613 0
11622 1
11634 1
11648 0
11660 0
11671 0
11684 1
11697 1
11701 1
11703 0
11712 1
11734 0
11746 0
11752 1
11754 1
11761 0
11768 1
11774 0
11785 1
11799 0
11814 0
11825 1
11837 1
11851 1
11859 0
11866 0
11879 1
11880 1
11884 0
11888 1
11899 1
11919 0
11930 1
11945 1
11951 1
11964 0
11971 1
11972 0
11987 1
11998 1
12000 0
12013 0
12027 1
12036 1
12042 1
12054 1
12062 0
12070 1
12082 0
12089 1
12101 1
12110 0
12122 0
12137 1
12139 1
12154 1
12163 1
12166 0
12169 1
12171 1
12173 1
12181 0
12190 1
12195 0
12207 0
12219 0
12234 1
12245 1
12246 1
12258 0
12272 0
12277 0
12289 1
12294 0
12297 0
12306 1
12321 1
12324 0
12335 0
12338 0
12343 1
12354 1
12357 1
12360 0
12375 0
12378 1
12380 0
12384 0
12389 0
12401 0
12408 0
12411 0
12417 1
12434 1
12438 1
12449 1
12451 1
12455 0
12463 0
12468 0
12472 1
12473 1
12486 0
12494 0
12507 1
12510 1
12517 1
12530 1
12538 0
12541 1
12546 0
12554 1
12555 0
12570 1
12579 0
12592 1
12600 1
12607 1
12613 1
12625 0
12628 0
12640 1
12655 0
12669 1
12680 0
12683 1
12697 1
12705 1
12712 1
12721 1
12735 0
12747 0
12761 1
12772 1
12778 1
12781 1
12784 0
12788 1
12799 1
12810 0
12825 1
12837 1
12844 0
12855 1
12868 0
12882 0
12891 0
12897 1
12925 0
12931 1
12942 1
12956 0
12965 1
12982 1
12987 0
13000 1
13016 1
13031 1
13037 1
13039 0
13054 0
13056 1
13070 0
13098 1
13100 1
13113 0
13117 0
13119 0
13121 1
13125 1
13145 1
13153 0
13159 0
13167 0
13178 0
13186 1
13187 1
13189 1
13203 1
13216 1
13225 0
13230 0
13242 0
13245 0
13250 1
13252 1
13263 0
13273 0
13275 0
13283 0
13298 1
13307 1
13311 0
13325 1
13328 0
13329 1
13342 0
13353 1
13360 0
13361 1
13368 1
13369 0
13372 0
13373 0
13385 0
13390 0
13405 0
13407 0
13415 1
13416 1
13421 0
13432 1
13443 1
13451 1
13457 1
13458 0
13463 0
13475 0
13490 0
13494 0
13505 1
13508 1
13522 1
13523 0
13528 1
13542 0
13546 0
13549 1
13561 0
13572 0
13576 1
13577 1
13583 1
13594 0
13596 0
13599 1
13601 0
13610 1
13618 1
13625 1
13637 1
13640 1
13653 1
13667 0
13682 0
13691 1
13704 0
13716 1
13722 0
13729 1
13731 0
13732 1
13740 0
13755 0
13784 1
13789 0
13811 0
13818 0
13821 0
13829 0
13843 1
13856 1
13862 0
13871 1
13900 0
13908 0
13923 0
13936 1
13947 0
13962 0
13976 1
13983 0
13984 0
13991 0
14000 1
14006 1
14020 1
14035 0
14048 0
14050 0
14059 0
14066 1
14080 1
14092 1
14093 1
14105 1
14107 1
14111 0
14118 0
14125 1
14131 1
14146 1
14153 0
14160 1
14168 1
14182 0
14197 0
14209 0
14214 0
14229 1
14236 0
14258 1
14262 0
14267 0
14282 0
14293 0
14300 1
14309 0
14316 1
14321 0
14334 0
14345 0
14350 1
14369 0
14382 0
14391 1
14400 0
14414 1
14426 0
14435 0
14449 0
14460 1
14464 1
14467 0
14480 1
14482 0
14493 1
14497 1
14512 0
14517 0
14518 1
14530 0
14532 1
14535 1
14544 0
14553 0
14561 1
14576 0
14582 1
14593 0
14594 1
14609 0
14613 0
14622 0
14625 1
14626 0
14640 0
14647 0
14652 0
14654 0
14662 1
14668 1
14677 1
14679 0
14693 1
14708 1
14715 1
14722 1
14724 0
14733 1
14741 0
14747 0
14762 0
14766 1
14771 1
14783 1
14797 0
14804 0
14811 1
14825 0
14831 1
14840 1
14855 1
14861 1
14874 1
14882 0
14895 1
14910 1
14919 1
14925 0
14926 1
14934 1
14947 0
14949 0
14964 1
14965 1
14969 0
14981 0
14984 1
14999 0
15014 1
15022 1
15025 0
15026 1
15033 0
15037 1
15051 1
15065 0
15076 0
15083 1
15090 1
15095 1
15103 0
15111 0
15118 0
15125 0
15126 1
15137 0
15143 1
15148 1
15160 0
15168 1
15179 1
15184 0
15185 1
15191 0
15204 0
15212 0
15213 0
15216 1
15225 0
15239 0
15246 1
15248 0
15261 0
15263 1
15266 1
15267 1
15270 0
15278 1
15286 0
15289 1
15297 1
15308 1
15317 0
15331 1
15334 0
15338 0
15352 1
15367 1
15382 1
15393 0
15407 1
15421 0
15429 0
15433 0
15436 1
15437 1
15444 1
15458 1
15473 0
15477 0
15481 1
15484 1
15505 0
15514 1
15529 0
15544 1
15553 1
15561 0
15572 0
15577 1
15578 0
15593 0
15599 0
15610 0
15618 0
15620 1
15629 1
15644 1
15658 1
15659 0
15665 1
15667 0
15676 0
15687 1
15690 1
15702 0
15704 1
15705 0
15719 1
15726 1
15741 1
15744 1
15758 1
15767 1
15772 1
15780 0
15783 0
15798 1
15800 0
15809 0
15821 0
15836 1
15850 0
15857 0
15869 1
15872 1
15884 0
15893 0
15906 1
15911 1
15923 1
15925 1
15934 0
15942 1
15960 1
15961 1
15976 0
15989 0
16004 1
16007 0
16021 0
16035 0
16043 1
16058 0
16072 0
16074 1
16087 1
16091 0
16098 1
16105 0
16107 0
16118 0
16133 1
16141 1
16149 0
16164 0
16177 0
16190 1
16197 1
16208 0
16213 1
16227 1
16238 1
16242 0
16254 0
16262 1
16263 1
16270 0
16283 0
16292 0
16294 0
16303 0
16305 1
16317 0
16328 1
16342 0
16348 0
16359 0
16367 1
16374 1
16389 1
16396 1
16408 0
16413 1
16442 0
16446 0
16450 0
16464 0
16473 1
16479 1
16486 1
16493 0
16508 1
16522 1
16533 0
16545 1
16558 0
16563 1
16574 1
16586 0
16592 1
16607 0
16618 0
16622 1
16630 0
16642 0
16655 0
16662 1
16676 1
16687 1
16702 0
16714 1
16726 0
16741 1
16748 0
16757 1
16769 1
16775 0
16777 1
16786 1
16794 0
16799 1
16814 0
16819 0
16827 0
16839 0
16854 1
16859 1
16870 1
16877 1
16881 0
16894 1
16909 1
16920 1
16921 1
16935 1
16947 0
16951 0
16958 1
16969 0
16980 1
16985 1
16988 0
16993 1
17008 1
17014 1
17022 1
17035 0
17041 0
17045 1
17048 1
17050 1
17059 0
17073 1
17085 0
17091 1
17099 0
17104 1
17111 1
17113 0
17117 1
17126 1
17133 1
17137 0
17144 0
17156 1
17169 1
17177 1
17185 1
17198 1
17205 1
17210 0
17216 1
17224 1
17236 1
17239 1
17252 1
17264 0
17267 1
17275 1
17282 0
17284 0
17293 0
17308 1
17311 1
17315 0
17319 0
17327 1
17335 1
17338 1
17345 0
17352 1
17361 0
17372 1
17380 0
17391 1
17404 1
17405 1
17419 0
17434 1
17437 0
17450 1
17458 0
17467 1
17476 1
17483 0
17504 1
17507 1
17510 0
17523 1
17526 0
17537 1
17549 1
17552 0
17560 1
17563 1
17566 1
17582 0
17595 0
17602 0
17611 1
17615 1
17622 1
17637 1
17643 1
17658 0
17664 1
17672 0
17685 0
17697 1
17706 0
17708 1
17712 0
17721 0
17734 0
17742 1
17743 0
17747 0
17750 1
17764 0
17776 0
17791 0
17795 1
17808 1
17823 1
17837 1
17846 1
17847 0
17849 0
17861 0
17863 0
17869 0
17870 1
17884 0
17898 1
17903 0
17910 1
17921 1
17929 1
17943 1
17956 0
17960 1
17968 1
17977 1
17992 0
17999 1
18013 1
18014 1
18019 0
18026 1
18038 0
18049 0
18062 1
18068 1
18083 0
18094 1
18095 1
18098 0
18109 0
18124 0
18136 0
18138 0
18145 1
18160 0
18162 0
18168 1
18171 1
18174 1
18180 0
18182 1
18195 0
18206 1
18214 0
18218 1
18231 1
18236 1
18249 1
18264 1
18277 0
18280 1
18286 1
18301 0
18306 0
18310 1
18313 1
18328 1
18340 1
18347 0
18355 0
18369 0
18382 0
18391 0
18405 0
18420 0
18422 1
18434 0
18443 0
18449 0
18458 1
18463 1
18466 1
18472 1
18480 0
18481 1
18485 1
18493 1
18501 0
18506 0
18507 1
18522 0
18523 1
18530 1
18543 0
18558 0
18563 0
18577 0
18584 1
18598 0
18612 0
18620 0
18635 1
18647 0
18662 0
18675 1
18679 1
18680 0
18688 1
18700 1
18705 0
18720 1
18732 0
18739 1
18747 0
18750 1
18752 1
18755 0
18769 1
18776 1
18784 0
18789 1
18797 1
18803 0
18818 1
18824 0
18829 1
18840 0
18849 0
18852 0
18857 1
18868 0
18871 1
18884 1
18899 0
18906 0
18918 1
18927 0
18941 1
18952 0
18966 1
18977 0
18979 0
18980 0
18983 0
18987 0
19002 1
19006 0
19009 1
19024 0
19039 1
19040 0
19041 0
19048 1
19050 0
19064 1
19077 0
19083 0
19094 0
19106 1
19118 0
19133 1
19139 1
19154 1
19169 1
19173 1
19177 0
19192 0
19194 1
19200 0
19215 1
19230 1
19239 1
19245 1
19252 0
19256 0
19261 0
19274 0
19279 1
19281 1
19295 0
19299 0
19300 0
19303 1
19315 0
19316 1
19324 1
19330 1
19335 1
19346 1
19348 1
19351 0
19364 1
19370 0
19372 1
19373 0
19388 1
19394 0
19397 0
19409 1
19424 0
19435 0
19438 1
19446 1
19459 1
19464 0
19472 0
19477 1
19507 1
19510 1
19516 0
19525 1
19536 1
19550 0
19558 1
19571 1
19579 1
19580 0
19595 0
19603 1
19617 1
19621 0
19623 1
19635 1
19646 1
19649 0
19652 0
19660 1
19673 1
19682 0
19689 1
19697 0
19704 0
19718 0
19733 1
19746 1
19752 0
19755 0
19760 1
19772 1
19781 0
19789 0
19802 1
19807 0
19809 1
19824 1
19825 0
19839 0
19854 0
19869 1
19882 0
19895 1
19909 0
19920 0
19924 1
19935 0
19939 0
19942 0
19955 0
19968 1
19976 0
19981 1
19987 1
19996 0
20007 1
20011 0
20022 0
20034 1
20047 1
20052 1
20064 0
20071 0
20074 1
20077 0
20089 1
20100 1
20103 1
20111 1
20119 1
20133 1
20134 1
20143 1
20146 1
20160 1
20168 0
20181 1
20182 1
20184 1
20192 0
20205 1
20216 0
20220 1
20222 1
20244 0
20253 0
20265 0
20277 0
20288 1
20289 0
20294 1
20301 0
20312 1
20325 1
20329 1
20342 0
20350 0
20363 0
20366 0
20375 0
20378 0
20381 0
20388 0
20400 1
20408 1
20422 1
20423 1
20425 1
20433 0
20434 1
20445 0
20451 1
20459 0
20474 1
20488 0
20497 0
20500 1
20514 1
20529 0
20541 0
20544 0
20551 1
20559 1
20565 0
20567 0
20585 0
20586 1
20587 1
20599 0
20614 0
20627 0
20639 0
20641 1
20650 1
20651 0
20665 1
20666 0
20672 1
20687 1
20689 1
20691 1
20695 0
20704 1
20713 0
20727 1
20730 0
20744 1
20747 0
20752 1
20764 1
20779 1
20793 0
20808 0
20811 0
20822 1
20824 1
20837 0
20840 1
20849 1
20858 1
20869 0
20874 1
20888 1
20894 0
20906 0
20913 0
20915 1
20930 1
20936 1
20950 1
20957 0
20972 0
20984 1
20995 0
21003 0
21017 1
21021 0
21029 1
21036 1
21050 1
21064 1
21078 1
21079 1
21092 1
21104 1
21106 1
21120 0
21125 0
21134 0
21141 0
21153 1
21168 0
21183 1
21186 1
21187 0
21202 0
21208 0
21215 1
21230 0
21231 1
21238 1
21243 1
21254 1
21269 0
21276 1
21282 0
21284 0
21292 1
21297 1
21302 0
21311 1
21324 0
21336 0
21340 0
21346 0
21357 0
21362 0
21367 0
21375 0
21387 0
21402 1
21416 1
21422 1
21423 1
21427 0
21429 0
21444 1
21455 1
21466 1
21477 1
21490 0
21502 0
21517 1
21529 0
21537 1
21543 0
21550 0
21561 1
21569 0
21577 1
21585 1
21591 0
21592 1
21594 0
21598 0
21609 1
21610 1
21615 1
21616 0
21631 0
21635 1
21638 1
21652 1
21664 0
21669 0
21671 1
21674 1
21680 0
21687 0
21690 0
21702 1
21705 1
21716 1
21721 1
21736 0
21740 1
21745 0
21758 1
21771 0
21777 1
21803 0
21806 1
21820 1
21828 0
21833 1
21839 0
21841 1
21856 1
21869 1
21877 0
21904 0
21918 0
21924 0
21932 0
21945 0
21959 1
21966 1
21980 1
21987 1
21988 1
22002 0
22017 0
22021 1
22025 0
22030 0
22036 0
22047 1
22054 0
22068 0
22082 1
22084 0
22096 0
22108 0
22123 1
22132 0
22147 1
22160 1
22174 0
22181 0
22186 0
22188 1
22202 1
22205 0
22206 1
22212 0
22235 0
22247 1
22260 0
22261 0
22269 0
22273 0
22284 1
22289 0
22291 1
22296 1
22304 1
22311 0
22322 0
22334 1
22343 0
22357 1
22360 0
22362 1
22365 1
22366 1
22380 0
22383 1
22386 0
22395 0
22402 0
22408 1
22413 0
22420 0
22433 1
22441 1
22448 1
22459 1
22461 0
22470 0
22479 0
22483 0
22497 0
22498 0
22511 1
22518 1
22523 0
22543 1
22551 0
22559 1
22562 1
22565 0
22566 0
22570 0
22581 0
22594 1
22609 1
22623 1
22635 0
22640 0
22653 0
22655 0
22664 1
22676 0
22690 1
22697 1
22705 0
22724 0
22739 1
22741 1
22747 1
22762 1
22766 0
22775 1
22783 0
22784 1
22788 1
22801 1
22812 0
22827 1
22834 1
22838 1
22843 0
22847 1
22850 0
22854 0
22868 0
22872 0
22880 1
22885 0
22897 0
22902 0
22911 1
22924 0
22928 1
22931 0
22932 1
22944 1
22951 1
22959 1
22970 1
22983 1
22992 0
23007 1
23018 1
23022 0
23037 0
23042 0
23044 0
23048 0
23060 1
23073 0
23085 0
23098 0
23101 0
23104 1
23108 1
23112 0
23115 0
23116 1
23130 1
23141 0
23147 0
23160 1
23161 0
23172 0
23187 1
23195 0
23220 0
23221 1
23235 0
23246 0
23253 0
23257 1
23264 0
23279 0
23282 1
23286 0
23298 0
23301 1
23309 1
23312 1
23324 1
23328 1
23334 1
23345 0
23359 1
23363 0
23368 1
23382 0
23395 0
23409 0
23413 1
23422 0
23428 0
23442 0
23455 0
23463 0
23474 0
23482 1
23487 0
23501 0
23505 0
23516 0
23521 1
23534 0
23545 0
23558 0
23572 1
23585 1
23600 1
23604 1
23605 1
23614 1
23626 0
23638 0
23639 0
23651 0
23665 1
23667 0
23678 1
23699 0
23705 1
23707 0
23713 0
23718 1
23729 1
23730 1
23743 1
23758 1
23763 0
23777 0
23780 0
23781 1
23786 1
23791 1
23798 0
23800 0
23802 1
23816 0
23827 1
23829 0
23842 0
23851 0
23855 1
23862 1
23870 0
23871 1
23886 1
23890 1
23904 1
23917 0
23918 1
23931 1
23942 0
23956 0
23958 0
23960 1
23969 0
23984 0
23992 0
23999 1
24008 0
24015 0
24029 1
24038 0
24046 0
24058 0
24065 1
24071 1
24083 0
24094 0
24109 0
24121 1
24125 1
24134 0
24149 1
24157 0
24161 1
24176 1
24191 1
24197 0
24199 0
24212 1
24213 0
24227 0
24234 0
24241 0
24245 1
24248 1
24249 1
24253 0
24260 0
24272 0
24281 0
24289 1
24292 0
24303 0
24311 0
24326 0
24337 0
24343 0
24344 1
24358 0
24372 1
24378 0
24390 1
24404 1
24410 1
24419 0
24421 1
24432 1
24433 1
24435 0
24436 0
24442 0
24446 1
24459 0
24462 1
24467 0
24478 0
24485 0
24489 0
24493 1
24496 0
24497 1
24503 1
24511 0
24518 0
24523 1
24537 0
24539 0
24552 1
24553 0
24557 0
24569 0
24584 0
24590 1
24605 0
24618 1
24627 0
24629 1
24633 0
24640 0
24646 1
24657 0
24669 0
24675 1
24686 0
24692 0
24698 1
24713 0
24721 0
24722 0
24724 1
24733 0
24738 1
24741 1
24754 0
24756 1
24769 1
24784 0
24793 0
24799 1
24800 0
24807 1
24821 1
24835 0
24848 0
24862 0
24875 0
24882 0
24885 1
24887 1
24898 1
24905 1
24909 1
24917 1
24932 1
24933 0
24937 1
24952 0
24961 0
24968 1
24980 0
25005 1
25014 0
25019 0
25025 0
25036 1
25044 1
25050 0
25076 0
25078 0
25093 0
25102 0
25105 1
25109 1
25124 1
25129 1
25134 0
25141 1
25152 1
25156 1
25161 1
25164 0
25179 1
25185 1
25199 1
25210 1
25222 0
25237 1
25248 1
25256 1
25267 1
25275 0
25279 0
25288 1
25294 0
25303 0
25314 1
25316 1
25331 0
25339 0
25345 0
25358 1
25372 0
25374 0
25375 1
25388 1
25403 0
25408 0
25421 0
25432 1
25440 0
25454 0
25469 1
25474 0
25486 0
25494 0
25501 1
25506 1
25520 0
25527 1
25541 0
25544 0
25548 1
25560 0
25565 0
25566 1
25579 0
25580 0
25594 1
25600 0
25606 1
25607 1
25609 0
25614 0
25618 0
25632 1
25634 0
25649 0
25651 1
25657 1
25660 1
25672 0
25683 0
25689 0
25695 1
25703 0
25715 0
25717 0
25731 1
25744 1
25745 1
25751 0
25762 1
25767 1
25776 1
25781 0
25794 0
25799 1
25807 0
25822 0
25824 0
25833 1
25845 1
25857 1
25865 1
25880 1
25886 1
25897 0
25908 0
25914 0
25920 1
25947 0
25948 1
25953 0
25954 0
25966 0
25969 1
25983 0
25991 0
25999 0
26006 0
26019 0
26028 1
26042 0
26048 1
26063 0
26070 1
26075 1
26090 1
26103 1
26110 1
26125 0
26127 1
26133 1
26139 1
26145 0
26153 0
26158 0
26164 1
26172 1
26179 0
26193 1
26194 0
26198 1
26207 0
26213 1
26214 0
26215 1
26217 0
26219 0
26223 1
26226 0
26231 0
26245 0
26250 1
26257 0
26268 0
26274 1
26279 0
26290 1
26309 1
26313 1
26324 0
26339 0
26353 0
26355 1
26368 1
26382 0
26384 0
26398 0
26399 1
26412 1
26426 0
26427 0
26438 0
26447 0
26453 1
26455 1
26460 1
26464 1
26470 0
26481 0
26485 0
26489 1
26492 1
26498 0
26512 1
26523 1
26524 1
26539 0
26542 0
26545 1
26560 0
26573 0
26577 1
26579 0
26582 0
26590 1
26603 1
26608 1
26611 1
26622 1
26636 1
26637 1
26643 1
26654 1
26661 0
26673 0
26684 0
26690 1
26702 0
26709 1
26720 0
26727 1
26731 0
26736 0
26751 1
26765 0
26769 1
26773 1
26780 0
26784 0
26803 1
26815 1
26823 0
26824 0
26833 0
26842 1
26848 0
26859 1
26861 0
26872 1
26883 0
26890 1
26896 0
26902 1
26904 1
26913 1
26925 0
26933 1
26938 0
26946 0
26948 0
26961 1
26973 1
26981 1
26989 1
26995 0
26998 1
27013 1
27027 0
27034 1
27043 1
27051 0
27064 1
27066 1
27073 1
27085 1
27087 1
27099 1
27100 1
27106 1
27107 0
27112 0
27125 0
27134 1
27138 1
27149 0
27158 0
27171 1
27183 1
27184 1
27195 0
27206 1
27207 1
27211 1
27219 1
27234 0
27245 0
27251 1
27268 1
27273 1
27277 1
27280 1
27284 0
27285 0
27293 1
27301 0
27307 0
27333 1
27341 0
27342 1
27348 1
27352 1
27360 1
27364 0
27375 1
27376 1
27383 1
27386 1
27400 0
27402 1
27403 0
27410 1
27421 1
27427 1
27439 0
27452 0
27465 1
27469 0
27476 0
27482 1
27494 0
27501 0
27504 0
27515 0
27520 1
27521 1
27526 1
27532 1
27547 1
27550 0
27559 1
27566 1
27568 0
27569 1
27573 0
27587 0
27596 1
27603 0
27620 0
27627 0
27638 0
27647 1
27653 0
27674 0
27681 1
27685 1
27694 0
27707 1
27722 1
27728 0
27731 1
27733 0
27736 0
27750 1
27763 1
27770 0
27784 1
27787 0
27790 0
27817 1
27826 0
27829 1
27831 1
27844 1
27849 1
27856 1
27869 1
27877 1
27878 0
27891 1
27893 1
27895 1
27910 0
27924 0
27938 0
27950 0
27951 1
27958 0
27962 1
27975 1
27980 1
27994 0
28007 1
28021 0
28027 1
28032 1
28039 1
28054 1
28061 1
28075 1
28088 0
28099 1
28100 0
28101 1
28116 0
28124 1
28128 0
28140 1
28147 0
28163 1
28170 0
28181 0
28185 0
28197 1
28198 0
28212 1
28216 0
28218 1
28230 1
28237 0
28252 1
28264 1
28278 1
28293 0
28302 0
28315 0
28324 1
28337 1
28338 1
28340 1
28341 0
28355 1
28361 0
28362 1
28370 1
28379 0
28395 1
28399 0
28408 1
28412 1
28421 0
28438 1
28449 1
28460 1
28461 0
28462 0
28467 0
28479 0
28493 1
28498 0
28501 0
28504 0
28506 0
28510 0
28514 0
28525 1
28539 0
28554 0
28565 1
28571 0
28586 0
28595 1
28603 1
28608 0
28622 1
28630 0
28636 1
28638 0
28652 0
28660 0
28672 1
28675 0
28680 1
28693 0
28708 0
28720 0
28727 1
28738 0
28749 0
28763 1
28766 0
28768 1
28774 1
28775 0
28779 1
28782 1
28790 0
28791 0
28799 0
28803 0
28806 1
28814 0
28815 0
28822 0
28828 0
28832 0
28837 0
28850 0
28854 1
28861 0
28866 0
28874 1
28889 0
28903 1
28914 1
28922 1
28934 0
28940 1
28945 0
28967 0
28978 1
28991 1
29002 1
29010 1
29023 0
29029 0
29042 1
29056 1
29070 0
29074 1
29083 1
29084 1
29090 1
29105 0
29107 0
29115 0
29122 1
29124 0
29127 1
29142 0
29143 1
29150 1
29164 0
29179 1
29190 1
29195 0
29197 0
29203 1
29214 1
29225 1
29239 1
29252 0
29253 1
29267 1
29281 0
29290 1
29303 1
29306 0
29320 1
29332 1
29339 0
29348 1
29360 0
29363 1
29371 0
29385 1
29400 1
29407 1
29415 0
29418 0
29429 1
29441 0
29443 0
29444 1
29445 0
29450 1
29463 1
29468 1
29482 0
29483 1
29490 1
29517 1
29531 0
29533 1
29534 1
29548 0
29559 1
29572 1
29585 0
29593 0
29604 1
29605 0
29619 0
29634 1
29648 0
29656 0
29664 1
29672 1
29680 0
29688 1
29700 0
29701 0
29705 1
29718 1
29720 0
29726 0
29741 0
29742 0
29750 1
29751 0
29753 0
29756 1
29757 0
29768 0
29773 0
29778 1
29792 1
29806 1
29815 1
29828 0
29841 1
29854 0
29868 0
29875 1
29889 0
29890 0
29896 0
29899 0
29908 0
29919 1
29926 0
29940 1
29954 0
29957 1
29968 0
29979 1
29987 1
29992 1
30004 1
30012 0
30027 0
30029 1
30034 0
30046 0
30060 1
30067 0
30079 1
30085 1
30090 1
30097 0
30103 1
30105 1
30112 1
30116 1
30127 1
30129 1
30141 1
30150 1
30157 1
30166 1
30180 0
30186 1
30198 0
30209 1
30218 1
30223 0
30240 0
30246 1
30259 1
30260 1
30268 1
30279 1
30288 0
30302 0
30306 1
30309 1
30323 1
30332 1
30338 1
30352 0
30355 1
30370 0
30384 1
30386 1
30390 0
30398 0
30401 0
30415 0
30418 1
30422 0
30433 0
30444 1
30457 0
30466 0
30469 1
30482 0
30488 0
30491 1
30496 1
30504 0
30511 1
30529 0
30544 0
30556 1
30564 0
30570 1
30572 1
30580 1
30583 1
30585 1
30589 0
30592 1
30597 0
30606 1
30617 1
30623 1
30638 0
30642 0
30648 1
30651 1
30659 0
30670 1
30683 1
30687 1
30700 1
30706 0
30715 0
30728 0
30739 0
30754 0
30762 0
30776 0
30784 0
30793 1
30800 0
30809 0
30815 0
30818 1
30829 0
30836 1
30851 1
30857 0
30866 0
30874 1
30882 0
30888 1
30897 1
30910 0
30917 1
30929 1
30935 1
30944 0
30952 1
30967 0
30969 1
30973 0
30975 0
30989 1
30990 1
31001 0
31007 0
31010 0
31011 1
31013 0
31019 0
31034 0
31035 0
31044 0
31058 0
31069 0
31075 0
31078 0
31087 1
31093 1
31106 1
31108 1
31109 1
31117 0
31130 0
31145 0
31153 0
31161 0
31168 0
31175 1
31187 0
31203 0
31209 1
31224 1
31228 0
31229 0
31232 1
31234 0
31235 1
31250 1
31259 1
31271 0
31274 1
31289 0
31302 0
31306 0
31317 1
31324 0
31340 0
31354 0
31361 1
31373 1
31380 1
31388 0
31399 0
31412 0
31420 1
31424 1
31439 1
31447 1
31448 0
31459 1
31465 1
31478 0
31485 0
31489 1
31490 1
31494 1
31499 1
31506 1
31521 0
31527 0
31539 1
31546 1
31557 1
31570 1
31577 1
31583 1
31595 0
31602 0
31613 1
31615 0
31630 0
31638 1
31639 0
31651 0
31658 0
31664 0
31673 0
31676 0
31685 1
31687 1
31691 1
31692 0
31699 1
31700 0
31713 0
31717 1
31718 0
31724 1
31730 0
31732 1
31736 0
31744 1
31747 1
31754 0
31758 1
31759 1
31770 0
31773 0
31777 0
31785 0
31788 0
31790 1
31791 1
31800 0
31811 1
31824 1
31838 0
31849 1
31853 0
31855 0
31866 1
31868 0
31881 0
31886 0
31891 0
31903 1
31910 0
31925 1
31927 1
31930 0
31931 0
31932 1
31937 0
31938 1
31941 1
31944 0
31948 1
31960 0
31963 1
31969 1
31977 1
31989 0
32000 0
32008 1
32011 1
32019 1
32027 1
32038 0
32053 1
32060 1
32068 0
32076 1
32085 0
32096 1
32102 0
32104 0
32108 1
32112 1
32121 1
32124 0
32138 0
32141 1
32144 0
32158 1
32160 1
32171 0
32178 1
32184 1
32189 0
32201 1
32208 0
32209 0
32222 0
32224 1
32236 1
32237 0
32252 0
32259 1
32266 1
32278 0
32290 0
32298 0
32301 0
32313 0
32322 1
32328 1
32332 1
32345 0
32347 1
32348 0
32363 1
32376 0
32390 1
32404 0
32417 0
32422 0
32430 0
32435 1
32449 1
32464 1
32466 1
32469 0
32473 1
32485 0
32489 1
32496 1
32499 1
32500 1
32504 1
32518 0
32531 0
32544 0
32557 0
32560 0
32571 0
32575 0
32590 0
32601 1
32608 1
32613 0
32626 0
32633 0
32638 1
32641 1
32650 1
32653 1
32654 0
32658 1
32666 1
32672 0
32693 1
32705 0
32720 1
32731 1
32745 0
32757 1
32770 0
32778 0
32791 1
32806 0
32820 0
32834 0
32848 1
32863 1
32878 1
32887 0
32899 1
32900 0
32905 0
32910 1
32924 1
32938 1
32944 1
32951 0
32958 1
32972 1
32979 1
32993 1
33008 1
33013 0
33019 1
33027 0
33035 0
33046 1
33051 0
33054 1
33066 1
33079 0
33080 0
33086 1
33097 1
33110 0
33116 0
33117 0
33131 1
33135 0
33149 1
33155 1
33162 0
33166 1
33171 0
33173 1
33182 1
33193 1
33194 0
33208 1
33211 1
33222 0
33226 0
33241 1
33244 1
33257 1
33271 0
33272 1
33286 0
33290 0
33298 1
33299 0
33304 0
33312 1
33325 1
33331 1
33338 1
33341 1
33342 1
33348 0
33363 0
33372 0
33374 1
33388 0
33413 0
33425 1
33438 1
33449 0
33451 1
33457 0
33462 1
33463 1
33478 1
33484 1
33488 0
33501 1
33502 1
33503 0
33516 0
33525 0
33539 1
33541 0
33543 0
33556 0
33564 0
33572 1
33580 0
33592 0
33597 0
33601 0
33607 0
33615 1
33618 1
33631 1
33633 1
33640 0
33649 1
33665 0
33678 1
33690 1
33693 0
33707 0
33708 0
33714 0
33723 1
33726 1
33733 0
33744 0
33753 0
33759 1
33764 1
33769 1
33780 1
33784 0
33799 0
33811 0
33823 0
33828 1
33830 0
33832 1
33836 1
33837 1
33845 0
33853 1
33859 1
33873 1
33881 1
33893 1
33895 0
33910 1
33918 1
33919 0
33932 1
33946 0
33957 0
33970 0
33974 1
33978 1
33989 0
34004 1
34007 1
34009 0
34023 1
34048 1
34060 0
34064 0
34078 0
34089 0
34093 0
34101 0
34104 1
34118 0
34123 0
34127 1
34141 0
34148 0
34150 1
34162 0
34177 0
34186 1
34199 0
34211 1
34225 1
34229 1
34230 1
34232 1
34236 1
34245 0
34247 0
34262 0
34264 1
34275 1
34288 0
34301 0
34310 0
34317 1
34318 1
34333 1
34339 1
34344 0
34363 1
34378 1
34383 0
34395 0
34406 0
34414 1
34432 1
34433 1
34434 1
34440 0
34453 0
34456 1
34471 1
34473 0
34478 1
34487 1
34501 1
34516 1
34518 0
34523 1
34536 1
34545 0
34547 0
34560 0
34564 1
34577 1
34585 0
34600 1
34611 1
34620 0
34623 0
34625 0
34631 0
34640 0
34643 0
34652 1
34659 1
34666 0
34678 1
34692 1
34698 0
34713 1
34724 1
34736 1
34743 1
34751 0
34754 1
34766 0
34777 0
34781 1
34795 1
34796 0
34797 1
34798 1
34800 0
34812 0
34820 1
34838 1
34851 0
34853 0
34868 1
34877 0
34901 0
34904 1
34910 0
34916 0
34918 0
34931 0
34934 0
34936 0
34942 1
34944 0
34946 1
34948 0
34959 0
34971 0
34977 0
34986 1
34990 0
34994 1
35003 1
35004 0
35007 0
35014 1
35016 0
35021 0
35034 0
35050 0
35053 1
35068 0
35083 0
35087 0
35089 1
35102 0
35106 1
35114 0
35122 0
35129 1
35141 1
35148 1
35155 1
35167 1
35178 0
35182 0
35193 0
35199 0
35206 1
35208 1
35221 1
35233 0
35238 1
35256 1
35267 1
35282 1
35293 0
35307 1
35311 0
35313 0
35341 0
35342 0
35353 0
35360 1
35361 1
35372 0
35386 1
35391 1
35403 0
35414 1
35419 0
35420 0
35422 1
35424 0
35431 0
35436 0
35443 0
35457 1
35470 0
35482 0
35496 1
35510 0
35514 1
35523 1
35526 0
35541 1
35542 1
35545 1
35547 1
35562 1
35576 1
35591 1
35593 1
35601 0
35612 1
35615 1
35626 0
35639 1
35644 0
35647 1
35660 0
35671 1
35674 1
35685 1
35686 0
35692 0
35693 0
35704 1
35712 1
35718 1
35720 1
35727 1
35728 1
35729 1
35742 0
35757 1
35759 0
35764 0
35771 0
35780 0
35786 1
35814 0
35823 1
35831 0
35851 1
35856 1
35860 1
35873 1
35874 0
35880 1
35895 1
35919 1
35934 0
35937 1
35946 1
35961 0
35974 1
35985 0
35996 1
35997 0
36012 0
36027 0
36038 0
36052 0
36066 0
36068 0
36075 0
36084 0
36098 0
36112 1
36116 0
36121 0
36144 0
36157 1
36172 0
36185 1
36199 1
36214 0
36221 1
36227 1
36238 0
36247 1
36255 1
36269 0
36278 1
36283 1
36290 0
36294 0
36305 1
36320 0
36323 0
36325 1
36332 0
36338 1
36341 0
36349 0
36350 1
36353 0
36367 0
36379 0
36386 1
36402 1
36413 1
36419 0
36434 1
36441 1
36442 1
36446 0
36447 0
36456 0
36468 0
36483 1
36492 0
36498 1
36527 0
36532 1
36535 1
36536 0
36549 1
36554 0
36582 0
36595 1
36606 1
36613 1
36615 1
36622 0
36637 0
36651 1
36659 1
36668 0
36675 1
36684 0
36688 1
36700 0
36712 0
36717 1
36737 1
36744 1
36756 0
36759 0
36773 1
36787 1
36793 0
36798 1
36805 0
36816 1
36819 1
36827 0
36840 1
36841 0
36854 1
36859 0
36866 0
36881 1
36886 1
36890 0
36903 0
36918 0
36925 1
36932 0
36944 1
36952 0
36963 0
36964 0
36979 0
36993 1
37004 0
37018 0
37027 0
37034 1
37039 0
37041 1
37042 0
37047 0
37052 0
37067 0
37071 0
37072 0
37081 0
37095 1
37110 1
37114 0
37115 1
37122 1
37133 0
37139 0
37147 0
37149 1
37158 1
37164 0
37167 0
37181 0
37186 0
37195 1
37201 1
37213 1
37217 1
37232 0
37244 0
37255 1
37267 1
37278 1
37290 1
37294 1
37300 0
37315 1
37316 1
37328 0
37341 0
37348 0
37360 0
37375 0
37376 0
37385 1
37390 1
37398 0
37412 1
37419 0
37426 0
37438 1
37446 1
37451 0
37462 0
37473 1
37475 0
37477 1
37479 1
37492 1
37494 0
37498 1
37503 0
37512 1
37521 0
37532 1
37546 0
37550 1
37551 1
37553 1
37558 1
37563 1
37574 1
37579 0
37581 1
37585 1
37598 1
37600 1
37602 1
37614 0
37622 1
37631 1
37645 1
37657 1
37659 0
37671 1
37675 0
37688 1
37696 0
37710 0
37725 1
37728 0
37742 1
37744 1
37758 0
37760 0
37761 0
37776 0
37790 1
37795 0
37808 1
37816 0
37828 0
37841 1
37855 1
37869 1
37881 0
37890 0
37902 0
37916 0
37920 0
37926 1
37932 0
37945 1
37953 0
37959 0
37962 1
37975 1
37988 0
37993 1
37995 0
37998 0
38006 0
38007 1
38014 1
38028 1
38042 1
38045 1
38053 0
38070 0
38076 1
38082 1
38095 1
38102 0
38113 1
38119 1
38132 1
38144 0
38159 0
38173 0
38187 0
38199 1
38201 1
38215 1
38221 1
38236 1
38241 0
38247 0
38253 0
38256 1
38261 1
38272 0
38286 1
38299 1
38314 0
38316 0
38318 1
38321 1
38335 1
38346 1
38357 1
38369 0
38372 0
38373 1
38380 1
38383 1
38389 1
38393 0
38404 1
38407 0
38411 1
38418 0
38430 1
38433 0
38435 0
38436 1
38440 1
38451 0
38463 0
38467 0
38471 1
38484 0
38490 0
38499 0
38511 0
38517 1
38523 1
38536 0
38542 0
38555 1
38566 1
38568 0
38583 0
38598 1
38611 0
38613 1
38616 1
38618 1
38633 1
38640 0
38642 0
38644 0
38652 0
38661 1
38668 0
38683 0
38687 1
38702 0
38706 1
38717 1
38731 1
38745 0
38758 1
38765 0
38773 1
38793 0
38797 0
38809 0
38818 1
38826 1
38841 1
38855 0
38859 1
38873 1
38888 0
38897 1
38905 0
38917 1
38929 0
38943 0
38955 1
38962 0
38970 1
38974 0
38985 1
38990 0
38998 1
39013 0
39016 0
39021 0
39030 0
39032 0
39043 1
39049 1
39064 1
39078 1
39080 1
39091 1
39097 1
39108 0
39117 1
39129 0
39144 0
39156 0
39171 0
39175 0
39189 1
39190 1
39205 0
39217 1
39225 0
39232 1
39234 0
39243 1
39255 1
39268 0
39283 1
39287 1
39298 0
39310 0
39322 1
39323 1
39337 1
39352 1
39363 1
39375 0
39383 0
39390 0
39405 1
39420 1
39431 1
39434 0
39439 1
39440 1
39443 1
39449 0
39460 1
39471 1
39483 0
39495 0
39500 1
39501 0
39507 0
39508 1
39520 1
39532 1
39544 1
39553 1
39565 1
39573 0
39588 1
39599 1
39602 0
39606 0
39611 1
39633 1
39645 0
39657 1
39662 1
39676 1
39679 1
39681 0
39684 0
39697 1
39702 1
39710 1
39722 0
39730 0
39738 0
39740 0
39745 0
39749 1
39750 0
39763 1
39775 1
39788 0
39791 0
39793 0
39804 1
39807 0
39813 1
39824 0
39825 1
39830 1
39832 0
39833 1
39844 1
39845 1
39853 1
39857 1
39869 1
39883 0
39891 1
39902 1
39907 0
39910 1
39912 0
39915 1
39917 1
39921 0
39923 1
39929 0
39937 0
39952 1
39956 0
39963 0
39977 0
39981 0
39983 0
39990 0
39994 1
40008 1
40016 0
40020 0
40023 0
40034 0
40046 1
40053 1
40066 0
40070 1
40078 0
40084 0
40088 1
40100 1
40103 1
40111 0
40115 1
40128 1
40136 0
40147 0
40156 0
40159 1
40174 0
40177 1
40188 1
40189 1
40196 0
40203 1
40208 0
40217 1
40220 1
40222 1
40225 1
40230 0
40241 1
40253 0
40258 1
40280 1
40282 1
40295 0
40308 1
40310 1
40323 0
40327 1
40331 1
40342 0
40347 1
40351 1
40362 0
40374 1
40381 1
40384 0
40385 0
40386 1
40389 0
40398 0
40406 1
40421 0
40423 0
40427 0
40432 0
40435 0
40446 1
40454 1
40466 0
40481 1
40496 0
40505 0
40511 0
40512 1
40513 0
40519 1
40531 0
40532 1
40545 0
40547 0
40551 0
40562 0
40564 1
40573 1
40581 1
40588 1
40592 1
40600 0
40603 0
40608 1
40616 0
40631 0
40632 0
40644 0
40653 1
40667 0
40673 1
40674 1
40679 0
40694 1
40705 1
40720 0
40721 0
40726 1
40748 0
40750 0
40765 0
40768 0
40770 0
40783 0
40796 0
40811 0
40824 0
40826 0
40839 0
40844 1
40853 1
40860 1
40875 1
40878 1
40886 1
40898 1
40909 1
40915 1
40926 1
40927 1
40931 0
40944 1
40953 0
40964 0
40978 1
40993 0
40996 1
40999 0
41005 0
41018 1
41021 1
41035 0
41043 1
41048 1
41057 1
41064 0
41066 1
41069 1
41080 1
41092 0
41105 1
41111 1
41123 1
41131 1
41139 0
41142 1
41153 1
41166 1
41177 1
41178 1
41185 0
41186 0
41191 1
41200 1
41214 1
41221 1
41226 0
41240 1
41244 1
41258 1
41271 0
41284 1
41287 1
41289 0
41292 1
41295 1
41307 0
41315 1
41330 1
41332 1
41345 0
41346 0
41360 0
41371 1
41375 1
41388 1
41399 0
41412 0
41416 1
41430 0
41441 0
41447 1
41453 0
41456 1
41470 0
41476 0
41488 1
41494 0
41501 1
41509 1
41524 0
41539 1
41541 1
41555 1
41557 1
41565 0
41570 0
41577 1
41585 1
41597 0
41601 1
41613 0
41619 0
41633 0
41640 0
41645 0
41656 1
41663 0
41689 1
41702 1
41706 0
41711 0
41723 0
41738 1
41752 0
41760 1
41781 0
41787 0
41788 1
41801 1
41803 0
41806 0
41809 1
41811 1
41824 1
41827 1
41833 1
41842 1
41857 0
41864 1
41871 0
41875 1
41880 0
41894 1
41908 1
41911 0
41923 1
41932 0
41940 0
41953 1
41968 1
41979 1
41980 1
41982 0
41984 1
41988 1
42000 0
42011 1
42018 0
42019 1
42027 1
42038 1
42050 0
42056 1
42068 1
42070 1
42075 0
42086 1
42099 1
42102 0
42111 1
42116 0
42124 1
42133 0
42148 0
42157 1
42172 0
42177 0
42178 1
42179 0
42192 0
42195 0
42200 0
42203 1
42207 0
42215 1
42223 1
42234 1
42246 0
42251 0
42253 0
42256 0
42263 1
42268 0
42275 1
42280 0
42289 1
42303 1
42305 0
42309 0
42322 0
42336 0
42348 1
42356 0
42361 0
42362 1
42370 0
42371 1
42384 1
42390 0
42405 1
42407 1
42421 0
42432 0
42447 0
42461 1
42467 0
42475 0
42482 0
42493 1
42494 1
42496 0
42502 0
42510 1
42513 0
42525 1
42540 1
42555 1
42558 0
42569 1
42582 1
42590 0
42599 1
42613 0
42621 1
42639 1
42651 1
42654 0
42657 0
42662 1
42666 0
42674 1
42681 0
42688 0
42703 1
42711 0
42722 0
42736 0
42747 1
42756 1
42771 1
42777 0
42780 1
42795 1
42809 0
42815 1
42829 1
42837 0
42843 0
42844 1
42846 0
42847 0
42851 0
42863 1
42877 1
42891 1
42898 1
42900 0
42901 1
42907 0
42919 1
42928 0
42940 1
42945 0
42956 0
42971 0
42975 0
42989 1
43002 1
43006 0
43007 0
43019 1
43028 1
43030 1
43037 0
43051 0
43059 0
43066 1
43075 0
43084 0
43095 1
43099 1
43102 0
43114 1
43117 1
43120 0
43132 0
43143 0
43151 1
43152 0
43163 0
43176 0
43191 0
43193 1
43197 1
43209 1
43221 0
43227 1
43234 0
43247 1
43259 1
43272 1
43281 1
43296 1
43303 0
43309 0
43311 1
43324 1
43328 0
43339 0
43340 1
43341 1
43343 0
43357 0
43372 1
43381 1
43383 1
43397 1
43402 0
43410 0
43417 1
43423 1
43425 1
43437 1
43452 1
43461 1
43472 0
43484 0
43485 1
43499 1
43501 1
43516 1
43519 1
43526 1
43532 1
43543 1
43552 0
43556 1
43561 1
43566 1
43569 1
43575 0
43586 1
43594 1
43602 1
43606 1
43607 0
43620 0
43623 1
43624 0
43639 0
43658 1
43665 1
43671 0
43680 0
43691 0
43699 0
43704 1
43705 1
43714 0
43728 1
43737 1
43738 1
43753 0
43756 1
43765 0
43777 0
43780 1
43782 1
43791 1
43805 0
43817 0
43826 0
43835 1
43844 1
43853 0
43866 1
43877 1
43890 0
43903 0
43912 1
43916 0
43932 0
43938 1
43945 0
43949 0
43960 1
43965 1
43967 1
43976 0
43988 0
43993 1
43996 1
44001 0
44003 0
44007 0
44021 1
44023 0
44032 1
44040 1
44055 0
44067 1
44079 0
44094 0
44108 0
44119 1
44128 1
44130 0
44135 0
44142 0
44156 1
44165 0
44169 0
44180 1
44183 0
44194 0
44209 1
44214 1
44228 0
44237 0
44248 1
44263 0
44274 1
44280 0
44291 1
44298 1
44301 1
44305 0
44307 0
44312 1
44313 0
44318 0
44324 0
44335 1
44348 0
44356 0
44364 0
44376 1
44379 0
44390 1
44407 1
44413 1
44414 0
44416 1
44429 1
44442 1
44455 0
44470 0
44481 0
44486 1
44488 1
44490 0
44497 0
44503 0
44508 0
44522 1
44537 1
44540 0
44543 0
44549 1
44556 1
44559 0
44570 0
44574 1
44583 1
44587 0
44598 0
44601 0
44604 1
44613 0
44618 0
44640 0
44655 0
44659 1
44673 1
44687 0
44701 0
44707 1
44716 1
44731 1
44739 0
44753 0
44760 1
44765 1
44778 0
44786 0
44795 0
44799 1
44810 0
44813 0
44824 1
44836 1
44841 1
44852 0
44866 1
44871 1
44873 0
44874 0
44878 1
44890 1
44904 1
44915 1
44919 0
44934 1
44941 0
44950 1
44956 1
44971 1
44980 0
44983 0
44998 1
45002 0
45013 1
45014 0
45019 1
45020 0
45031 0
45038 0
45053 0
45056 0
45060 1
45071 0
45072 0
45079 0
45090 1
45099 1
45114 1
45127 1
45128 1
45135 1
45147 1
45162 1
45166 1
45179 0
45187 1
45190 0
45203 1
45210 0
45221 0
45235 0
45240 1
45244 1
45253 0
45260 0
45271 1
45285 1
45299 1
45312 0
45326 0
45332 0
45347 0
45358 1
45365 1
45368 0
45382 0
45396 1
45400 1
45415 0
45417 0
45430 1
45445 0
45449 1
45464 1
45478 1
45489 0
45495 1
45503 0
45514 0
45516 1
45522 1
45535 0
45542 1
45556 1
45567 0
45571 1
45572 0
45579 0
45580 0
45586 0
45590 1
45603 0
45618 0
45629 0
45642 1
45657 1
45659 1
45672 1
45677 1
45684 1
45688 0
45702 1
45707 1
45715 0
45730 0
45732 1
45743 1
45755 0
45764 0
45768 0
45775 1
45782 0
45795 0
45797 1
45798 0
45805 0
45818 0
45821 0
45834 0
45838 0
45839 0
45848 1
45855 0
45856 0
45871 1
45880 0
45884 1
45896 1
45908 0
45916 0
45931 1
45940 0
45953 1
45957 0
45968 1
45986 1
45999 0
46001 0
46006 1
46007 1
46014 0
46019 0
46034 0
46045 1
46048 0
46062 1
46063 0
46064 0
46079 0
46092 0
46096 0
46099 1
46100 0
46114 0
46123 0
46127 0
46139 1
46141 0
46156 1
46182 0
46185 1
46200 1
46202 1
46203 0
46216 1
46219 1
46224 0
46235 1
46237 1
46248 1
46249 0
46254 1
46261 1
46263 1
46267 1
46281 1
46290 1
46302 0
46314 0
46328 0
46343 1
46352 1
46358 0
46363 0
46367 1
46374 0
46381 1
46383 1
46396 0
46410 1
46416 1
46417 0
46421 1
46428 1
46432 0
46447 0
46453 1
46468 1
46470 1
46475 0
46477 0
46479 0
46494 0
46502 1
46508 1
46517 0
46522 1
46529 1
46540 1
46549 1
46562 1
46570 0
46573 1
46579 1
46581 0
46593 1
46601 0
46605 0
46607 0
46618 1
46619 0
46633 1
46644 1
46649 0
46657 0
46668 0
46679 0
46690 1
46699 0
46713 0
46714 0
46728 1
46733 1
46739 0
46759 0
46760 0
46774 0
46787 0
46799 1
46805 1
46809 0
46818 1
46824 1
46832 0
46839 1
46840 0
46842 0
46851 1
46854 0
46859 0
46863 1
46864 0
46877 0
46886 1
46890 0
46892 1
46893 0
46896 0
46901 1
46910 1
46915 1
46924 0
46930 1
46943 0
46949 0
46956 0
46959 0
46970 0
46985 1
46988 1
46993 0
47005 0
47018 1
47027 0
47039 1
47052 1
47058 1
47067 1
47074 0
47083 1
47110 1
47112 0
47117 0
47124 0
47132 1
47147 0
47162 1
47175 0
47177 0
47180 1
47191 1
47204 1
47212 0
47220 0
47233 1
47236 1
47244 1
47248 0
47255 1
47268 1
47274 0
47277 0
47283 0
47292 1
47317 0
47331 0
47339 0
47353 0
47367 0
47379 1
47384 0
47387 1
47391 1
47395 0
47410 1
47413 0
47434 0
47441 0
47456 1
47463 1
47464 0
47470 1
47483 0
47490 0
47502 0
47515 1
47522 1
47530 1
47532 0
47536 1
47537 1
47544 1
47545 1
47553 1
47562 0
47567 1
47574 1
47581 0
47585 1
47592 1
47593 1
47599 1
47602 1
47611 0
47620 0
47633 0
47635 0
47643 0
47650 0
47665 1
47668 0
47670 0
47673 1
47688 0
47700 0
47708 0
47715 0
47728 0
47739 0
47742 1
47755 1
47759 1
47772 0
47773 0
47774 0
47777 0
47780 0
47784 1
47793 0
47801 1
47802 0
47807 0
47809 1
47816 0
47824 1
47837 0
47852 0
47861 1
47864 1
47878 1
47887 0
47896 1
47909 0
47924 1
47938 1
47946 0
47953 1
47965 0
47977 1
47986 0
47992 0
47997 0
48002 1
48014 1
48018 1
48032 1
48039 1
48054 1
48061 0
48073 0
48077 1
48084 1
48093 0
48096 1
48100 0
48115 1
48129 1
48133 1
48146 1
48160 0
48166 1
48169 0
48181 0
48187 0
48200 1
48211 1
48224 0
48233 0
48246 0
48258 1
48270 0
48276 0
48277 1
48282 1
48297 0
48311 0
48320 1
48333 1
48339 1
48344 0
48356 1
48365 0
48371 0
48383 0
48394 0
48400 1
48415 1
48420 0
48426 1
48441 1
48443 1
48455 0
48457 1
48463 0
48469 0
48472 0
48473 0
48486 1
48490 1
48496 0
48509 1
48515 0
48517 0
48518 0
48531 1
48539 0
48553 1
48558 0
48560 0
48562 0
48567 0
48580 1
48584 1
48599 0
48607 1
48614 0
48627 1
48638 1
48644 1
48648 1
48652 1
48653 1
48662 0
48667 0
48671 0
48677 1
48684 1
48698 0
48712 1
48719 1
48726 0
48737 0
48745 0
48751 1
48754 1
48761 1
48766 0
48770 1
48785 1
48814 0
48827 0
48842 0
48857 0
48862 1
48873 0
48875 1
48888 1
48889 0
48893 1
48902 1
48915 0
48929 1
48932 0
48941 0
48947 1
48959 0
48974 1
48988 0
49001 0
49013 0
49018 1
49020 1
49025 0
49026 1
49040 1
49048 1
49056 1
49060 0
49074 0
49077 1
49090 1
49102 1
49114 1
49115 1
49118 0
49119 1
49127 1
49142 1
49153 1
49155 0
49161 0
49167 0
49181 0
49183 0
49187 1
49194 1
49195 1
49201 0
49202 1
49207 0
49211 1
49222 1
49237 1
49252 0
49264 1
49268 1
49270 1
49284 0
49298 1
49306 1
49317 1
49332 0
49340 0
49348 0
49351 1
49362 0
49369 0
49371 1
49386 1
49399 0
49413 0
49418 1
49430 0
49445 1
49450 0
49453 1
49466 0
49467 1
49470 0
49483 1
49494 1
49509 1
49513 0
49520 1
49540 1
49554 0
49568 1
49573 0
49582 0
49595 1
49608 1
49622 1
49635 0
49636 1
49647 0
49668 1
49674 1
49686 1
49687 0
49691 0
49699 1
49712 0
49725 1
49730 1
49743 0
49749 0
49752 1
49766 0
49780 0
49786 1
49799 0
49807 1
49818 0
49831 1
49836 1
49840 0
49853 0
49857 0
49864 1
49868 1
49880 1
49883 0
49888 1
49903 1
49910 1
49916 0
49925 1
49938 1
49942 1
49956 0
49962 0
49969 0
49984 1
49985 0
49992 0
50005 1
50017 1
50024 1
50026 1
50032 1
50034 0
50045 1
50056 1
50059 1
50066 0
50071 0
50074 0
50075 0
50078 1
50092 0
50108 0
50122 1
50125 0
50127 0
50131 1
50134 0
50146 0
50153 0
50159 0
50160 1
50165 1
50178 0
50184 1
50208 1
50214 1
50223 1
50230 1
50243 0
50258 1
50263 0
50267 1
50281 0
50294 0
50303 0
50317 1
50326 1
50330 1
50331 0
50336 1
50339 0
50348 0
50363 1
50372 0
50376 0
50389 0
50403 0
50404 1
50408 0
50411 0
50415 1
50424 1
50431 0
50438 1
50449 0
50468 0
50473 1
50482 0
50484 1
50486 0
50493 1
50506 0
50508 0
50509 1
50517 1
50519 0
50531 0
50543 0
50548 0
50549 1
50564 0
50592 0
50595 1
50606 0
50619 0
50627 1
50632 1
50640 1
50645 0
50653 1
50668 0
50689 0
50692 1
50705 1
50707 1
50709 0
50713 0
50716 0
50736 1
50749 1
50750 0
50751 0
50758 0
50767 0
50773 1
50778 1
50780 0
50782 1
50787 0
50788 0
50796 1
50804 0
50817 1
50823 1
50831 0
50838 0
50844 0
50855 1
50868 1
50882 0
50886 1
50893 1
50898 1
50904 1
50919 1
50934 0
50945 1
50947 0
50952 1
50967 0
50978 1
50993 1
51004 0
51006 0
51011 0
51022 1
51025 0
51030 1
51037 0
51048 0
51051 1
51053 1
51054 1
51057 1
51060 1
51074 0
51082 1
51090 1
51099 0
51108 0
51113 0
51124 0
51132 1
51136 0
51140 0
51158 0
51169 1
51172 1
51181 0
51183 1
51190 0
51203 1
51204 1
51217 1
51221 0
51223 1
51230 1
51237 1
51251 0
51265 1
51266 1
51275 0
51284 0
51293 0
51308 0
51319 1
51323 0
51326 0
51334 0
51348 1
51349 0
51360 0
51372 1
51387 1
51396 0
51400 1
51414 1
51421 0
51430 1
51445 0
51448 1
51457 0
51469 0
51474 1
51487 1
51492 0
51500 1
51504 1
51512 1
51519 0
51526 0
51530 0
51532 1
51544 0
51559 0
51562 0
51565 1
51570 0
51577 0
51584 1
51590 1
51602 0
51607 1
51611 1
51618 0
51625 1
51634 0
51646 0
51658 1
51665 0
51666 0
51667 1
51678 1
51692 0
51701 1
51708 1
51715 0
51739 1
51741 1
51747 1
51749 0
51754 1
51755 1
51757 0
51771 1
51777 0
51792 0
51797 0
51806 0
51819 0
51828 0
51832 1
51841 1
51855 1
51859 1
51863 1
51872 0
51877 0
51889 1
51904 1
51913 1
51917 1
51928 0
51941 1
51945 0
51948 1
51960 1
51965 0
51966 1
51967 1
51982 0
51986 0
51992 1
51993 0
51996 1
52011 1
52020 0
52035 0
52039 0
52043 0
52048 0
52051 0
52054 0
52058 0
52073 1
52084 0
52093 0
52095 1
52109 1
52114 1
52127 1
52141 0
52146 0
52155 0
52168 0
52182 1
52197 0
52204 0
52219 1
52222 1
52233 0
52248 0
52260 0
52269 1
52272 1
52283 1
52289 0
52291 1
52303 0
52308 0
52323 0
52331 1
52340 1
52342 0
52345 0
52351 1
52358 0
52370 0
52385 1
52387 0
52400 1
52403 0
52404 1
52411 1
52424 1
52435 0
52446 1
52448 0
52451 1
52465 0
52474 1
52489 1
52491 0
52492 0
52503 1
52506 1
52513 0
52524 1
52546 0
52553 0
52557 0
52562 1
52570 1
52575 0
52577 1
52592 1
52593 1
52610 1
52619 1
52624 0
52638 1
52647 0
52653 0
52658 0
52670 0
52671 1
52675 1
52679 1
52683 1
52684 0
52696 0
52699 1
52712 1
52718 0
52719 0
52733 0
52736 1
52738 1
52745 1
52747 1
52748 0
52751 1
52766 0
52769 0
52775 1
52787 1
52796 1
52799 1
52811 0
52826 1
52841 0
52842 0
52844 1
52859 0
52874 0
52887 0
52891 0
52895 0
52907 1
52919 0
52930 1
52943 0
52954 0
52968 1
52979 1
52982 1
52989 1
52995 0
52997 1
53003 1
53014 0
53021 1
53022 0
53030 1
53031 1
53037 0
53060 1
53064 1
53069 0
53099 1
53101 1
53108 1
53116 0
53123 1
53136 1
53140 0
53153 0
53160 1
53166 0
53179 0
53191 1
53196 1
53198 0
53201 0
53205 1
53210 1
53212 0
53221 1
53228 1
53239 0
53246 0
53247 0
53250 1
53255 0
53268 0
53277 0
53282 1
53285 1
53288 0
53299 0
53308 0
53313 0
53314 0
53318 0
53322 1
53336 1
53339 1
53353 1
53365 0
53378 1
53390 1
53399 0
53411 1
53419 1
53432 1
53447 1
53455 1
53459 0
53470 0
53484 0
53491 0
53502 1
53506 0
53508 0
53513 0
53517 1
53520 1
53526 0
53531 1
53533 0
53547 1
53555 1
53557 0
53572 1
53577 0
53590 1
53601 1
53604 0
53612 1
53627 0
53638 1
53666 1
53679 0
53693 0
53701 0
53707 1
53714 0
53726 0
53735 0
53748 0
53760 1
53767 0
53782 0
53783 0
53790 0
53796 0
53799 0
53812 1
53824 1
53828 1
53842 0
53848 0
53854 0
53857 1
53865 1
53879 1
53884 1
53897 1
53909 1
53914 0
53927 1
53933 1
53937 1
53946 0
53951 0
53952 0
53953 1
53964 1
53967 1
53969 0
53978 1
53980 0
53991 0
54003 0
54018 0
54029 0
54035 1
54036 0
54040 1
54051 1
54064 0
54077 1
54086 0
54100 0
54105 1
54112 1
54124 1
54130 1
54135 1
54149 1
54160 1
54174 1
54186 1
54197 0
54199 1
54206 0
54217 0
54223 0
54229 1
54244 0
54255 1
54272 1
54286 1
54298 0
54309 0
54316 0
54329 0
54344 0
54346 0
54357 0
54360 0
54364 0
54369 1
54372 1
54379 1
54384 0
54398 1
54405 1
54406 1
54411 0
54419 0
54434 1
54442 0
54449 1
54460 0
54466 1
54468 1
54477 0
54481 1
54488 1
54494 0
54499 0
54514 0
54520 1
54527 0
54538 1
54542 1
54556 1
54567 1
54570 1
54583 1
54584 0
54588 1
54599 0
54602 0
54610 1
54611 1
54618 1
54619 0
54632 0
54634 0
54645 1
54647 1
54651 1
54665 1
54672 0
54681 1
54688 1
54695 0
54700 1
54711 0
54714 1
54720 1
54729 1
54742 1
54764 1
54766 1
54771 0
54774 0
54775 1
54776 0
54787 1
54789 1
54794 0
54805 1
54810 0
54823 0
54835 0
54838 1
54847 1
54849 1
54857 1
54860 0
54865 1
54877 0
54889 1
54893 1
54902 1
54913 1
54920 1
54922 0
54926 0
54928 1
54935 1
54949 0
54963 0
54976 1
54991 1
55003 0
55011 0
55019 1
55023 0
55043 0
55058 0
55062 0
55077 0
55089 1
55092 1
55095 0
55099 1
55112 1
55128 1
55143 0
55158 0
55171 1
55174 1
55189 0
55195 1
55208 1
55215 0
55229 0
55241 1
55244 0
55257 0
55272 0
55286 0
55301 0
55307 1
55318 0
55322 0
55324 1
55331 1
55345 1
55358 1
55362 1
55369 0
55370 1
55384 1
55386 0
55393 1
55405 0
55417 1
55432 0
55445 0
55448 0
55451 1
55464 1
55473 1
55486 1
55488 1
55503 1
55510 1
55519 1
55524 0
55538 0
55540 1
55545 0
55557 0
55572 0
55573 1
55578 1
55605 1
55614 0
55628 0
55642 1
55648 1
55655 0
55662 0
55665 1
55677 0
55698 0
55706 0
55717 1
55722 1
55735 0
55738 0
55744 0
55755 0
55763 0
55764 1
55776 1
55782 0
55788 1
55793 1
55811 0
55824 0
55825 1
55829 0
55836 1
55844 0
55850 0
55852 1
55867 1
55870 0
55879 0
55891 0
55905 1
55919 0
55924 0
55939 1
55945 0
55958 0
55967 1
55981 0
55986 0
55995 1
56008 1
56017 1
56026 0
56028 0
56036 1
56049 0
56057 1
56058 1
56072 0
56079 0
56086 0
56095 1
56117 0
56131 1
56139 0
56145 0
56158 1
56167 1
56173 1
56188 1
56193 1
56207 0
56208 0
56216 0
56225 1
56229 1
56234 0
56248 1
56252 1
56259 1
56262 0
56266 0
56281 1
56287 1
56294 0
56305 0
56316 0
56318 1
56325 1
56329 0
56332 0
56344 1
56358 1
56371 1
56385 0
56394 0
56409 1
56414 1
56429 1
56435 0
56438 0
56453 1
56457 0
56462 1
56463 0
56477 0
56479 1
56486 1
56498 0
56502 0
56511 0
56525 1
56530 1
56543 1
56547 0
56562 0
56568 1
56570 1
56584 1
56589 0
56603 0
56618 1
56623 0
56642 0
56644 0
56651 0
56657 0
56670 1
56674 0
56675 1
56677 1
56680 1
56688 0
56702 0
56716 1
56719 0
56731 1
56734 0
56738 1
56739 0
56751 1
56762 0
56770 1
56778 1
56779 1
56782 0
56787 0
56790 0
56795 0
56809 0
56824 1
56829 0
56833 1
56845 1
56859 0
56866 0
56878 1
56881 1
56886 1
56892 0
56897 0
56908 0
56923 1
56924 1
56928 1
56937 1
56942 1
56946 0
56958 0
56966 1
56979 0
56994 0
57005 0
57014 1
57020 0
57033 0
57041 1
57054 0
57068 1
57069 0
57080 1
57083 0
57096 0
57100 0
57105 0
57120 1
57129 0
57136 0
57144 0
57149 0
57158 0
57166 0
57178 0
57184 1
57187 0
57195 0
57202 1
57209 1
57212 0
57218 0
57226 0
57228 0
57229 0
57235 0
57236 1
57237 0
57252 1
57253 0
57255 0
57261 1
57272 0
57281 0
57295 0
57301 1
57307 0
57316 0
57325 1
57330 0
57338 1
57339 1
57353 1
57364 1
57376 0
57391 1
57402 1
57407 0
57409 1
57410 1
57415 1
57423 1
57430 0
57439 1
57450 0
57454 1
57457 0
57465 1
57480 0
57493 0
57502 1
57507 0
57521 1
57526 0
57537 1
57538 1
57544 0
57555 1
57562 1
57567 1
57574 0
57576 0
57591 0
57592 1
57605 1
57611 1
57613 1
57626 1
57627 1
57638 0
57647 0
57648 0
57662 1
57674 1
57683 0
57689 1
57697 0
57705 1
57717 0
57731 1
57742 1
57751 0
57759 0
57771 0
57782 1
57790 0
57801 1
57814 1
57825 0
57828 0
57834 0
57836 1
57849 0
57873 0
57886 0
57892 0
57905 1
57908 0
57923 0
57937 1
57939 1
57945 1
57957 0
57971 0
57978 0
57980 1
57992 0
57995 0
58003 1
58004 1
58016 1
58027 1
58042 0
58049 1
58057 1
58069 1
58084 0
58093 1
58108 0
58119 1
58130 0
58132 1
58147 1
58152 1
58155 1
58168 1
58176 0
58185 0
58190 0
58195 0
58197 1
58198 0
58200 1
58206 0
58207 0
58212 1
58221 1
58226 0
58227 1
58232 1
58237 0
58250 1
58257 1
58260 0
58268 0
58283 1
58286 0
58297 0
58299 0
58313 0
58315 0
58329 1
58335 1
58336 0
58347 1
58359 1
58366 0
58381 1
58386 1
58390 1
58391 1
58396 0
58402 1
58415 0
58419 1
58433 0
58444 0
58448 1
58453 0
58468 0
58481 0
58492 1
58501 1
58510 0
58514 1
58528 1
58530 1
58542 1
58557 0
58559 1
58570 0
58572 1
58587 1
58610 0
58619 0
58633 0
58638 0
58642 1
58655 1
58660 0
58687 1
58688 0
58700 0
58709 0
58717 0
58730 0
58731 0
58735 1
58739 1
58744 0
58759 1
58760 1
58765 1
58772 1
58787 1
58793 0
58808 0
58822 1
58836 1
58843 0
58854 1
58867 0
58871 0
58880 1
58895 1
58908 1
58910 1
58916 0
58919 0
58923 1
58938 1
58951 1
58957 0
58968 0
58974 0
58983 0
58988 0
59001 1
59013 0
59020 1
59026 0
59034 0
59040 1
59042 0
59053 1
59066 0
59067 1
59074 1
59088 0
59102 1
59109 0
59131 0
59136 0
59137 0
59144 1
59146 0
59159 1
59170 0
59172 1
59178 0
59181 1
59184 1
59199 0
59214 0
59228 0
59234 0
59240 1
59252 1
59256 0
59265 0
59276 1
59282 0
59283 0
59297 1
59300 1
59309 0
59322 1
59324 0
59337 1
59351 1
59358 0
59365 0
59372 0
59386 0
59391 1
59405 1
59409 1
59417 1
59422 0
59435 0
59444 0
59449 0
59452 1
59460 0
59465 1
59474 1
59481 1
59489 0
59504 1
59518 1
59521 1
59528 1
59533 0
59544 0
59549 1
59550 1
59559 1
59574 1
59578 1
59592 0
59605 0
59611 1
59622 1
59636 0
59649 1
59657 0
59663 1
59670 0
59686 0
59688 1
59693 1
59697 0
59711 1
59718 1
59721 0
59729 0
59740 0
59755 0
59768 1
59782 1
59795 0
59810 0
59811 0
59825 1
59836 1
59841 1
59854 1
59861 1
59868 1
59880 1
59891 1
59898 0
59905 0
59908 0
59923 1
59937 1
59941 1
59954 0
59968 1
59980 0
59981 0
59993 1
60004 1
60017 0
60023 0
60026 1
60035 0
60041 0
60050 0
60058 0
60067 0
60072 1
60080 1
60089 1
60091 1
60100 1
60101 1
60116 0
60122 0
60125 1
60129 0
60144 1
60156 1
60164 0
60173 1
60181 1
60182 0
60196 0
60205 1
60210 0
60214 0
60228 0
60230 1
60236 1
60242 1
60253 1
60258 0
60261 1
60272 0
60280 1
60291 1
60302 1
60308 1
60316 1
60321 0
60322 1
60335 0
60343 1
60347 1
60352 0
60363 0
60365 0
60376 1
60388 0
60401 0
60404 1
60406 0
60417 1
60430 0
60435 1
60437 1
60446 1
60453 0
60460 1
60475 0
60487 1
60491 1
60497 0
60502 0
60503 0
60515 1
60529 0
60530 0
60533 1
60537 1
60549 0
60557 1
60564 1
60568 1
60572 1
60583 0
60594 1
60600 1
60602 1
60603 0
60608 1
60614 1
60621 0
60635 1
60648 0
60662 0
60673 1
60686 0
60697 1
60703 0
60714 0
60728 1
60735 1
60749 1
60754 1
60759 1
60761 0
60772 0
60774 0
60780 0
60792 0
60797 0
60809 1
60817 0
60825 0
60828 1
60830 1
60833 1
60841 1
60842 1
60850 1
60859 1
60867 0
60872 0
60875 1
60877 1
60890 1
60892 0
60901 1
60912 1
60919 1
60925 1
60936 1
60951 0
60962 0
60966 0
60977 1
60991 1
60993 0
61007 1
61009 0
61020 0
61026 0
61031 1
61045 0
61048 0
61054 1
61067 1
61075 0
61086 1
61088 0
61095 0
61108 0
61121 0
61127 1
61130 1
61136 0
61137 0
61149 1
61152 1
61160 0
61167 1
61174 0
61180 1
61182 0
61197 0
61211 0
61220 0
61232 1
61236 1
61251 0
61255 0
61263 0
61270 0
61277 0
61279 1
61283 0
61298 1
61301 1
61312 1
61318 0
61320 1
61329 0
61343 1
61351 1
61363 1
61376 0
61378 0
61393 1
61407 0
61413 0
61416 0
61429 1
61432 0
61437 0
61445 1
61448 1
61457 0
61475 1
61483 0
61489 1
61496 0
61509 1
61513 0
61525 0
61536 0
61539 1
61540 1
61555 1
61567 1
61576 0
61585 1
61599 1
61602 1
61606 1
61619 0
61625 0
61636 1
61648 0
61663 1
61667 0
61669 1
61684 0
61692 1
61699 1
61703 1
61707 0
61715 0
61729 0
61740 1
61745 1
61747 0
61760 1
61778 1
61779 1
61794 0
61807 0
61808 0
61813 1
61815 1
61833 1
61846 1
61854 1
61869 1
61877 1
61885 1
61900 0
61904 0
61905 0
61916 0
61919 0
61920 1
61927 1
61941 0
61946 0
61953 1
61957 0
61969 0
61977 0
61986 1
61999 0
62001 0
62005 0
62016 1
62025 1
62031 0
62038 0
62043 1
62047 0
62059 0
62064 1
62065 0
62073 0
62081 0
62082 1
62085 1
62092 0
62093 1
62095 1
62101 0
62103 0
62106 1
62112 1
62116 0
62120 0
62144 1
62145 1
62151 0
62163 1
62169 0
62171 0
62179 1
62183 0
62194 1
62199 0
62208 1
62212 1
62217 1
62219 1
62225 1
62229 1
62244 0
62250 0
62265 0
62279 1
62280 1
62294 1
62308 0
62309 1
62322 1
62324 0
62339 0
62350 0
62361 1
62370 0
62385 0
62396 0
62399 1
62403 1
62404 1
62410 0
62419 1
62432 1
62433 0
62447 1
62459 1
62468 1
62476 1
62483 0
62487 1
62501 1
62509 1
62521 1
62523 1
62534 1
62549 0
62557 0
62562 1
62573 1
62574 0
62575 0
62581 0
62596 1
62605 1
62610 1
62613 1
62626 1
62629 0
62644 1
62653 0
62658 0
62672 1
62674 1
62688 1
62693 1
62708 1
62719 0
62731 1
62739 0
62743 0
62756 1
62768 1
62769 1
62770 1
62782 0
62795 0
62807 1
62808 0
62811 0
62818 0
62823 0
62825 0
62836 0
62840 1
62841 1
62862 1
62868 0
62870 1
62879 1
62883 0
62898 1
62912 1
62919 0
62923 1
62934 0
62945 1
62947 0
62949 1
62960 1
62973 0
62979 1
62980 1
62984 0
62998 0
63007 0
63016 0
63023 1
63025 0
63036 1
63051 1
63059 0
63068 0
63074 1
63097 1
63110 1
63111 1
63120 1
63125 1
63128 0
63137 1
63143 0
63145 1
63147 0
63154 1
63159 0
63171 1
63184 1
63191 1
63197 0
63213 1
63221 0
63238 1
63241 1
63245 1
63259 0
63263 1
63265 0
63266 1
63270 0
63281 1
63286 1
63291 1
63304 0
63305 1
63320 0
63332 1
63351 1
63360 0
63362 0
63371 1
63378 0
63385 0
63390 1
63403 1
63418 1
63426 0
63431 1
63432 0
63436 1
63450 0
63453 0
63466 0
63475 0
63482 0
63488 0
63502 0
63517 0
63532 1
63545 1
63546 1
63548 1
63550 0
63563 1
63567 0
63572 1
63586 0
63589 1
63603 0
63609 0
63620 0
63631 0
63644 1
63653 0
63667 1
63675 0
63683 1
63690 0
63703 1
63714 0
63728 0
63733 0
63737 1
63741 1
63756 0
63764 1
63777 0
63784 1
63795 0
63802 1
63811 0
63816 1
63828 0
63833 1
63844 1
63850 0
63866 1
63873 1
63876 1
63880 0
63885 0
63900 0
63913 1
63914 0
63919 0
63931 1
63935 1
63942 0
63964 1
63968 0
63976 0
63980 1
63989 0
64005 1
64017 1
64022 1
64028 0
64035 0
64036 0
64043 0
64057 0
64071 0
64083 0
64087 0
64092 1
64095 0
64106 0
64119 0
64132 0
64140 1
64147 1
64162 1
64173 0
64177 0
64181 1
64182 0
64196 0
64199 1
64201 0
64208 1
64220 1
64223 1
64236 1
64249 0
64257 0
64262 1
64264 1
64276 1
64289 1
64291 0
64295 1
64307 0
64319 1
64326 0
64335 1
64340 1
64351 1
64363 1
64368 1
64371 0
64372 1
64379 0
64383 0
64389 1
64401 1
64414 0
64420 0
64426 0
64432 1
64448 1
64451 1
64453 0
64454 0
64457 1
64458 1
64469 1
64472 0
64475 0
64477 1
64478 1
64489 1
64491 1
64506 1
64521 0
64530 1
64542 0
64546 0
64551 1
64581 1
64592 0
64596 1
64611 0
64620 0
64628 1
64631 1
64642 0
64647 1
64658 0
64659 1
64665 0
64680 0
64687 1
64688 1
64695 1
64706 0
64708 1
64712 0
64720 0
64732 1
64747 1
64762 0
64768 0
64780 0
64785 0
64787 0
64800 1
64815 0
64827 1
64832 0
64839 0
64851 1
64854 1
64869 0
64883 1
64898 1
64901 1
64904 1
64906 1
64912 1
64921 1
64934 0
64936 0
64947 1
64955 1
64970 0
64984 1
64986 1
64987 0
64990 1
65004 0
65019 0
65023 0
65025 0
65039 0
65050 0
65052 1
65064 0
65077 1
65078 0
65090 0
65094 0
65095 1
65101 0
65116 0
65127 1
65135 0
65152 0
65158 1
65166 1
65181 1
65183 1
65187 0
65190 1
65199 1
65205 1
65208 1
65212 0
65215 1
65221 0
65223 1
65225 1
65237 1
65244 0
65251 1
65276 1
65277 0
65285 0
65300 1
65309 1
65320 1
65326 0
65334 1
65338 0
65347 1
65352 1
65357 0
65385 1
65390 1
65403 0
65404 0
65419 0
65423 1
65437 0
65461 0
65466 0
65467 0
65481 0
65494 0
65497 0
65502 1
65532 0
65533 1
65547 1
65554 0
65561 1
65572 1
65575 1
65584 1
65585 1
65588 1
65595 1
65599 1
65614 1
65620 0
65629 0
65632 0
65643 1
65649 1
65655 1
65669 0
65676 0
65685 0
65700 1
65713 1
65726 1
65740 1
65745 0
65752 1
65763 0
65771 0
65777 0
65778 0
65781 1
65782 0
65788 0
65797 0
65798 1
65810 1
65821 0
65826 0
65832 1
65840 1
65848 1
65853 1
65857 0
65870 1
65877 1
65878 1
65885 0
65900 1
65902 0
65906 0
65908 0
65923 1
65924 1
65930 1
65934 1
65937 1
65942 1
65953 1
65968 1
65973 1
65981 0
65990 1
65994 0
66009 0
66017 1
66020 1
66031 0
66046 0
66051 0
66052 0
66056 0
66071 0
66082 1
66091 0
66100 0
66103 0
66108 0
66112 1
66114 1
66119 1
66121 1
66133 0
66148 1
66160 0
66169 0
66170 1
66183 0
66195 1
66196 1
66197 0
66212 0
66221 0
66225 0
66229 0
66234 1
66236 0
66241 1
66247 0
66262 1
66267 0
66269 0
66275 1
66282 0
66291 1
66310 1
66314 0
66317 0
66319 1
66324 1
66337 0
66349 0
66360 1
66361 1
66362 1
66369 1
66372 1
66384 0
66393 1
66399 0
66401 1
66404 1
66406 1
66410 0
66412 0
66427 0
66431 0
66446 1
66453 1
66464 1
66469 0
66480 0
66487 1
66504 1
66516 1
66531 1
66545 0
66558 0
66572 0
66585 1
66598 1
66603 0
66611 1
66619 1
66620 0
66626 1
66631 0
66640 1
66647 0
66662 0
66666 0
66669 1
66681 1
66696 1
66707 0
66711 0
66720 0
66735 0
66740 1
66742 1
66753 1
66759 1
66772 0
66777 0
66788 0
66791 1
66804 0
66805 1
66819 0
66833 1
66844 1
66857 0
66865 1
66869 1
66880 1
66892 0
66905 0
66909 1
66913 1
66922 1
66935 0
66950 0
66964 1
66966 1
66977 1
66985 1
66986 0
66994 1
66999 1
67014 0
67028 0
67033 0
67044 1
67057 1
67062 0
67073 0
67075 0
67084 1
67097 1
67110 0
67116 1
67127 1
67133 0
67136 0
67144 1
67145 0
67156 0
67157 0
67174 1
67186 1
67189 0
67200 1
67215 1
67224 1
67231 1
67234 1
67242 0
67256 0
67267 0
67272 0
67281 0
67287 1
67292 1
67304 1
67310 0
67328 1
67337 0
67343 1
67344 0
67347 0
67356 0
67369 1
67372 1
67384 0
67385 1
67392 0
67401 1
67409 0
67424 1
67436 0
67447 1
67450 1
67457 0
67472 1
67487 1
67500 0
67513 1
67514 0
67529 1
67541 0
67555 0
67559 1
67570 1
67571 0
67582 1
67589 0
67604 0
67608 1
67612 1
67626 0
67639 1
67640 0
67645 0
67651 1
67665 1
67679 1
67694 1
67705 0
67716 0
67731 0
67737 0
67749 0
67754 0
67768 1
67774 1
67785 1
67798 1
67812 0
67827 1
67828 0
67833 0
67840 0
67849 1
67856 0
67863 0
67876 0
67879 1
67887 0
67902 0
67904 1
67908 0
67910 1
67919 0
67930 0
67932 1
67933 0
67945 1
67947 0
67948 0
67959 0
67968 0
67970 1
67983 0
67984 0
67993 1
68011 0
68022 1
68030 1
68044 1
68059 0
68064 1
68077 0
68085 1
68086 1
68091 1
68106 0
68118 1
68120 1
68134 1
68147 0
68156 0
68167 0
68173 0
68181 0
68186 1
68199 0
68213 0
68225 1
68233 0
68237 0
68244 0
68251 0
68253 1
68268 0
68278 1
68280 1
68285 0
68292 1
68307 0
68319 1
68330 0
68335 0
68346 0
68349 1
68360 0
68369 1
68378 0
68380 1
68391 0
68402 1
68415 0
68428 1
68436 1
68440 0
68442 1
68457 0
68466 1
68478 1
68487 1
68491 1
68504 1
68518 1
68520 1
68534 0
68543 0
68555 0
68567 1
68582 1
68589 0
68593 0
68605 1
68613 0
68622 1
68637 1
68650 1
68653 0
68668 1
68681 1
68690 1
68698 1
68704 1
68709 1
68710 0
68723 1
68738 1
68741 1
68754 0
68767 0
68782 1
68791 0
68794 1
68800 0
68808 1
68816 1
68825 0
68834 0
68848 0
68857 1
68859 1
68874 0
68878 0
68882 1
68895 0
68902 1
68911 0
68915 0
68930 0
68934 0
68935 0
68942 0
68948 1
68960 1
68966 1
68974 0
68980 1
68991 0
68999 1
69000 0
69003 1
69012 0
69014 1
69020 0
69028 0
69037 1
69044 0
69055 1
69061 0
69064 1
69070 0
69073 0
69086 1
69099 1
69108 0
69113 1
69125 0
69138 1
69141 1
69148 0
69153 1
69155 0
69159 1
69161 0
69170 1
69185 1
69193 1
69196 1
69208 0
69223 1
69225 0
69228 1
69229 1
69233 0
69242 1
69256 1
69264 1
69276 0
69282 1
69283 1
69294 1
69301 0
69308 1
69321 0
69327 0
69330 1
69345 0
69362 1
69375 1
69378 1
69381 1
69392 1
69397 1
69400 1
69408 1
69419 0
69423 0
69429 0
69437 0
69446 0
69451 1
69477 1
69485 1
69494 1
69497 1
69499 1
69500 0
69508 0
69511 1
69520 1
69526 0
69527 1
69528 1
69532 1
69540 0
69541 0
69547 1
69559 1
69560 0
69573 0
69580 0
69587 0
69594 1
69595 1
69604 0
69618 0
69621 1
69624 1
69630 0
69639 1
69647 1
69661 1
69675 1
69682 0
69690 1
69703 1
69716 0
69725 1
69730 1
69744 0
69758 1
69771 0
69777 1
69782 1
69790 1
69797 1
69809 0
69814 0
69823 0
69831 1
69834 1
69835 0
69837 0
69851 0
69864 1
69875 1
69876 1
69889 1
69893 0
69894 1
69898 1
69912 0
69916 0
69917 1
69922 1
69925 0
69926 0
69940 1
69947 1
69955 0
69956 1
69968 1
69969 0
69976 1
69982 0
69990 1
70001 1
70004 1
70008 0
70016 1
70025 0
70030 1
70043 1
70058 0
70066 1
70079 1
70091 1
70092 0
70097 0
70109 1
70122 0
70125 1
70126 0
70131 0
70144 1
70151 0
70156 1
70157 0
70159 0
70164 1
70166 0
70178 0
70189 1
70200 0
70215 0
70222 0
70233 1
70248 0
70256 1
70263 1
70276 1
70279 1
70288 1
70303 1
70304 1
70313 0
70327 0
70330 0
70337 1
70352 1
70363 1
70374 1
70380 0
70395 0
70408 1
70416 0
70425 0
70434 0
70435 1
70450 0
70473 1
70482 0
70490 0
70492 0
70506 1
70517 1
70524 1
70528 1
70534 1
70542 0
70553 1
70568 1
70576 0
70580 1
70595 0
70602 0
70606 1
70619 0
70636 0
70642 1
70647 0
70651 0
70657 0
70669 0
70683 0
70685 1
70694 0
70705 0
70720 0
70731 0
70732 1
70746 0
70752 0
70753 1
70756 1
70757 0
70764 0
70776 0
70777 0
70789 1
70792 0
70797 0
70800 0
70805 1
70817 0
70819 0
70823 1
70824 1
70833 0
70836 1
70851 1
70864 0
70875 0
70883 1
70888 0
70889 1
70892 1
70901 0
70910 0
70918 0
70927 0
70936 0
70940 0
70955 1
70963 0
70978 0
70979 1
70984 0
70995 0
71018 0
71021 0
71036 0
71048 0
71061 0
71075 0
71077 1
71079 0
71085 0
71098 1
71099 0
71107 1
71122 0
71130 0
71132 0
71139 0
71146 1
71158 0
71162 0
71163 0
71177 1
71181 1
71195 1
71210 0
71222 1
71231 1
71245 0
71247 1
71250 1
71270 0
71279 1
71282 1
71289 1
71291 1
71306 0
71317 0
71325 1
71330 1
71332 0
71335 0
71344 1
71356 0
71369 1
71382 0
71389 1
71394 0
71398 0
71414 0
71422 0
71435 1
71438 0
71439 1
71454 1
71468 0
71472 1
71484 0
71491 0
71498 0
71507 0
71510 1
71525 1
71528 1
71536 0
71545 0
71552 1
71558 0
71569 1
71577 1
71580 0
71583 1
71594 1
71614 0
71617 1
71618 1
71632 0
71647 0
71655 1
71668 0
71681 1
71694 0
71700 1
71702 0
71717 1
71723 0
71735 0
71738 1
71742 0
71753 1
71755 1
71770 0
71783 1
71797 0
71804 0
71805 0
71806 1
71811 0
71812 0
71820 1
71824 0
71827 0
71829 0
71836 1
71837 1
71851 0
71854 0
71862 1
71875 0
71887 1
71900 1
71912 0
71916 0
71921 1
71930 0
71933 1
71948 1
71961 1
71968 1
71973 1
71975 1
71979 1
71987 1
71999 0
72011 0
72017 0
72019 0
72023 1
72037 0
72044 0
72058 1
72072 1
72084 1
72095 1
72108 0
72120 1
72135 0
72139 0
72150 1
72158 0
72165 0
72169 1
72173 1
72179 1
72192 1
72197 1
72212 0
72224 1
72238 1
72253 1
72254 0
72255 0
72256 1
72259 1
72261 1
72267 0
72270 0
72274 1
72289 1
72298 1
72301 1
72310 0
72325 0
72338 0
72352 0
72367 1
72381 1
72395 1
72406 0
72418 0
72422 1
72430 0
72435 1
72437 1
72438 0
72450 0
72457 1
72468 0
72487 1
72502 0
72509 1
72524 0
72538 1
72542 1
72556 1
72558 0
72563 0
72569 0
72584 0
72588 0
72597 1
72601 0
72614 1
72633 1
72637 0
72645 1
72659 1
72674 0
72678 0
72682 0
72686 1
72688 1
72697 0
72705 1
72716 1
72728 1
72736 1
72742 1
72754 0
72762 1
72765 0
72779 0
72790 1
72793 1
72805 1
72807 1
72816 0
72830 0
72835 1
72836 0
72842 1
72867 1
72872 1
72879 1
72881 1
72892 1
72904 0
72909 0
72916 0
72919 0
72925 0
72929 1
72943 0
72957 0
72971 1
72986 0
72998 0
73009 1
73023 0
73028 0
73031 1
73045 1
73058 1
73061 0
73074 0
73079 1
73087 1
73102 1
73111 0
73115 0
73121 0
73127 1
73140 0
73149 1
73157 0
73178 0
73182 1
73185 0
73190 0
73199 1
73208 0
73219 1
73221 0
73225 1
73226 0
73240 1
73252 0
73257 1
73259 0
73271 0
73285 0
73298 0
73299 1
73304 0
73318 1
73323 0
73329 1
73336 1
73350 1
73363 0
73372 0
73385 1
73390 1
73398 1
73400 1
73412 0
73426 1
73439 0
73448 0
73461 0
73467 1
73478 0
73492 1
73495 0
73498 0
73507 1
73509 1
73520 0
73534 1
73538 0
73553 0
73556 0
73567 0
73568 1
73582 1
73594 1
73598 1
73605 0
73617 0
73631 1
73645 1
73649 1
73654 1
73656 0
73661 1
73670 1
73682 1
73685 1
73694 0
73706 1
73712 1
73713 1
73725 0
73731 1
73759 0
73768 1
73783 0
73786 1
73790 0
73804 0
73811 1
73818 0
73829 0
73831 0
73840 0
73847 1
73853 0
73868 0
73881 0
73887 0
73893 0
73896 1
73900 0
73915 1
73928 0
73931 0
73945 1
73948 1
73959 1
73960 1
73973 1
73982 1
73983 1
73986 1
73989 0
74002 0
74014 0
74029 0
74037 0
74042 1
74048 0
74055 0
74064 0
74066 0
74073 0
74076 0
74091 1
74098 1
74100 1
74113 1
74119 1
74125 1
74132 1
74140 0
74147 1
74154 0
74173 1
74186 0
74198 1
74204 0
74212 1
74215 1
74223 0
74236 0
74244 1
74257 0
74259 1
74274 0
74288 1
74292 1
74295 1
74310 1
74323 1
74337 1
74349 0
74364 1
74377 0
74379 1
74384 0
74385 0
74393 0
74400 0
74411 0
74416 1
74428 1
74441 1
74442 0
74449 1
74450 1
74454 1
74467 0
74475 1
74486 1
74487 1
74492 1
74503 0
74518 1
74525 1
74532 1
74534 0
74548 1
74557 1
74562 0
74563 0
74564 1
74575 1
74588 1
74591 0
74595 0
74607 1
74613 1
74626 1
74637 0
74644 1
74645 0
74647 0
74648 0
74656 1
74657 1
74659 0
74673 1
74686 0
74697 0
74710 0
74721 0
74732 0
74740 0
74755 1
74757 1
74768 0
74779 0
74783 0
74798 1
74804 0
74812 1
74813 0
74825 1
74827 1
74834 0
74841 1
74856 1
74858 0
74860 1
74867 1
74880 0
74883 0
74894 1
74897 0
74908 1
74917 1
74931 1
74943 1
74948 1
74952 1
74959 1
74968 1
74979 1
74991 0
74993 1
75004 1
75012 1
75015 0
75028 1
75040 0
75041 0
75055 0
75064 0
75078 0
75090 1
75094 0
75101 0
75102 0
75110 1
75123 0
75138 1
75152 0
75156 1
75158 0
75173 0
75175 0
75189 0
75195 1
75210 1
75212 0
75224 1
75233 0
75236 0
75251 1
75266 1
75280 0
75281 0
75287 1
75296 0
75298 0
75312 0
75323 1
75331 0
75345 1
75347 0
75349 1
75360 0
75372 0
75381 0
75396 0
75409 0
75418 1
75430 1
75445 1
75454 1
75461 0
75465 1
75476 0
75483 0
75498 1
75511 0
75520 1
75533 0
75547 0
75555 1
75566 1
75577 0
75581 1
75596 1
75604 0
75609 1
75620 0
75633 0
75635 1
75647 1
75662 0
75670 0
75673 0
75677 0
75688 0
75702 0
75713 1
75716 0
75719 1
75730 1
75742 0
75747 1
75751 0
75763 1
75774 1
75777 1
75789 1
75800 1
75803 0
75815 0
75830 1
75844 0
75847 1
75858 1
75870 1
75882 0
75890 1
75897 1
75900 0
75913 1
75921 0
75926 1
75939 0
75950 1
75959 0
75979 1
75994 0
76005 1
76012 1
76013 1
76026 1
76037 0
76043 0
76050 1
76065 0
76076 1
76078 1
76085 0
76101 1
76116 0
76118 0
76124 0
76129 1
76135 0
76148 1
76150 1
76161 1
76173 1
76188 1
76192 0
76200 1
76206 1
76210 1
76217 0
76232 1
76238 1
76239 0
76251 1
76270 1
76275 1
76277 1
76288 1
76302 0
76317 1
76324 0
76333 0
76340 1
76347 0
76352 0
76367 1
76379 0
76391 0
76403 1
76412 0
76416 0
76425 1
76437 1
76452 0
76460 1
76484 0
76493 0
76505 0
76513 1
76526 1
76538 1
76547 1
76562 1
76568 0
76569 1
76581 0
76586 1
76588 0
76595 1
76607 0
76621 0
76636 1
76645 1
76648 1
76652 1
76663 1
76676 0
76684 1
76695 1
76710 1
76725 1
76739 1
76752 1
76761 1
76774 1
76789 0
76795 1
76810 1
76817 0
76828 1
76833 0
76848 0
76854 0
76856 1
76857 0
76859 0
76860 0
76875 1
76882 0
76884 0
76896 0
76900 0
76907 1
76912 0
76914 1
76925 1
76933 0
76939 1
76940 0
76954 1
76960 0
76975 0
76977 1
76991 0
76997 1
77004 0
77006 1
77012 1
77021 1
77028 0
77030 0
77044 0
77051 0
77054 0
77062 0
77065 1
77078 1
77093 0
77105 0
77119 0
77127 0
77138 1
77144 1
77151 1
77152 0
77164 0
77168 1
77181 1
77192 0
77203 1
77216 0
77231 1
77232 1
77235 0
77239 1
77241 1
77248 1
77255 1
77263 1
77265 0
77279 1
77290 0
77292 1
77303 1
77321 0
77330 1
77341 1
77346 1
77361 1
77363 1
77367 1
77382 1
77397 1
77401 1
77408 0
77420 0
77432 0
77447 1
77449 1
77460 0
77461 0
77476 0
77488 1
77500 1
77515 1
77516 0
77523 1
77535 0
77536 0
77550 1
77551 1
77557 0
77566 0
77569 0
77583 0
77591 1
77616 1
77619 1
77620 0
77627 0
77640 1
77645 0
77649 1
77662 1
77676 1
77684 0
77693 0
77697 0
77708 1
77722 1
77726 1
77735 0
77748 1
77761 0
77766 1
77772 0
77779 1
77793 0
77804 1
77813 0
77815 0
77817 0
77825 1
77828 1
77843 0
77852 0
77854 1
77866 1
77871 1
77885 1
77899 0
77912 1
77920 0
77923 1
77935 0
77947 1
77960 0
77961 1
77972 0
77979 1
77984 1
77996 1
78010 1
78025 1
78037 1
78041 1
78048 0
78054 1
78057 1
78063 0
78074 0
78080 0
78092 0
78095 0
78102 1
78110 1
78125 0
78130 1
78139 1
78140 0
78147 0
78161 1
78175 1
78179 0
78194 1
78199 0
78201 1
78205 0
78212 0
78223 1
78238 1
78252 0
78257 0
78270 0
78284 0
78298 1
78312 0
78314 1
78326 1
78333 0
78335 0
78340 0
78354 0
78363 1
78366 1
78372 1
78386 1
78393 1
78405 1
78419 0
78427 1
78433 1
78434 1
78443 0
78451 1
78463 0
78471 0
78475 0
78477 1
78479 0
78490 0
78498 1
78506 0
78512 1
78527 0
78540 0
78543 0
78546 1
78552 0
78566 1
78575 1
78589 1
78596 0
78603 1
78608 1
78617 0
78623 1
78636 1
78642 0
78651 0
78662 1
78664 0
78675 0
78680 1
78692 1
78707 0
78718 1
78722 1
78729 0
78744 0
78745 1
78748 1
78761 1
78767 0
78775 1
78790 0
78795 1
78799 0
78803 1
78808 0
78815 1
78827 0
78834 1
78835 1
78839 1
78841 0
78846 0
78851 1
78855 1
78857 0
78859 1
78861 1
78868 1
78871 0
78885 0
78898 1
78909 0
78914 0
78922 0
78933 1
78935 1
78937 0
78946 0
78952 0
78966 0
78970 0
78974 1
78988 1
78994 0
78995 0
78997 0
79012 1
79016 1
79022 1
79033 1
79038 0
79041 0
79042 1
79056 1
79064 1
79073 0
79080 0
79093 0
79108 0
79113 0
79125 1
79132 0
79133 0
79144 1
79146 0
79151 0
79160 0
79175 1
79184 0
79188 1
79200 0
79212 0
79221 0
79229 1
79244 1
79258 0
79271 0
79283 1
79289 1
79290 1
79293 0
79306 0
79319 1
79328 0
79336 0
79339 0
79348 1
79354 0
79370 0
79384 0
79388 1
79391 0
79402 1
79404 1
79415 0
79422 0
79430 0
79431 0
79443 0
79445 1
79457 0
79465 1
79477 0
79490 0
79498 0
79509 1
79514 0
79516 0
79528 1
79532 0
79546 1
79552 1
79559 0
79564 0
79568 1
79582 0
79593 0
79604 0
79605 0
79618 1
79629 1
79632 1
79638 0
79647 1
79668 0
79682 0
79685 1
79688 0
79696 1
79703 0
79707 1
79712 0
79724 1
79732 1
79743 0
79755 1
79756 0
79758 0
79764 0
79767 1
79772 0
79784 1
79798 0
79802 1
79807 1
79820 0
79825 0
79834 0
79847 0
79848 1
79863 1
79868 1
79869 0
79874 0
79877 0
79881 1
79886 1
79900 1
79913 0
79925 1
79939 0
79940 1
79952 0
79968 0
79980 1
79982 0
79991 0
80003 0
80012 0
80016 0
80031 0
80046 1
80048 0
80057 1
80063 0
80066 0
80079 0
80093 1
80094 0
80102 0
80116 1
80123 1
80137 1
80151 0
80166 0
80179 1
80184 0
80197 1
80201 0
80208 1
80209 1
80213 1
80220 1
80229 0
80236 0
80237 1
80245 1
80254 0
80268 0
80269 0
80284 0
80296 0
80297 1
