9752
9 1
22 1
37 0
41 0
56 1
60 1
73 0
78 1
90 1
104 1
107 0
116 0
125 0
128 1
133 0
139 0
146 1
151 0
166 0
177 1
183 1
187 1
202 1
204 1
216 0
219 0
221 1
225 1
230 0
232 1
245 1
250 1
251 1
260 0
263 0
276 0
290 1
293 0
298 0
299 1
307 0
313 0
320 1
329 0
338 1
340 0
355 0
366 1
373 0
386 1
393 1
395 1
397 0
410 1
421 0
430 0
436 0
437 1
449 0
453 1
455 1
461 1
469 1
476 1
481 0
495 0
506 0
514 1
528 0
533 0
548 1
562 0
575 1
584 1
587 0
590 0
601 1
627 1
634 1
642 1
649 0
664 0
670 1
673 0
686 1
700 0
714 0
728 0
736 0
748 0
756 0
761 1
775 1
776 0
778 0
782 0
803 0
818 0
825 1
840 0
847 1
862 1
875 0
882 1
890 1
895 0
898 1
911 1
926 1
928 1
939 0
954 1
957 1
962 0
974 1
983 0
995 1
1012 1
1015 1
1028 1
1041 1
1048 0
1049 1
1052 1
1061 0
1068 0
1077 1
1079 0
1086 0
1094 1
1105 1
1112 0
1126 1
1129 1
1134 1
1147 1
1160 1
1164 1
1167 0
1175 1
1178 1
1183 0
1196 1
1210 1
1225 0
1240 1
1255 1
1270 1
1274 1
1286 1
1300 1
1307 0
1313 1
1315 0
1320 1
1322 0
1325 0
1337 0
1340 0
1343 1
1358 1
1374 0
1383 1
1387 0
1396 1
1410 0
1412 1
1426 0
1433 1
1445 1
1449 1
1452 1
1466 1
1468 1
1469 0
1484 0
1496 0
1500 1
1504 0
1513 0
1524 0
1527 1
1531 1
1543 0
1557 0
1568 1
1576 0
1577 0
1586 1
1590 0
1594 1
1601 1
1616 1
1623 1
1638 1
1639 0
1645 1
1656 1
1662 0
1671 1
1684 1
1690 1
1691 0
1702 1
1715 0
1721 0
1734 1
1736 0
1737 1
1752 0
1755 1
1756 0
1761 0
1775 0
1784 1
1792 1
1795 1
1799 1
1802 1
1807 1
1809 1
1810 0
1822 1
1831 1
1834 0
1849 1
1863 1
1872 1
1883 1
1897 1
1908 0
1910 1
1922 0
1925 1
1927 0
1929 1
1943 1
1950 0
1954 1
1967 1
1975 0
1990 0
1999 0
2002 0
2005 0
2018 0
2030 0
2038 1
2043 0
2051 0
2063 0
2067 0
2068 1
2083 1
2094 0
2105 0
2108 0
2116 1
2117 0
2121 1
2122 0
2129 1
2130 1
2135 1
2142 1
2155 0
2166 1
2178 1
2189 0
2198 0
2207 1
2219 0
2226 1
2231 0
2233 0
2241 1
2253 0
2266 1
2272 0
2280 1
2286 1
2301 0
2302 1
2315 1
2319 0
2333 1
2340 0
2344 0
2348 0
2362 0
2368 0
2377 1
2385 0
2390 1
2402 0
2416 0
2422 0
2427 1
2441 0
2444 0
2455 1
2468 1
2475 1
2478 0
2480 0
2491 1
2500 0
2506 0
2521 1
2527 1
2532 0
2540 0
2542 0
2544 1
2555 0
2569 1
2580 1
2588 0
2601 1
2605 0
2610 0
2623 0
2637 0
2651 0
2659 0
2661 0
2675 0
2678 0
2689 1
2702 1
2715 0
2723 1
2730 0
2731 0
2736 0
2742 1
2743 1
2758 1
2767 1
2779 1
2791 0
2802 0
2816 1
2818 1
2833 1
2840 0
2842 0
2856 1
2860 0
2862 1
2868 0
2881 0
2882 1
2895 0
2900 0
2913 0
2917 1
2919 1
2927 1
2933 0
2942 1
2946 0
2948 0
2956 0
2971 0
2982 1
2995 0
3004 0
3017 0
3018 1
3033 0
3046 0
3054 1
3068 0
3083 1
3088 0
3091 0
3097 1
3108 1
3122 0
3131 1
3135 1
3144 1
3157 0
3168 1
3174 0
3176 0
3187 0
3193 1
3208 0
3217 0
3228 1
3242 0
3249 0
3250 1
3257 1
3263 1
3272 1
3281 0
3284 1
3289 1
3305 1
3314 0
3326 1
3341 0
3352 1
3366 0
3372 0
3386 0
3395 1
3409 0
3411 1
3422 1
3429 1
3437 0
3442 1
3444 1
3458 1
3472 1
3487 1
3489 1
3504 0
3515 1
3517 1
3520 0
3528 1
3541 1
3549 1
3553 0
3560 0
3567 1
3589 0
3595 1
3617 0
3626 1
3632 0
3654 1
3662 1
3666 0
3678 1
3681 0
3690 1
3695 0
3702 0
3705 1
3709 0
3712 0
3725 1
3736 1
3739 1
3751 0
3765 0
3769 0
3781 1
3783 0
3792 0
3795 0
3797 0
3801 0
3807 0
3814 0
3822 0
3823 0
3829 0
3838 1
3847 0
3856 1
3868 0
3871 0
3883 0
3897 0
3900 0
3903 0
3910 1
3919 0
3931 1
3938 0
3956 1
3965 1
3967 1
3970 1
3977 1
3978 1
3990 0
4005 1
4017 0
4030 0
4032 0
4037 1
4044 0
4055 1
4064 1
4073 1
4086 1
4090 0
4103 0
4116 0
4129 0
4133 1
4138 1
4144 1
4146 0
4148 1
4162 0
4171 0
4179 0
4193 1
4204 0
4216 1
4230 1
4245 1
4246 1
4258 1
4262 1
4271 0
4283 1
4296 0
4307 1
4322 1
4337 0
4341 0
4352 1
4366 0
4368 1
4377 0
4380 0
4392 0
4395 1
4398 0
4406 0
4415 1
4419 1
4427 1
4428 0
4432 1
4443 0
4452 1
4467 0
4469 0
4475 0
4490 0
4494 0
4503 0
4505 1
4506 1
4511 0
4518 1
4527 0
4535 0
4543 1
4546 1
4547 1
4556 0
4582 0
4594 0
4608 1
4615 0
4623 1
4627 1
4635 1
4636 1
4644 1
4656 1
4670 1
4671 1
4678 1
4691 1
4695 1
4707 1
4722 1
4727 1
4732 0
4741 0
4752 0
4761 1
4766 1
4775 1
4777 1
4782 1
4783 0
4788 1
4800 0
4801 0
4809 1
4810 1
4833 0
4839 0
4854 0
4862 0
4868 0
4869 1
4883 1
4887 0
4894 0
4905 0
4910 0
4919 1
4931 1
4943 0
4948 0
4954 1
4965 0
4980 1
4989 0
4992 0
5000 1
5013 1
5021 0
5029 0
5043 0
5050 0
5061 0
5073 1
5080 0
5085 0
5097 1
5099 1
5113 0
5120 0
5121 0
5122 0
5131 0
5143 0
5157 1
5164 0
5178 1
5193 1
5195 0
5206 0
5220 1
5232 1
5246 0
5260 0
5267 0
5274 0
5286 0
5295 1
5309 1
5321 1
5329 0
5340 0
5348 0
5357 0
5360 0
5362 0
5375 0
5386 1
5398 0
5405 1
5407 1
5410 1
5416 0
5442 0
5454 0
5463 0
5474 0
5486 1
5487 1
5498 0
5499 1
5503 0
5515 0
5537 0
5552 1
5555 0
5568 0
5577 1
5585 0
5591 1
5602 0
5606 1
5619 1
5624 0
5633 1
5639 0
5640 1
5646 0
5657 0
5665 0
5676 0
5679 1
5691 1
5702 1
5713 0
5727 1
5740 1
5752 0
5764 1
5768 0
5775 1
5777 0
5779 1
5783 1
5792 1
5800 0
5803 0
5805 1
5819 1
5821 1
5829 0
5832 0
5840 0
5842 1
5846 0
5853 0
5862 1
5870 0
5874 1
5876 1
5887 1
5900 0
5909 1
5924 0
5930 0
5934 1
5947 1
5960 1
5974 1
5988 0
5989 0
5991 1
6004 1
6006 1
6011 0
6030 0
6045 0
6046 0
6055 1
6060 0
6068 1
6080 0
6084 1
6099 1
6113 1
6119 1
6126 1
6134 0
6147 1
6152 0
6156 0
6161 1
6172 1
6181 0
6183 0
6192 1
6197 1
6198 1
6199 1
6208 1
6217 1
6229 1
6243 1
6244 0
6249 0
6274 0
6285 1
6290 1
6305 1
6308 1
6321 1
6328 1
6335 1
6346 0
6360 1
6369 1
6376 1
6391 0
6399 0
6401 0
6413 1
6420 0
6428 1
6455 1
6469 1
6477 0
6478 0
6483 0
6495 1
6503 0
6517 1
6521 0
6530 0
6544 1
6545 0
6546 0
6552 0
6557 1
6566 0
6577 0
6588 0
6601 1
6613 1
6622 0
6631 1
6639 1
6644 0
6646 1
6653 0
6659 1
6671 1
6675 1
6689 1
6697 0
6706 0
6719 0
6728 1
6743 0
6748 1
6761 1
6769 1
6772 0
6774 1
6780 1
6783 1
6792 0
6807 0
6818 1
6829 0
6840 0
6851 1
6864 1
6869 0
6893 0
6898 1
6900 1
6904 0
6912 1
6920 0
6946 1
6952 0
6979 1
6993 1
6998 0
7011 1
7015 0
7027 0
7034 0
7039 0
7044 0
7053 1
7067 0
7072 0
7080 0
7082 0
7096 0
7104 0
7106 1
7121 0
7128 0
7141 0
7153 1
7162 0
7170 1
7185 0
7196 1
7210 1
7218 1
7225 0
7240 0
7241 0
7256 0
7261 1
7269 0
7277 1
7285 0
7294 0
7308 0
7327 1
7342 0
7344 1
7359 0
7366 1
7379 1
7388 0
7390 1
7395 0
7399 0
7411 0
7422 1
7435 1
7443 1
7455 0
7461 0
7462 0
7471 0
7473 1
7485 0
7490 1
7501 0
7513 1
7526 0
7528 0
7531 0
7542 0
7550 1
7551 1
7559 0
7567 0
7568 1
7573 1
7585 0
7586 0
7588 0
7603 0
7609 1
7618 1
7623 1
7632 0
7637 1
7641 0
7654 0
7658 1
7660 0
7666 1
7667 1
7672 1
7679 1
7682 0
7685 1
7700 1
7709 1
7724 0
7736 0
7745 0
7747 0
7753 0
7764 0
7770 1
7785 0
7790 1
7791 0
7795 0
7810 1
7815 1
7819 1
7824 1
7826 1
7838 0
7839 0
7844 0
7853 0
7866 1
7881 1
7892 1
7899 0
7918 1
7929 1
7943 1
7955 1
7964 0
7979 1
7991 0
8000 1
8006 0
8007 1
8018 1
8042 1
8050 1
8052 0
8057 1
8065 1
8077 0
8086 0
8090 1
8092 0
8099 0
8112 1
8119 0
8120 0
8129 0
8141 1
8156 0
8160 0
8167 0
8168 0
8181 0
8183 1
8188 1
8195 0
8200 0
8205 0
8217 1
8232 1
8245 1
8247 0
8260 1
8264 1
8272 1
8273 1
8288 1
8301 1
8307 0
8312 1
8313 0
8327 0
8341 1
8352 0
8365 0
8373 1
8378 0
8381 1
8390 1
8397 1
8399 0
8403 1
8415 0
8427 0
8439 0
8446 1
8461 0
8468 1
8483 0
8489 1
8505 0
8516 1
8520 0
8533 0
8548 0
8557 0
8570 0
8574 0
8577 0
8592 0
8601 1
8603 1
8605 1
8607 0
8611 1
8612 1
8614 0
8618 1
8633 1
8645 0
8649 1
8652 1
8656 0
8663 1
8665 1
8691 0
8704 1
8710 0
8713 0
8720 0
8728 0
8741 1
8753 0
8755 1
8762 0
8777 1
8789 1
8800 1
8805 0
8807 0
8808 1
8813 0
8814 1
8819 0
8822 0
8828 1
8837 1
8841 1
8847 0
8860 1
8864 0
8868 1
8883 0
8894 1
8900 0
8912 1
8915 1
8928 1
8943 1
8948 1
8949 1
8952 0
8964 1
8976 0
8987 1
9001 0
9014 0
9018 1
9025 0
9032 0
9038 1
9039 1
9045 1
9056 1
9059 0
9060 1
9065 0
9069 0
9072 0
9080 1
9094 1
9108 1
9122 0
9125 0
9133 0
9147 1
9152 0
9159 0
9165 0
9174 1
9189 0
9197 1
9200 1
9213 1
9218 1
9219 0
9226 1
9230 1
9231 1
9245 0
9258 1
9272 1
9283 1
9286 0
9290 0
9305 0
9306 0
9313 0
9317 1
9326 0
9337 0
9340 1
9341 0
9355 0
9362 1
9373 0
9382 1
9394 0
9409 1
9424 0
9428 0
9440 1
9444 1
9445 1
9451 1
9454 1
9463 1
9472 0
9484 0
9499 1
9514 0
9529 1
9541 1
9553 0
9560 0
9563 1
9564 1
9578 0
9584 1
9599 1
9605 1
9609 0
9614 0
9621 1
9636 1
9649 1
9650 1
9657 1
9665 1
9676 0
9687 1
9696 1
9702 0
9715 0
9730 1
9744 1
9750 1
9757 0
9758 0
9764 1
9771 1
9786 1
9791 1
9799 0
9806 1
9823 0
9835 0
9842 0
9854 1
9866 0
9878 0
9882 1
9884 0
9899 1
9900 0
9907 1
9911 1
9925 1
9928 0
9930 0
9939 1
9946 1
9947 0
9953 1
9962 1
9970 1
9972 1
9979 0
10004 1
10005 0
10017 0
10018 1
10022 0
10030 0
10033 0
10045 0
10065 0
10072 1
10077 1
10079 0
10085 0
10089 1
10092 1
10101 0
10106 0
10113 0
10122 0
10131 0
10140 1
10146 1
10155 0
10170 1
10182 0
10196 1
10209 1
10224 1
10235 0
10241 0
10253 1
10268 1
10275 1
10288 0
10301 1
10313 1
10314 1
10320 1
10322 1
10324 0
10333 1
10338 1
10345 0
10360 1
10366 1
10369 0
10374 0
10383 1
10388 0
10410 0
10416 1
10419 0
10421 0
10427 0
10431 1
10440 1
10453 0
10468 0
10476 0
10481 0
10493 1
10507 0
10518 0
10526 1
10530 0
10545 1
10550 1
10553 1
10557 0
10568 1
10574 1
10589 1
10601 0
10610 1
10624 1
10625 0
10632 0
10647 0
10660 0
10675 1
10682 0
10684 1
10699 0
10712 0
10717 0
10723 1
10732 0
10741 0
10745 0
10747 1
10750 0
10759 0
10771 0
10780 0
10788 1
10813 0
10825 1
10828 1
10839 0
10850 0
10858 0
10863 0
10870 1
10877 1
10890 0
10904 0
10916 1
10929 1
10936 0
10954 1
10963 1
10967 1
10981 1
10993 1
10996 1
11004 0
11012 0
11025 0
11029 1
11032 0
11043 0
11056 1
11068 0
11081 0
11096 0
11107 1
11112 0
11118 1
11133 1
11139 0
11154 1
11158 1
11163 0
11175 0
11184 0
11189 0
11193 1
11194 0
11199 1
11205 1
11217 1
11218 0
11219 1
11220 1
11234 0
11249 1
11257 1
11272 0
11285 1
11291 1
11302 0
11305 0
11310 0
11314 0
11323 1
11336 1
11341 0
11345 0
11353 0
11362 1
11369 1
11382 1
11384 0
11397 0
11402 0
11406 0
11413 0
11417 0
11424 0
11433 0
11448 0
11455 1
11460 0
11475 1
11476 1
11490 0
11496 0
11508 1
11521 1
11533 1
11544 1
11552 1
11553 1
11567 0
11574 1
11600 1
11614 0
11618 1
11626 1
11637 1
11645 1
11649 0
11653 0
11664 0
11670 0
11685 1
11694 0
11697 1
11699 1
11719 1
11722 1
11736 0
11737 1
11741 1
11747 1
11762 1
11777 0
11790 1
11803 0
11805 1
11819 1
11830 1
11842 0
11847 0
11852 1
11864 0
11868 1
11882 0
11896 0
11897 0
11905 0
11909 1
11914 0
11922 0
11926 1
11934 0
11943 1
11945 0
11954 1
11968 0
11972 1
11973 1
11975 0
11984 0
11985 0
11996 0
12011 1
12017 0
12020 1
12032 1
12035 1
12047 1
12059 1
12068 1
12069 1
12083 1
12094 1
12096 0
12099 1
12110 0
12123 0
12130 0
12142 0
12156 1
12157 1
12166 0
12178 0
12185 1
12200 1
12206 0
12209 1
12223 1
12228 1
12252 1
12258 0
12269 1
12270 0
12272 0
12287 0
12300 1
12306 0
12318 1
12330 0
12343 0
12346 0
12358 1
12360 1
12364 1
12376 0
12382 0
12397 0
12411 1
12422 1
12423 0
12438 1
12441 1
12443 1
12455 1
12468 0
12481 1
12495 1
12498 0
12510 1
12511 1
12518 1
12523 0
12526 1
12537 0
12546 0
12560 0
12569 0
12581 0
12592 0
12598 1
12607 0
12620 1
12631 1
12643 0
12654 1
12658 1
12670 1
12676 0
12683 0
12698 0
12709 0
12710 0
12719 1
12728 0
12741 0
12745 0
12751 0
12753 1
12766 0
12773 0
12780 1
12782 1
12797 0
12802 0
12805 1
12818 1
12826 1
12837 1
12852 0
12858 1
12873 1
12876 0
12890 0
12903 1
12917 0
12931 1
12942 0
12950 0
12961 1
12972 0
12987 1
12993 0
12998 1
13013 1
13022 1
13030 0
13043 1
13045 0
13052 0
13066 1
13069 1
13083 1
13091 1
13098 1
13112 1
13119 1
13134 0
13149 0
13154 0
13169 0
13171 0
13186 0
13191 0
13197 1
13212 1
13215 0
13216 1
13230 0
13243 1
13255 1
13258 1
13271 0
13285 0
13296 1
13308 1
13314 1
13319 0
13330 1
13345 0
13346 0
13357 0
13366 0
13368 0
13383 1
13395 0
13404 1
13412 0
13418 1
13420 0
13429 1
13436 1
13444 0
13447 1
13448 1
13460 0
13471 1
13485 1
13488 1
13496 0
13499 0
13511 1
13515 0
13518 1
13520 1
13529 1
13534 1
13536 1
13549 1
13550 0
13555 1
13569 0
13583 1
13591 1
13599 1
13600 0
13612 1
13625 1
13632 0
13640 0
13641 1
13642 0
13647 1
13655 0
13669 0
13678 1
13690 1
13702 1
13714 0
13727 0
13740 1
13746 1
13750 0
13755 0
13778 1
13782 1
13788 0
13796 1
13809 0
13818 1
13825 1
13836 1
13840 1
13855 1
13863 0
13870 0
13877 0
13888 0
13892 0
13903 0
13908 1
13911 1
13916 1
13925 1
13937 1
13946 0
13970 1
13978 1
13985 1
13988 1
14000 0
14015 0
14030 0
14043 1
14048 1
14049 1
14064 0
14071 1
14080 1
14093 1
14099 0
14112 0
14120 1
14133 0
14145 1
14149 0
14156 1
14169 0
14181 1
14182 0
14196 1
14202 1
14216 0
14219 1
14228 1
14229 1
14241 1
14242 1
14257 0
14270 0
14278 1
14289 1
14290 1
14295 1
14296 1
14299 0
14308 1
14312 1
14321 1
14335 0
14338 1
14342 0
14349 1
14353 0
14357 0
14361 1
14376 0
14388 0
14397 0
14411 0
14422 0
14426 1
14435 1
14441 0
14454 0
14460 1
14462 0
14471 0
14482 1
14496 1
14498 0
14507 0
14522 0
14524 1
14528 0
14532 0
14539 0
14540 0
14551 0
14565 1
14577 1
14581 0
14595 1
14609 0
14610 0
14622 1
14631 1
14636 1
14644 0
14653 1
14667 0
14681 0
14689 1
14700 0
14712 1
14715 0
14721 0
14726 1
14734 0
14749 1
14763 1
14767 1
14780 0
14787 0
14790 1
14801 0
14803 1
14814 1
14830 0
14842 0
14853 0
14867 0
14879 1
14886 1
14893 0
14907 1
14921 1
14935 1
14939 0
14941 1
14946 1
14953 1
14960 0
14975 1
14982 0
14990 0
14995 0
15002 0
15017 0
15021 0
15023 1
15029 1
15047 0
15061 0
15069 1
15075 1
15083 0
15086 1
15097 0
15109 1
15118 1
15126 0
15134 0
15147 1
15158 0
15169 1
15182 1
15185 1
15186 0
15194 1
15199 1
15214 1
15215 0
15220 0
15227 1
15236 1
15244 0
15249 1
15255 1
15264 0
15272 1
15290 1
15302 0
15309 0
15315 1
15323 0
15335 0
15338 0
15343 0
15357 1
15360 0
15368 1
15381 1
15392 0
15404 1
15407 0
15422 0
15430 0
15444 0
15456 0
15460 0
15465 1
15479 1
15491 0
15497 0
15510 0
15523 0
15530 0
15534 1
15546 0
15551 0
15555 0
15568 1
15571 0
15577 0
15584 0
15588 0
15589 1
15600 0
15614 1
15626 1
15641 0
15652 0
15667 0
15673 0
15685 0
15686 0
15688 1
15701 0
15709 1
15724 1
15728 0
15737 0
15746 0
15757 1
15762 0
15764 0
15771 1
15786 1
15798 0
15809 1
15818 0
15820 0
15827 1
15838 1
15845 0
15854 0
15867 1
15874 1
15887 1
15902 1
15903 0
15906 1
15908 0
15912 0
15914 1
15916 0
15917 0
15925 1
15928 0
15940 0
15945 1
15960 0
15968 1
15993 0
15995 1
15998 0
16001 0
16007 0
16014 1
16018 1
16025 1
16037 1
16044 0
16058 0
16066 0
16081 0
16087 1
16090 1
16093 0
16102 0
16110 1
16114 1
16119 1
16124 0
16126 0
16138 1
16144 0
16150 0
16161 0
16173 1
16174 1
16176 0
16182 0
16196 1
16203 0
16209 1
16220 1
16221 0
16236 0
16238 0
16251 0
16254 0
16265 1
16280 1
16293 0
16296 0
16301 1
16312 1
16324 0
16337 0
16351 0
16363 1
16376 0
16381 0
16396 1
16399 0
16413 0
16425 1
16426 0
16427 0
16440 1
16447 1
16449 1
16462 1
16467 0
16480 0
16487 1
16498 1
16510 1
16521 1
16532 1
16541 0
16549 0
16561 0
16566 1
16579 1
16587 1
16602 1
16617 0
16618 1
16631 1
16640 1
16642 1
16647 1
16658 1
16670 0
16676 1
16677 1
16685 0
16696 1
16709 1
16712 0
16720 1
16735 0
16746 1
16761 0
16762 1
16763 1
16772 0
16783 1
16786 0
16794 0
16795 0
16797 0
16800 0
16804 0
16808 0
16816 0
16819 1
16820 0
16833 1
16837 0
16844 1
16856 0
16864 0
16870 1
16875 0
16883 1
16884 1
16888 0
16890 0
16893 0
16898 1
16909 0
16911 0
16919 1
16932 0
16955 1
16968 0
16975 1
16983 0
16987 0
16994 0
17001 0
17014 1
17028 0
17040 0
17044 0
17059 0
17067 1
17078 0
17092 0
17096 1
17104 0
17107 1
17119 0
17124 1
17130 0
17141 1
17160 1
17165 1
17170 0
17174 0
17178 0
17184 0
17196 1
17207 0
17210 1
17223 1
17237 1
17248 1
17261 0
17276 1
17288 0
17296 1
17301 1
17302 1
17317 0
17320 0
17328 1
17336 1
17349 0
17356 0
17360 1
17372 1
17383 1
17394 0
17398 1
17412 0
17427 1
17432 0
17446 1
17460 0
17472 1
17478 0
17485 1
17499 1
17512 0
17513 1
17519 0
17531 0
17551 1
17565 1
17573 1
17581 1
17594 0
17601 0
17615 0
17627 0
17641 0
17646 0
17657 1
17669 0
17675 0
17683 0
17688 0
17693 0
17698 0
17699 1
17701 0
17705 1
17709 1
17715 0
17717 1
17718 0
17720 1
17724 1
17732 1
17745 0
17759 1
17770 0
17779 1
17792 1
17806 1
17819 0
17825 1
17837 1
17843 0
17844 0
17856 1
17864 0
17869 1
17878 0
17892 0
17898 1
17909 1
17923 0
17932 1
17944 1
17946 1
17954 0
17960 0
17961 0
17972 1
17978 0
17987 1
17996 0
18003 1
18007 0
18015 1
18018 0
18021 0
18023 1
18028 1
18030 0
18036 1
18043 0
18045 0
18048 0
18062 1
18076 0
18081 1
18090 0
18095 1
18096 0
18104 1
18109 1
18122 1
18128 1
18141 1
18153 1
18161 1
18167 0
18174 1
18180 1
18182 1
18193 1
18204 0
18212 1
18236 0
18237 0
18241 1
18242 0
18247 0
18259 0
18264 0
18278 1
18284 1
18289 0
18300 0
18315 0
18326 1
18331 0
18335 0
18342 0
18346 1
18350 1
18364 1
18365 0
18373 1
18377 0
18384 0
18385 1
18400 0
18403 0
18416 1
18425 0
18438 0
18441 0
18456 0
18463 0
18465 1
18468 0
18470 0
18484 1
18492 0
18497 0
18510 1
18518 1
18533 0
18546 0
18554 0
18557 1
18561 0
18573 1
18581 1
18586 0
18587 0
18598 0
18601 1
18609 0
18612 1
18627 0
18635 1
18646 1
18659 1
18662 1
18669 1
18684 1
18688 0
18703 1
18706 0
18721 0
18729 0
18741 0
18754 1
18767 0
18769 1
18780 0
18783 0
18795 0
18806 0
18807 1
18818 1
18833 0
18835 0
18836 0
18843 0
18852 0
18864 0
18879 0
18885 1
18896 0
18912 0
18919 0
18933 0
18934 0
18937 0
18948 0
18957 1
18964 1
18975 0
18984 0
18996 0
19007 0
19009 1
19020 0
19040 1
19051 1
19062 0
19063 1
19067 1
19073 1
19081 1
19094 0
19106 1
19117 1
19130 1
19136 0
19139 0
19159 1
19161 1
19163 1
19164 1
19179 1
19182 0
19191 0
19196 1
19210 0
19218 1
19225 0
19227 0
19242 1
19253 0
19261 1
19276 1
19288 1
19294 0
19296 1
19310 1
19312 1
19319 0
19324 0
19325 1
19326 0
19333 0
19338 1
19353 1
19368 0
19382 1
19383 1
19388 1
19400 0
19414 1
19426 1
19439 0
19443 1
19444 0
19457 1
19463 1
19470 0
19482 1
19496 0
19504 1
19517 0
19524 0
19538 0
19547 1
19556 0
19559 1
19572 0
19587 1
19594 0
19607 1
19620 1
19631 1
19639 1
19650 1
19661 0
19667 1
19678 0
19696 0
19703 0
19711 1
19719 1
19723 1
19735 0
19744 0
19753 1
19760 1
19771 1
19783 1
19794 0
19808 1
19815 1
19823 0
19827 1
19842 0
19856 0
19864 0
19872 0
19873 0
19877 1
19881 1
19894 0
19902 1
19913 0
19915 1
19922 0
19935 0
19941 0
19946 0
19960 0
19975 0
19990 1
20001 0
20003 0
20010 0
20011 1
20022 0
20031 0
20046 0
20052 0
20060 0
20065 1
20067 1
20073 0
20085 0
20090 1
20118 0
20126 0
20130 1
20138 0
20141 0
20145 0
20159 1
20166 1
20178 0
20185 0
20200 0
20201 0
20204 1
20216 0
20228 0
20229 1
20241 0
20243 1
20248 1
20257 1
20262 1
20266 0
20268 0
20280 0
20282 0
20295 0
20304 0
20318 1
20333 1
20344 0
20358 1
20369 0
20384 1
20396 1
20409 0
20424 1
20429 0
20442 0
20453 0
20459 1
20472 1
20481 1
20482 1
20490 0
20504 0
20509 1
20522 1
20537 0
20543 1
20546 0
20554 0
20558 1
20565 1
20576 1
20580 0
20588 0
20593 1
20600 0
20612 0
20616 0
20617 1
20632 1
20647 1
20651 0
20666 1
20673 0
20684 0
20687 0
20698 1
20705 1
20720 0
20735 0
20744 0
20759 0
20766 0
20778 1
20779 1
20783 0
20792 0
20803 1
20811 0
20816 1
20828 1
20832 1
20846 0
20849 0
20850 0
20858 0
20872 1
20873 1
20882 0
20888 1
20896 0
20909 1
20914 1
20921 0
20936 1
20945 0
20957 0
20969 1
20976 1
20988 1
21000 0
21002 0
21010 1
21017 1
21020 0
21023 0
21032 1
21044 0
21051 0
21054 1
21057 0
21065 0
21078 0
21079 0
21092 0
21098 0
21112 1
21125 0
21140 0
21151 1
21163 1
21174 1
21189 0
21191 1
21196 1
21201 0
21205 0
21207 0
21216 1
21225 0
21232 1
21238 1
21253 1
21262 1
21270 1
21278 1
21293 1
21296 0
21299 0
21310 1
21322 1
21325 1
21333 1
21336 1
21342 1
21343 0
21351 1
21355 1
21360 0
21373 0
21381 1
21396 1
21397 0
21402 0
21405 1
21406 0
21410 1
21421 1
21433 1
21436 1
21450 0
21462 1
21467 0
21474 0
21481 0
21485 0
21500 1
21509 0
21514 0
21521 1
21528 0
21532 1
21536 1
21550 1
21558 1
21561 1
21565 0
21567 0
21582 0
21587 0
21594 0
21600 0
21603 0
21607 0
21614 0
21627 1
21632 1
21633 0
21639 0
21654 0
21655 1
21661 0
21673 0
21678 1
21687 0
21699 1
21714 1
21720 0
21727 0
21741 1
21754 0
21768 0
21783 0
21791 0
21798 0
21800 0
21815 0
21821 1
21827 0
21841 0
21842 1
21853 1
21864 0
21876 0
21882 1
21902 1
21905 1
21919 0
21925 0
21934 1
21942 1
21945 0
21946 1
21947 1
21950 0
21964 1
21976 1
21990 1
21992 0
22006 1
22023 1
22037 1
22046 0
22061 0
22069 0
22075 0
22081 1
22094 0
22103 0
22115 0
22123 0
22124 1
22135 1
22148 0
22156 0
22163 1
22174 1
22175 1
22180 0
22192 1
22193 0
22204 0
22207 0
22221 1
22226 0
22232 1
22244 0
22257 1
22269 0
22274 0
22279 1
22293 0
22302 0
22307 0
22309 1
22320 1
22321 0
22322 0
22336 1
22351 1
22362 0
22371 1
22380 1
22395 1
22404 0
22418 1
22430 1
22431 1
22432 1
22441 1
22448 1
22449 1
22457 0
22462 1
22463 1
22468 0
22479 0
22494 0
22498 0
22499 0
22512 1
22514 1
22520 0
22525 0
22532 1
22539 0
22552 1
22561 0
22574 0
22587 0
22595 1
22610 0
22615 1
22616 0
22624 0
22635 0
22646 1
22650 0
22652 0
22665 0
22684 0
22686 0
22698 1
22700 1
22704 1
22705 0
22712 1
22727 0
22728 0
22741 0
22748 0
22763 1
22777 1
22778 1
22779 1
22780 1
22792 0
22807 1
22815 0
22823 1
22836 1
22842 1
22856 0
22867 0
22873 1
22885 0
22889 0
22892 1
22907 0
22922 0
22926 1
22937 0
22950 1
22951 1
22956 1
22961 0
22969 0
22977 1
22984 1
22991 0
23009 0
23020 0
23032 0
23036 1
23049 1
23063 0
23070 1
23077 0
23090 0
23096 1
23097 1
23103 0
23112 1
23126 0
23127 0
23135 0
23150 1
23164 0
23168 0
23173 1
23182 0
23186 1
23189 0
23201 0
23205 0
23211 0
23214 0
23220 1
23223 0
23226 0
23229 0
23232 1
23233 0
23236 0
23251 1
23258 0
23269 1
23272 0
23277 1
23279 0
23283 0
23291 0
23299 1
23314 0
23317 0
23331 1
23345 0
23358 1
23363 0
23367 0
23372 1
23383 1
23391 0
23402 0
23403 1
23417 1
23423 1
23434 1
23446 1
23455 0
23470 0
23471 0
23484 1
23492 0
23501 1
23510 1
23518 1
23525 1
23539 1
23543 1
23556 0
23557 0
23569 1
23580 0
23588 0
23599 0
23606 1
23617 0
23643 1
23649 0
23655 0
23660 0
23674 1
23682 1
23693 1
23707 0
23719 0
23725 1
23732 1
23746 1
23758 0
23761 1
23773 0
23784 1
23787 1
23789 0
23795 1
23806 1
23809 0
23820 1
23822 0
23834 0
23848 0
23863 0
23876 0
23880 1
23887 0
23897 0
23903 1
23909 1
23910 1
23912 0
23916 0
23924 0
23936 1
23938 0
23949 0
23951 1
23957 0
23968 1
23976 0
23979 1
23980 1
23983 1
23987 0
24000 1
24009 0
24011 1
24016 1
24018 1
24031 1
24039 1
24042 0
24044 0
24063 0
24074 0
24082 0
24095 0
24102 1
24109 0
24117 0
24120 1
24123 0
24136 0
24148 1
24150 1
24155 0
24157 0
24159 0
24162 1
24170 0
24178 0
24193 1
24207 0
24212 1
24221 0
24223 1
24225 1
24236 0
24248 1
24254 1
24261 1
24273 1
24282 1
24296 1
24311 0
24317 0
24326 0
24329 0
24333 0
24346 0
24349 0
24360 0
24374 1
24385 1
24400 0
24415 1
24426 0
24435 0
24441 0
24454 1
24461 1
24468 0
24477 0
24478 0
24481 1
24483 0
24490 0
24505 1
24512 0
24520 0
24531 0
24533 0
24534 0
24541 0
24553 0
24561 0
24567 0
24572 0
24581 0
24592 0
24596 1
24600 0
24615 1
24623 1
24628 0
24629 1
24633 0
24634 0
24635 0
24646 1
24654 0
24666 1
24680 1
24692 1
24705 0
24707 1
24711 1
24717 1
24729 0
24744 1
24756 1
24765 0
24779 1
24793 1
24807 0
24819 0
24830 0
24845 0
24853 1
24880 0
24886 1
24889 1
24915 1
24926 0
24928 1
24942 1
24956 0
24968 0
24976 1
24979 1
24984 1
24986 0
24997 1
25012 1
25018 1
25030 0
25032 0
25040 0
25049 1
25053 1
25065 0
25079 1
25086 0
25088 1
25097 0
25101 0
25106 1
25124 0
25128 0
25139 0
25144 1
25158 1
25169 0
25171 0
25177 1
25204 0
25207 1
25211 1
25222 0
25237 1
25241 0
25253 0
25257 0
25261 0
25268 1
25272 1
25275 0
25278 0
25284 1
25297 0
25313 0
25328 0
25343 1
25358 0
25361 0
25373 0
25387 1
25401 1
25409 1
25415 0
25418 1
25433 1
25439 1
25442 0
25455 1
25457 0
25459 1
25466 1
25482 1
25487 0
25489 0
25504 0
25517 1
25522 0
25529 1
25539 1
25544 1
25552 1
25566 0
25570 1
25573 1
25587 1
25600 1
25601 0
25613 0
25617 1
25625 1
25638 1
25647 1
25660 1
25664 1
25673 1
25684 1
25689 1
25693 1
25707 1
25721 0
25726 1
25732 1
25735 1
25737 1
25749 1
25752 0
25761 1
25772 1
25775 0
25776 0
25789 0
25798 0
25799 0
25807 1
25816 0
25821 0
25829 1
25836 0
25847 1
25862 0
25871 1
25874 1
25882 0
25893 0
25906 0
25909 1
25914 1
25928 1
25941 1
25946 1
25960 0
25975 0
25982 1
25990 1
26004 1
26018 0
26020 0
26023 0
26032 1
26035 0
26036 1
26042 1
26053 0
26061 0
26074 0
26089 1
26095 1
26102 1
26110 1
26122 0
26125 0
26129 0
26143 1
26150 1
26163 0
26169 0
26171 0
26182 1
26189 1
26196 0
26210 0
26222 0
26237 1
26242 1
26253 0
26254 1
26261 1
26270 1
26285 0
26298 0
26312 1
26315 1
26316 1
26325 0
26331 0
26336 0
26340 1
26341 1
26354 0
26381 0
26395 0
26408 0
26421 1
26428 1
26436 1
26441 0
26454 0
26456 1
26463 1
26478 1
26490 1
26499 1
26510 1
26518 0
26527 1
26541 1
26555 0
26564 1
26567 1
26578 0
26579 0
26583 1
26586 1
26593 0
26607 1
26608 1
26613 0
26616 1
26622 1
26630 1
26635 0
26638 1
26652 1
26659 1
26666 1
26669 0
26682 0
26685 1
26699 0
26704 1
26706 0
26709 0
26712 1
26723 0
26726 1
26741 1
26750 0
26755 1
26764 0
26776 1
26780 1
26792 1
26796 1
26803 0
26805 1
26809 0
26823 1
26831 1
26842 0
26849 1
26877 1
26885 1
26888 0
26891 0
26896 1
26907 0
26911 1
26916 0
26930 1
26945 0
26952 0
26958 0
26969 1
26972 0
26977 0
26984 1
26997 1
27003 1
27008 0
27010 1
27014 1
27022 0
27036 0
27043 0
27050 1
27064 0
27068 1
27070 1
27083 0
27086 1
27099 0
27113 1
27125 1
27130 0
27131 0
27146 0
27155 1
27157 0
27168 1
27179 1
27182 0
27191 0
27194 0
27205 1
27217 1
27218 0
27232 1
27244 1
27255 1
27268 0
27273 0
27284 0
27299 1
27314 0
27329 0
27341 1
27345 0
27358 1
27373 0
27387 0
27392 1
27422 1
27426 1
27432 0
27434 0
27448 1
27450 1
27465 0
27480 0
27487 1
27504 1
27513 0
27518 0
27522 0
27525 0
27536 1
27539 0
27552 0
27558 1
27559 0
27574 0
27588 1
27591 1
27593 1
27595 1
27597 0
27599 0
27603 1
27604 0
27608 0
27620 0
27631 0
27646 0
27660 1
27663 1
27675 1
27686 0
27695 0
27700 0
27707 1
27716 0
27725 0
27728 1
27730 0
27736 0
27745 1
27752 0
27757 0
27763 0
27778 1
27790 0
27797 0
27811 0
27826 0
27832 1
27835 0
27846 0
27849 1
27863 1
27865 1
27872 1
27878 0
27881 0
27896 0
27908 0
27913 0
27916 1
27921 1
27924 0
27938 0
27945 0
27946 1
27953 1
27954 0
27958 0
27970 1
27974 1
27979 0
27991 0
28003 1
28012 1
28014 0
28018 0
28034 0
28036 0
28040 0
28043 0
28052 1
28069 0
28083 1
28086 1
28093 1
28098 1
28102 0
28109 1
28116 0
28120 1
28131 1
28136 1
28150 1
28158 0
28167 1
28171 1
28186 1
28198 0
28209 1
28218 1
28231 1
28244 1
28252 1
28261 0
28273 0
28274 0
28285 0
28291 0
28296 0
28301 1
28307 0
28315 1
28320 1
28327 1
28338 1
28350 0
28365 1
28378 0
28384 0
28387 1
28395 0
28407 1
28409 1
28417 1
28428 0
28435 0
28444 1
28456 1
28465 1
28469 0
28474 0
28478 1
28487 1
28488 0
28502 0
28503 0
28516 0
28524 0
28531 1
28546 0
28559 0
28572 1
28585 1
28596 1
28599 0
28614 0
28629 1
28643 1
28654 0
28656 1
28668 1
28671 1
28678 1
28686 0
28691 1
28702 1
28709 1
28714 1
28725 1
28731 1
28740 1
28742 1
28751 1
28759 0
28767 1
28776 0
28788 1
28789 0
28797 1
28798 1
28811 1
28820 1
28832 1
28840 0
28855 0
28869 1
28878 1
28885 0
28892 0
28898 1
28903 0
28905 0
28920 0
28921 1
28935 0
28954 0
28959 0
28970 1
28975 1
28978 0
28987 0
28993 0
29002 1
29015 1
29021 0
29030 1
29037 0
29042 1
29048 1
29050 0
29059 0
29074 0
29081 0
29089 0
29097 1
29110 0
29122 1
29128 1
29136 0
29151 0
29166 1
29172 0
29183 1
29185 1
29188 1
29202 0
29215 1
29216 1
29230 0
29232 1
29243 1
29245 1
29257 0
29266 1
29281 0
29289 0
29298 1
29301 1
29313 0
29321 1
29334 1
29349 0
29351 0
29357 0
29369 0
29381 0
29396 0
29405 0
29417 1
29421 0
29432 1
29439 1
29450 1
29455 0
29456 1
29459 1
29463 0
29472 0
29479 1
29480 0
29485 1
29496 1
29503 1
29506 1
29514 1
29518 0
29525 1
29532 0
29538 1
29549 1
29558 0
29565 0
29566 1
29569 0
29575 0
29580 1
29586 1
29601 0
29605 0
29619 1
29621 0
29634 0
29642 1
29650 0
29655 1
29663 0
29670 1
29672 1
29678 1
29683 0
29689 0
29693 1
29706 0
29724 0
29733 1
29741 1
29743 1
29750 0
29764 0
29772 0
29777 0
29780 0
29786 1
29795 1
29806 1
29821 1
29822 0
29828 0
29840 0
29847 1
29852 1
29867 1
29880 1
29882 0
29887 1
29895 1
29901 1
29902 1
29903 0
29910 1
29919 0
29933 0
29946 1
29960 0
29962 1
29975 0
29989 0
30003 0
30014 1
30016 1
30017 0
30022 1
30037 1
30046 1
30055 1
30062 1
30065 1
30076 0
30087 1
30091 1
30096 0
30108 1
30113 1
30125 1
30139 1
30143 0
30150 0
30151 1
30158 0
30170 1
30182 1
30191 1
30206 0
30208 1
30210 1
30214 0
30219 1
30223 1
30225 0
30239 1
30250 0
30255 0
30258 1
30261 0
30276 1
30280 0
30284 1
30296 1
30301 1
30316 1
30322 1
30325 1
30338 0
30351 1
30358 1
30367 0
30379 1
30387 1
30391 0
30405 0
30413 0
30427 0
30438 0
30440 0
30452 1
30454 0
30459 0
30466 1
30473 1
30477 0
30481 1
30492 0
30494 0
30499 1
30501 1
30503 1
30516 1
30517 1
30519 0
30534 0
30543 0
30552 1
30554 1
30560 1
30573 0
30579 1
30582 1
30588 0
30590 0
30595 1
30607 0
30611 1
30616 0
30620 0
30625 0
30639 0
30645 1
30653 1
30661 0
30674 1
30675 0
30676 1
30679 0
30681 1
30688 1
30696 0
30711 0
30723 0
30725 0
30728 1
30731 1
30742 1
30754 1
30760 0
30769 1
30776 1
30784 0
30795 0
30800 0
30801 1
30806 1
30812 1
30819 0
30828 0
30839 1
30847 0
30862 0
30876 1
30879 1
30894 0
30905 1
30910 0
30912 1
30914 1
30929 0
30938 0
30945 1
30952 0
30963 0
30967 0
30969 1
30976 0
30983 0
30987 1
30988 0
30989 1
30990 0
30998 1
30999 0
31014 1
31026 1
31027 1
31029 1
31038 0
31042 1
31057 1
31058 1
31060 1
31074 0
31078 0
31091 0
31103 0
31104 0
31107 0
31115 0
31116 0
31125 1
31147 0
31160 1
31163 1
31172 1
31173 1
31187 0
31200 0
31208 1
31214 0
31223 0
31228 0
31236 0
31248 0
31250 0
31253 1
31265 0
31279 0
31281 0
31296 0
31305 0
31312 1
31316 0
31318 1
31333 0
31339 0
31345 0
31346 1
31353 1
31358 0
31370 1
31378 1
31392 1
31407 0
31415 0
31419 0
31420 1
31433 0
31446 0
31447 0
31458 1
31465 1
31476 0
31478 1
31493 0
31507 0
31513 1
31525 1
31537 0
31542 0
31548 0
31562 0
31574 0
31581 1
31593 0
31598 0
31612 1
31624 0
31633 0
31636 1
31648 0
31660 1
31664 1
31675 0
31690 0
31702 0
31715 0
31719 0
31721 0
31723 0
31730 1
31739 0
31750 1
31760 0
31771 0
31785 0
31799 1
31803 1
31817 0
31825 0
31834 0
31840 1
31848 0
31852 0
31866 0
31867 1
31870 1
31877 0
31885 1
31892 1
31901 0
31907 1
31908 0
31922 1
31933 0
31948 0
31949 1
31954 0
31958 1
31966 0
31970 1
31973 0
31986 0
31992 0
31997 0
32008 0
32009 1
32017 1
32030 0
32038 0
32049 1
32064 1
32072 0
32085 1
32100 1
32114 0
32117 1
32119 1
32127 1
32135 0
32142 0
32151 1
32153 0
32158 1
32166 1
32180 0
32186 0
32193 1
32199 1
32208 1
32222 1
32227 1
32235 1
32238 1
32240 0
32247 1
32249 1
32257 0
32278 0
32283 1
32285 0
32287 0
32295 0
32309 1
32316 0
32323 1
32324 0
32325 1
32326 1
32333 0
32347 0
32355 1
32358 1
32370 0
32379 0
32384 1
32390 0
32395 0
32396 1
32403 0
32404 0
32417 1
32428 0
32434 1
32436 1
32449 0
32452 1
32467 1
32469 0
32483 1
32488 0
32494 0
32498 0
32501 1
32504 0
32505 1
32517 1
32530 1
32537 1
32540 1
32551 0
32566 1
32580 1
32594 1
32600 1
32613 1
32622 0
32636 0
32641 0
32655 1
32662 0
32667 0
32676 1
32678 0
32691 0
32692 0
32697 0
32710 1
32717 1
32725 0
32728 1
32733 1
32746 0
32762 0
32764 1
32775 0
32788 0
32794 0
32798 1
32803 1
32815 1
32822 1
32825 1
32830 0
32842 1
32854 1
32856 1
32865 1
32867 0
32870 1
32875 0
32878 1
32890 0
32902 0
32916 1
32925 0
32929 0
32935 1
32958 0
32971 0
32974 1
32988 0
32993 0
32995 0
33009 0
33013 0
33025 0
33039 0
33042 0
33057 0
33064 0
33078 0
33090 1
33103 1
33107 0
33115 0
33117 1
33130 1
33131 0
33143 0
33158 1
33161 0
33175 0
33188 0
33195 0
33207 1
33221 1
33233 1
33240 1
33242 1
33249 0
33254 0
33259 0
33273 1
33287 1
33301 1
33313 0
33319 0
33325 1
33334 1
33341 1
33346 1
33355 0
33357 1
33360 0
33375 1
33381 0
33392 1
33397 1
33402 1
33413 0
33426 0
33429 1
33444 1
33450 1
33453 0
33459 0
33471 0
33479 1
33484 0
33497 1
33512 1
33521 0
33545 1
33547 0
33549 0
33560 1
33568 1
33572 1
33586 1
33594 1
33595 0
33598 1
33609 1
33610 1
33613 1
33614 1
33630 0
33632 1
33647 0
33661 1
33666 0
33669 0
33677 0
33691 1
33696 0
33704 0
33706 1
33710 0
33723 0
33731 0
33745 1
33750 1
33758 0
33759 1
33766 1
33767 1
33782 0
33787 0
33789 0
33793 1
33800 1
33812 0
33815 0
33824 1
33831 1
33837 1
33840 0
33851 0
33852 0
33864 0
33865 1
33873 1
33887 0
33902 0
33908 1
33915 0
33916 0
33924 0
33933 0
33939 1
33954 0
33960 0
33975 0
33981 1
33990 1
33996 0
33998 1
34000 0
34012 1
34024 0
34026 1
34032 0
34047 1
34054 1
34067 0
34069 1
34083 0
34089 1
34092 1
34099 1
34104 1
34112 0
34113 1
34121 0
34127 1
34140 0
34145 1
34152 1
34167 0
34180 0
34195 0
34209 0
34215 0
34220 1
34228 0
34231 0
34236 1
34239 0
34241 0
34248 0
34253 1
34256 1
34262 0
34269 1
34281 1
34293 1
34300 1
34308 1
34317 0
34320 0
34321 0
34328 0
34341 0
34354 1
34366 0
34375 1
34388 0
34397 0
34406 0
34419 0
34428 0
34441 0
34453 1
34462 1
34475 0
34490 1
34495 0
34524 1
34527 1
34532 0
34546 0
34557 1
34564 0
34565 0
34570 0
34577 1
34584 0
34593 0
34604 1
34606 0
34621 1
34635 1
34647 0
34650 0
34652 0
34666 0
34671 0
34675 0
34678 0
34693 1
34699 1
34713 1
34725 1
34738 1
34740 1
34754 1
34762 0
34773 1
34798 1
34799 1
34800 1
34803 1
34806 1
34817 1
34825 1
34831 1
34843 1
34844 0
34856 0
34860 1
34868 0
34883 1
34890 0
34895 0
34908 0
34910 1
34919 0
34927 1
34940 0
34945 1
34949 0
34962 1
34963 1
34969 0
34970 1
34984 1
34998 1
34999 0
35014 1
35025 0
35039 1
35052 1
35061 0
35074 1
35087 1
35094 0
35106 1
35108 0
35119 0
35128 1
35135 1
35143 0
35156 0
35157 1
35159 0
35171 1
35182 1
35187 0
35198 1
35206 0
35218 0
35229 0
35233 0
35235 0
35250 1
35265 1
35269 1
35275 0
35281 0
35293 0
35295 1
35308 1
35319 0
35328 1
35331 1
35344 0
35351 0
35365 0
35368 0
35383 1
35398 0
35404 1
35406 1
35415 0
35422 1
35423 0
35424 1
35425 0
35436 1
35447 0
35461 0
35473 0
35482 1
35486 0
35495 1
35508 0
35516 0
35527 1
35539 0
35541 1
35542 0
35546 0
35555 0
35566 1
35581 0
35594 1
35603 0
35605 1
35609 1
35622 0
35637 0
35640 0
35643 0
35649 0
35664 0
35671 0
35678 1
35683 1
35694 0
35705 1
35709 0
35716 1
35723 1
35732 0
35738 0
35739 0
35751 0
35758 1
35772 0
35776 1
35789 0
35798 0
35800 1
35803 1
35805 1
35820 1
35822 0
35831 0
35843 0
35847 0
35854 1
35865 1
35866 0
35870 0
35876 1
35877 1
35879 1
35890 0
35894 1
35907 0
35919 0
35922 1
35928 1
35931 0
35946 1
35947 1
35962 0
35964 1
35969 0
35971 0
35986 0
36006 1
36020 1
36033 0
36037 1
36042 0
36054 1
36067 1
36071 0
36076 0
36094 0
36101 1
36107 1
36111 1
36116 1
36124 0
36135 1
36150 0
36156 0
36164 1
36167 1
36170 1
36181 0
36196 1
36211 1
36220 1
36235 0
36240 1
36248 0
36270 1
36276 0
36285 0
36296 0
36302 1
36305 0
36318 1
36332 1
36346 0
36354 1
36361 0
36390 0
36397 1
36399 0
36400 0
36406 1
36408 1
36412 0
36413 0
36421 0
36435 0
36438 0
36450 0
36465 0
36477 1
36482 0
36493 0
36500 1
36508 0
36528 0
36543 0
36550 0
36555 0
36557 1
36569 0
36578 0
36593 0
36594 0
36599 1
36616 1
36623 0
36635 0
36641 0
36656 1
36660 0
36669 0
36681 0
36690 1
36703 0
36718 1
36722 1
36733 0
36747 1
36761 0
36763 0
36770 0
36782 0
36784 1
36797 1
36808 0
36813 0
36826 1
36833 1
36836 0
36839 1
36851 1
36866 0
36878 1
36891 1
36906 0
36918 1
36933 0
36945 1
36956 1
36969 0
36976 0
36977 0
36982 0
36983 1
36984 1
36985 0
36993 0
37002 0
37006 1
37014 0
37023 1
37029 0
37038 1
37044 1
37049 1
37053 1
37062 1
37069 0
37074 1
37085 1
37092 1
37096 1
37102 0
37110 1
37122 1
37135 0
37144 0
37146 1
37153 1
37168 0
37169 0
37178 0
37181 0
37182 1
37196 0
37209 0
37221 1
37225 0
37237 1
37246 0
37270 0
37277 0
37290 0
37305 0
37308 1
37319 1
37326 1
37329 1
37343 1
37358 1
37362 1
37363 0
37364 1
37367 0
37381 1
37393 1
37394 1
37395 1
37408 1
37419 0
37434 1
37438 0
37452 0
37466 0
37467 0
37481 1
37485 0
37498 0
37512 0
37513 0
37524 0
37531 0
37537 0
37546 1
37559 1
37570 0
37578 1
37587 0
37595 0
37608 1
37610 1
37619 0
37625 1
37639 1
37644 0
37650 0
37664 1
37672 0
37675 1
37679 1
37693 1
37708 1
37712 1
37713 1
37728 1
37734 1
37741 1
37749 0
37750 0
37759 1
37776 1
37779 1
37782 0
37794 0
37803 0
37809 0
37820 1
37828 1
37835 1
37842 0
37844 1
37858 0
37859 0
37865 0
37877 1
37890 0
37902 1
37909 0
37913 0
37927 0
37938 0
37953 1
37962 0
37975 1
37981 1
37989 1
37991 0
38004 1
38012 1
38017 0
38028 1
38043 1
38058 1
38070 0
38073 1
38078 0
38087 1
38089 1
38090 1
38099 0
38113 1
38115 1
38122 0
38126 0
38127 1
38133 1
38134 0
38138 1
38151 0
38177 1
38191 1
38198 1
38205 0
38225 1
38234 1
38238 0
38239 0
38242 1
38246 0
38261 1
38268 0
38274 0
38278 1
38292 1
38296 1
38300 0
38309 0
38321 1
38329 1
38332 1
38343 1
38354 0
38358 0
38372 1
38378 1
38385 1
38387 1
38389 0
38395 0
38398 1
38400 0
38406 1
38414 0
38422 0
38426 0
38428 1
38439 1
38450 1
38464 0
38466 1
38478 1
38490 0
38491 1
38506 1
38519 1
38527 0
38532 0
38534 1
38538 0
38546 0
38550 0
38553 1
38565 1
38571 0
38578 1
38587 0
38602 0
38613 1
38618 1
38627 0
38630 0
38632 1
38634 0
38640 1
38642 0
38643 0
38657 0
38659 1
38663 0
38668 1
38672 0
38675 1
38678 0
38687 0
38691 0
38705 1
38717 0
38718 0
38730 0
38742 0
38743 0
38750 0
38762 1
38763 0
38776 1
38783 1
38788 0
38799 1
38804 0
38828 0
38836 0
38843 1
38852 0
38854 0
38862 1
38874 0
38897 0
38901 1
38905 1
38914 1
38927 1
38940 1
38955 1
38963 0
38968 0
38982 1
38983 1
38995 0
39004 0
39010 0
39011 1
39024 1
39038 1
39039 1
39051 1
39065 1
39073 0
39076 1
39080 0
39088 1
39096 0
39108 1
39122 1
39136 0
39145 0
39146 0
39150 1
39151 1
39154 1
39163 0
39175 0
39176 1
39181 1
39188 0
39190 0
39199 1
39214 0
39217 1
39228 0
39241 1
39254 1
39258 1
39266 0
39274 0
39282 0
39286 1
39295 0
39301 0
39319 0
39324 1
39335 0
39336 1
39351 0
39357 0
39361 0
39366 0
39372 0
39386 0
39391 0
39395 0
39406 1
39420 1
39432 0
39447 0
39460 0
39466 1
39473 0
39486 1
39489 0
39497 1
39511 1
39517 1
39518 1
39520 0
39524 0
39530 0
39544 1
39546 0
39561 1
39570 0
39581 1
39587 0
39601 0
39612 1
39625 1
39631 0
39632 0
39644 0
39650 0
39655 1
39656 0
39670 0
39673 1
39682 0
39690 1
39699 1
39706 1
39721 1
39726 1
39733 1
39735 0
39738 0
39739 0
39751 1
39755 1
39769 0
39771 0
39785 1
39798 1
39805 0
39810 1
39816 1
39827 1
39841 1
39848 1
39854 0
39859 0
39867 1
39873 1
39880 0
39886 0
39897 1
39901 1
39906 0
39914 1
39927 1
39933 1
39934 1
39936 0
39939 0
39951 0
39962 1
39964 0
39968 0
39975 1
39981 0
39993 0
40007 1
40008 1
40034 1
40047 0
40056 1
40069 0
40071 0
40073 0
40074 1
40079 1
40094 1
40099 0
40105 1
40112 1
40116 1
40120 0
40128 1
40143 0
40157 1
40158 0
40163 1
40167 0
40178 1
40196 0
40209 1
40223 1
40225 1
40226 1
40231 1
40234 1
40236 1
40238 1
40246 0
40247 1
40262 0
40274 1
40283 1
40290 0
40291 1
40293 0
40302 1
40315 1
40327 1
40338 0
40341 1
40342 1
40354 1
40369 1
40376 0
40387 0
40396 1
40401 0
40412 0
40414 0
40428 0
40440 1
40453 0
40468 0
40475 1
40489 1
40497 1
40506 1
40515 1
40526 1
40535 1
40549 0
40564 0
40577 0
40591 0
40605 0
40610 0
40616 1
40635 0
40644 0
40652 0
40663 0
40664 1
40675 0
40684 1
40686 0
40698 1
40699 1
40712 0
40720 1
40727 0
40740 0
40753 0
40760 0
40772 1
40775 1
40776 1
40780 1
40792 1
40798 0
40805 1
40809 1
40823 0
40836 1
40848 0
40855 0
40867 0
40875 1
40882 0
40886 1
40889 1
40897 1
40910 0
40919 1
40933 0
40944 0
40946 1
40961 0
40962 1
40977 1
40984 1
40995 0
40999 0
41008 1
41022 0
41023 1
41025 0
41027 0
41036 1
41043 0
41055 0
41067 0
41078 1
41083 1
41088 0
41092 0
41105 1
41106 0
41118 0
41120 0
41128 0
41143 1
41150 1
41159 0
41161 1
41175 1
41182 1
41189 1
41195 0
41210 0
41219 1
41228 1
41243 0
41249 1
41264 0
41277 1
41290 1
41303 0
41304 1
41319 1
41323 0
41331 1
41336 0
41337 1
41343 0
41351 0
41352 0
41363 1
41365 0
41367 1
41371 0
41374 1
41380 0
41385 1
41389 1
41407 0
41420 0
41421 0
41432 0
41443 1
41456 1
41471 0
41474 0
41486 0
41494 0
41508 0
41512 1
41527 0
41530 0
41534 0
41545 1
41551 0
41553 0
41554 1
41567 1
41570 0
41576 1
41578 0
41587 0
41593 0
41597 0
41598 0
41600 0
41602 0
41613 1
41620 1
41624 0
41625 0
41626 1
41631 1
41637 0
41652 1
41666 1
41672 1
41675 1
41681 1
41692 1
41707 0
41722 0
41723 1
41738 0
41745 1
41753 1
41758 1
41760 0
41775 0
41782 0
41791 0
41806 1
41808 0
41809 0
41817 0
41830 0
41844 0
41857 0
41861 0
41864 0
41879 1
41891 1
41906 0
41921 0
41929 1
41937 0
41949 0
41955 0
41958 0
41972 0
41976 0
41985 1
41998 1
42012 0
42018 1
42035 1
42050 1
42061 0
42074 1
42081 0
42083 0
42090 1
42106 0
42109 0
42116 1
42144 1
42146 1
42155 1
42164 0
42170 0
42182 1
42187 1
42202 0
42210 0
42219 1
42232 1
42245 0
42259 1
42268 1
42275 1
42288 1
42289 0
42294 0
42309 1
42323 1
42332 0
42346 0
42354 1
42365 0
42368 1
42371 0
42380 0
42384 0
42392 0
42399 0
42412 0
42421 1
42426 0
42429 0
42440 1
42452 0
42455 1
42458 1
42470 1
42474 1
42482 1
42493 0
42507 0
42509 1
42513 0
42527 0
42528 0
42530 1
42536 1
42543 0
42571 0
42576 0
42590 0
42602 1
42613 0
42625 0
42629 1
42631 0
42633 1
42640 1
42648 0
42659 1
42674 0
42675 0
42680 1
42694 1
42698 1
42712 0
42720 1
42746 0
42753 1
42768 0
42776 0
42777 1
42785 1
42788 0
42802 1
42804 0
42811 0
42816 1
42825 0
42828 0
42835 0
42836 1
42851 0
42859 1
42864 0
42878 1
42890 1
42902 1
42910 0
42919 1
42934 1
42941 0
42949 1
42952 1
42960 1
42964 1
42967 0
42968 1
42982 1
42990 0
43003 1
43009 0
43011 1
43022 0
43035 1
43044 0
43053 0
43062 1
43068 0
43076 1
43087 1
43099 0
43103 0
43114 1
43128 1
43129 0
43137 1
43142 0
43144 1
43158 0
43166 1
43179 0
43182 1
43184 1
43192 0
43197 0
43206 0
43209 0
43210 0
43219 1
43224 1
43228 0
43239 1
43250 0
43258 0
43263 1
43272 1
43273 0
43287 1
43294 1
43305 0
43320 1
43331 1
43332 0
43343 1
43358 1
43362 1
43369 0
43375 0
43387 1
43394 1
43400 1
43406 1
43414 1
43428 0
43431 0
43444 1
43446 0
43452 0
43455 0
43458 1
43460 1
43464 0
43468 0
43483 1
43490 1
43505 0
43510 0
43517 1
43526 1
43532 1
43545 0
43560 1
43563 0
43575 0
43581 0
43586 0
43599 0
43603 1
43604 1
43612 0
43626 1
43635 0
43648 1
43654 1
43667 1
43681 0
43684 0
43690 1
43699 1
43711 1
43718 1
43726 1
43739 0
43748 1
43762 0
43764 1
43776 1
43779 0
43785 1
43799 1
43800 0
43815 0
43818 1
43827 0
43830 1
43834 1
43840 1
43851 0
43859 0
43865 0
43873 1
43880 0
43886 1
43897 1
43903 1
43909 1
43914 1
43917 0
43929 1
43930 1
43936 0
43941 0
43952 0
43963 1
43977 0
43983 0
43991 0
43996 0
44009 0
44015 1
44023 0
44038 1
44053 1
44058 1
44071 0
44082 1
44093 0
44106 0
44119 0
44125 1
44134 1
44138 0
44152 0
44155 1
44170 0
44171 1
44184 1
44199 0
44224 0
44233 0
44238 1
44249 1
44256 1
44269 1
44280 1
44286 1
44290 0
44297 0
44309 0
44322 1
44336 1
44339 0
44350 0
44358 0
44360 1
44366 1
44373 1
44376 1
44389 1
44400 0
44415 1
44430 1
44443 1
44457 0
44465 1
44474 1
44475 1
44477 0
44492 1
44498 0
44500 0
44514 1
44529 0
44542 0
44549 0
44554 0
44569 1
44580 0
44588 0
44596 1
44607 1
44611 1
44622 1
44633 0
44641 1
44654 0
44657 1
44668 0
44679 1
44682 0
44684 1
44691 0
44705 1
44706 0
44719 1
44727 1
44735 0
44748 1
44754 0
44767 0
44775 1
44779 0
44794 1
44803 0
44809 0
44818 1
44832 1
44833 1
44842 1
44845 1
44854 1
44858 1
44869 0
44877 1
44888 1
44895 1
44908 0
44912 1
44917 0
44921 0
44926 1
44937 0
44959 0
44971 1
44986 0
44998 1
44999 0
45007 0
45021 1
45024 0
45035 1
45038 0
45052 1
45053 1
45061 0
45070 1
45081 1
45089 0
45096 0
45099 1
45103 0
45111 0
45116 0
45129 1
45140 1
45147 1
45160 0
45169 0
45172 1
45180 0
45193 1
45206 1
45215 0
45217 1
45221 0
45222 1
45227 1
45234 0
45248 1
45249 1
45255 0
45258 0
45262 0
45271 0
45285 0
45296 1
45308 1
45314 1
45322 0
45326 1
45329 1
45341 0
45347 1
45360 0
45372 0
45377 0
45379 1
45383 1
45386 0
45397 1
45399 0
45403 0
45414 1
45415 0
45427 0
45440 0
45446 1
45459 0
45474 0
45482 0
45487 1
45501 1
45512 0
45515 1
45527 0
45529 0
45531 0
45535 1
45539 0
45541 0
45548 1
45562 0
45565 1
45576 0
45583 1
45584 1
45599 1
45604 0
45615 0
45628 1
45635 0
45653 0
45664 0
45668 1
45671 1
45675 0
45690 1
45698 1
45699 1
45701 0
45708 1
45712 1
45721 0
45735 1
45741 1
45742 1
45745 0
45746 0
45751 0
45760 0
45769 0
45783 1
45794 0
45803 1
45810 1
45811 0
45824 1
45838 1
45853 1
45854 0
45856 0
45869 0
45880 0
45883 0
45886 1
45891 1
45892 1
45895 1
45904 1
45910 0
45936 0
45948 0
45961 0
45975 1
45984 1
45992 0
45993 0
45997 0
46003 0
46015 1
46016 0
46031 1
46038 0
46052 0
46056 0
46067 0
46080 0
46085 1
46113 0
46115 0
46116 0
46117 0
46126 0
46137 0
46145 1
46154 0
46163 1
46178 1
46186 0
46193 1
46216 1
46230 1
46237 0
46241 0
46247 0
46249 0
46256 0
46263 0
46275 1
46289 1
46291 1
46297 0
46304 1
46315 1
46317 1
46325 1
46334 1
46346 1
46350 0
46362 1
46375 1
46378 1
46385 1
46392 0
46401 1
46418 1
46430 1
46433 1
46448 0
46452 0
46463 0
46477 1
46481 0
46488 1
46502 0
46514 1
46526 1
46539 0
46548 0
46559 1
46573 1
46586 1
46592 1
46593 1
46594 1
46601 1
46609 1
46621 0
46629 1
46632 1
46646 0
46653 1
46657 1
46672 0
46675 0
46690 0
46694 1
46696 1
46703 1
46715 1
46727 0
46738 0
46753 1
46756 1
46760 0
46763 0
46783 0
46788 0
46803 1
46806 0
46809 0
46810 1
46824 0
46828 0
46833 1
46847 0
46866 0
46872 0
46873 1
46881 0
46887 1
46895 0
46896 1
46898 1
46902 1
46914 0
46927 0
46940 1
46941 0
46942 0
46946 0
46957 0
46962 1
46970 0
46984 1
46985 0
47000 0
47011 1
47023 1
47035 0
47042 1
47049 0
47067 1
47069 0
47084 1
47092 1
47097 1
47102 0
47108 1
47120 1
47125 1
47139 0
47152 0
47159 0
47163 0
47170 0
47175 1
47184 1
47193 0
47205 1
47216 1
47229 0
47238 1
47253 0
47260 1
47277 1
47284 0
47309 1
47318 1
47320 0
47324 0
47329 1
47344 1
47350 0
47362 0
47367 0
47380 0
47385 1
47394 1
47409 0
47416 0
47428 0
47432 0
47443 0
47456 1
47470 0
47473 1
47484 0
47498 1
47512 1
47519 0
47526 1
47531 0
47538 1
47552 0
47559 0
47574 1
47587 1
47588 1
47602 0
47604 1
47609 1
47616 0
47621 0
47635 1
47636 0
47644 0
47657 0
47660 1
47662 1
47665 0
47677 0
47678 0
47686 0
47690 0
47695 0
47704 1
47711 0
47723 0
47724 0
47735 0
47740 1
47763 0
47766 1
47769 0
47774 0
47780 0
47786 0
47792 0
47799 1
47805 1
47808 1
47815 1
47829 0
47830 0
47837 1
47839 0
47850 0
47865 1
47866 1
47877 1
47880 0
47893 1
47898 0
47902 1
47905 1
47911 0
47914 0
47928 0
47942 0
47955 1
47966 1
47978 0
47986 0
47999 0
48000 0
48007 1
48012 1
48016 0
48028 1
48035 1
48043 1
48051 1
48066 1
48070 1
48083 0
48084 0
48097 0
48108 1
48112 0
48114 0
48123 1
48134 0
48141 1
48147 1
48160 1
48165 1
48179 1
48190 1
48202 0
48208 1
48221 0
48229 0
48232 0
48247 0
48251 0
48257 0
48259 0
48271 0
48285 0
48292 0
48305 1
48319 1
48331 0
48346 1
48352 0
48360 1
48365 1
48369 0
48372 1
48387 1
48396 1
48397 1
48402 0
48408 1
48410 1
48422 1
48435 0
48438 0
48439 0
48454 0
48455 0
48460 1
48462 1
48464 0
48469 1
48483 1
48490 1
48494 0
48501 0
48509 1
48518 1
48522 0
48527 1
48529 0
48541 0
48542 1
48550 1
48565 0
48580 0
48584 0
48597 1
48602 0
48609 1
48623 1
48634 0
48642 0
48648 1
48655 0
48670 0
48675 1
48684 1
48687 1
48695 1
48701 0
48702 1
48703 1
48705 0
48712 1
48720 1
48725 1
48728 0
48739 1
48741 1
48748 1
48763 0
48777 0
48791 0
48802 0
48817 0
48829 1
48844 0
48859 1
48870 1
48885 1
48887 0
48900 1
48929 1
48942 1
48955 1
48961 1
48967 0
48976 1
48979 1
48986 1
49001 1
49015 0
49028 1
49036 0
49049 0
49055 0
49066 0
49074 0
49079 1
49091 1
49092 1
49103 0
49109 1
49116 1
49127 0
49139 1
49148 0
49157 0
49168 0
49171 0
49183 1
49195 0
49197 1
49210 1
49211 0
49225 0
49226 0
49235 0
49246 1
49259 1
49274 0
49281 0
49293 1
49304 0
49318 0
49329 1
49344 0
49351 0
49365 0
49378 1
49385 1
49387 0
49388 0
49392 1
49407 0
49411 0
49412 0
49414 0
49429 0
49441 1
49454 1
49457 0
49469 0
49475 1
49486 1
49499 1
49502 1
49503 1
49518 1
49520 1
49526 1
49534 1
49542 0
49558 0
49571 1
49574 1
49585 1
49599 1
49603 0
49605 1
49611 0
49626 1
49630 0
49645 0
49653 0
49664 1
49675 1
49683 1
49689 0
49690 0
49701 1
49707 1
49711 1
49712 0
49716 0
49719 1
49733 0
49747 1
49758 0
49766 0
49779 1
49787 0
49790 0
49792 1
49804 1
49807 0
49815 1
49818 0
49833 1
49836 0
49841 1
49844 1
49859 0
49868 1
49883 1
49894 1
49907 1
49914 0
49922 0
49928 0
49943 1
49952 0
49958 0
49967 0
49969 0
49975 0
49978 0
49983 0
49998 1
50006 0
50011 0
50013 0
50020 1
50021 1
50026 0
50038 0
50042 0
50048 1
50064 0
50078 1
50086 0
50097 1
50105 1
50109 0
50113 1
50124 1
50130 1
50142 1
50147 0
50176 1
50178 1
50186 0
50192 0
50206 1
50212 0
50214 1
50223 0
50227 1
50239 0
50245 0
50254 0
50259 1
50267 1
50276 1
50284 0
50291 1
50292 1
50300 1
50314 1
50326 1
50334 1
50339 1
50342 0
50356 0
50365 1
50385 0
50399 0
50405 0
50408 1
50410 0
50423 1
50438 0
50445 0
50453 0
50466 1
50470 0
50481 0
50482 0
50483 0
50497 1
50501 0
50512 0
50518 1
50527 1
50533 1
50547 0
50549 0
50550 0
50562 0
50568 0
50574 1
50580 1
50593 1
50605 1
50610 0
50623 1
50629 1
50633 1
50637 1
50644 0
50645 0
50649 1
50663 0
50678 1
50684 1
50691 1
50698 0
50700 1
50703 0
50709 0
50721 1
50723 1
50727 1
50732 0
50760 1
50772 0
50774 1
50788 1
50791 1
50805 0
50819 0
50832 1
50846 1
50854 0
50857 1
50860 0
50862 1
50867 1
50873 1
50877 1
50891 0
50897 0
50909 1
50914 1
50921 1
50925 0
50932 0
50945 0
50954 1
50962 1
50975 1
50979 1
50994 1
51009 0
51016 0
51027 1
51039 1
51043 1
51049 0
51057 1
51068 1
51077 0
51091 1
51099 1
51100 0
51102 0
51111 1
51120 1
51135 0
51150 0
51165 0
51166 0
51175 0
51176 0
51182 0
51183 0
51184 1
51191 1
51194 0
51200 1
51203 1
51208 0
51216 0
51229 0
51232 0
51247 1
51258 1
51273 1
51288 0
51303 1
51305 0
51311 1
51320 0
51332 1
51339 0
51353 1
51355 1
51358 1
51366 0
51375 1
51386 1
51399 1
51413 1
51424 1
51430 1
51439 0
51441 1
51455 0
51464 1
51479 0
51491 0
51496 0
51509 1
51522 1
51534 1
51549 1
51560 0
51569 1
51573 1
51577 0
51591 1
51596 1
51597 0
51602 0
51611 0
51617 1
51618 1
51619 1
51628 1
51632 0
51635 0
51639 0
51648 1
51660 0
51675 0
51687 1
51691 0
51702 1
51703 1
51718 1
51725 0
51732 1
51743 0
51756 0
51759 0
51763 1
51772 0
51785 0
51791 1
51806 0
51818 0
51832 1
51844 0
51846 1
51861 0
51872 0
51887 1
51890 0
51904 0
51907 0
51919 1
51925 0
51937 1
51941 0
51952 1
51966 0
51978 1
51982 1
51989 1
51991 0
51996 0
52011 0
52014 0
52026 0
52033 0
52034 0
52045 0
52047 1
52056 0
52070 1
52081 0
52090 0
52102 1
52114 0
52117 0
52130 0
52134 0
52143 0
52155 0
52167 0
52181 0
52192 1
52194 0
52206 1
52207 1
52221 0
52224 0
52232 0
52241 1
52253 0
52268 1
52280 0
52288 0
52293 1
52306 1
52317 0
52318 1
52322 0
52333 1
52340 0
52347 1
52352 1
52355 1
52362 1
52370 1
52384 0
52386 1
52397 0
52410 0
52416 1
52418 1
52425 1
52434 0
52449 0
52461 0
52469 0
52484 0
52488 0
52490 0
52502 0
52505 0
52512 1
52524 1
52528 0
52529 0
52553 0
52566 1
52580 0
52585 0
52587 1
52598 1
52602 0
52615 1
52617 0
52624 1
52632 1
52647 0
52651 1
52655 1
52662 0
52669 1
52678 0
52700 0
52702 1
52709 0
52717 1
52728 1
52736 0
52747 0
52754 1
52759 0
52774 0
52777 1
52785 1
52790 1
52792 0
52806 0
52821 0
52836 1
52837 0
52838 0
52842 0
52845 0
52857 0
52872 1
52880 1
52895 0
52899 0
52900 0
52909 1
52923 0
52936 0
52941 0
52954 1
52966 0
52981 1
52989 0
53015 0
53030 0
53043 0
53044 1
53052 0
53055 1
53063 1
53068 1
53079 1
53081 0
53087 1
53095 1
53107 0
53118 1
53133 0
53147 1
53150 0
53153 0
53154 0
53166 0
53172 0
53176 0
53184 1
53190 1
53205 0
53217 0
53225 1
53229 0
53242 0
53251 0
53263 1
53277 1
53281 1
53286 1
53299 1
53305 1
53309 1
53318 1
53322 1
53330 1
53341 1
53355 1
53359 0
53366 1
53367 0
53378 0
53386 1
53387 1
53399 0
53407 1
53418 0
53430 0
53443 0
53452 1
53458 0
53466 0
53474 0
53479 1
53491 1
53496 0
53515 1
53523 1
53525 1
53533 0
53534 1
53548 1
53551 0
53560 1
53565 1
53574 0
53589 0
53591 0
53600 0
53604 0
53612 0
53624 0
53636 0
53641 1
53665 0
53671 1
53678 1
53681 0
53696 0
53700 0
53707 1
53719 0
53733 0
53736 1
53745 1
53747 1
53760 0
53762 0
53764 0
53766 0
53771 1
53772 0
53787 0
53793 1
53796 0
53809 0
53810 1
53818 0
53831 0
53844 0
53855 0
53867 1
53868 1
53869 0
53880 1
53884 0
53898 1
53912 0
53921 0
53932 0
53944 0
53959 0
53965 0
53967 0
53970 0
53978 0
53986 1
53999 0
54003 1
54008 1
54016 0
54020 1
54025 1
54031 0
54044 1
54045 0
54060 0
54073 0
54080 1
54084 0
54096 0
54101 0
54106 0
54112 1
54115 0
54120 0
54123 0
54130 1
54135 1
54150 0
54155 1
54163 0
54166 1
54179 0
54188 0
54191 1
54196 1
54200 1
54214 0
54221 0
54223 0
54225 1
54228 0
54231 0
54239 1
54250 1
54264 0
54277 1
54278 0
54291 0
54306 1
54310 1
54323 1
54331 1
54340 0
54347 1
54356 1
54358 0
54359 0
54371 0
54372 0
54381 0
54384 1
54390 1
54403 0
54418 1
54425 1
54431 0
54444 1
54452 0
54476 0
54477 0
54485 0
54488 0
54490 0
54505 0
54509 1
54521 0
54533 0
54540 1
54542 1
54549 0
54555 1
54558 1
54566 1
54571 1
54574 0
54588 1
54595 0
54599 1
54606 1
54609 0
54614 0
54618 0
54621 1
54634 1
54640 0
54645 0
54656 0
54663 1
54667 1
54673 1
54678 0
54702 1
54703 0
54710 0
54711 0
54713 0
54714 1
54726 0
54729 1
54740 0
54743 0
54757 0
54771 1
54776 1
54789 0
54800 1
54806 0
54812 0
54823 1
54832 0
54848 1
54856 1
54862 0
54863 0
54877 0
54881 0
54882 1
54890 0
54903 1
54915 1
54928 1
54930 1
54942 1
54948 0
54955 1
54961 1
54965 0
54974 0
54985 0
54991 1
54992 1
54993 1
55004 1
55016 1
55029 1
55035 1
55037 1
55041 0
55056 0
55057 0
55066 0
55073 0
55084 0
55097 1
55110 1
55118 1
55126 0
55127 1
55133 0
55139 1
55140 1
55146 0
55157 1
55163 1
55169 1
55172 1
55177 1
55183 1
55189 1
55197 1
55198 1
55211 1
55213 1
55227 1
55238 0
55242 1
55244 1
55249 1
55256 1
55257 1
55258 1
55273 1
55285 1
55292 0
55299 0
55305 0
55313 1
55320 1
55334 1
55337 1
55348 1
55356 0
55357 1
55365 1
55368 0
55383 1
55392 0
55403 1
55412 0
55418 0
55419 1
55425 0
55437 1
55441 1
55445 1
55447 1
55455 0
55469 1
55472 0
55481 0
55482 1
55489 0
55498 1
55505 0
55520 0
55532 0
55536 0
55551 1
55558 1
55563 1
55569 1
55584 1
55589 0
55592 1
55603 1
55614 0
55625 0
55639 0
55654 0
55665 0
55669 1
55677 0
55686 0
55693 1
55705 0
55710 0
55718 0
55724 1
55732 1
55736 1
55751 0
55755 1
55759 0
55760 0
55775 0
55784 0
55791 1
55798 0
55799 0
55805 0
55818 1
55826 0
55831 1
55834 0
55838 0
55852 1
55853 0
55855 0
55866 1
55871 1
55875 0
55888 1
55903 0
55906 0
55914 1
55920 0
55933 0
55940 0
55944 1
55949 0
55958 1
55960 0
55971 1
55993 1
56007 1
56021 1
56023 1
56031 0
56032 1
56034 1
56038 0
56052 1
56053 1
56057 1
56064 1
56067 1
56074 0
56088 0
56096 1
56102 0
56115 0
56120 1
56131 1
56145 0
56154 0
56167 1
56180 0
56184 1
56196 1
56200 1
56213 1
56214 1
56229 0
56237 1
56240 0
56252 1
56266 0
56278 1
56282 1
56295 1
56307 0
56308 1
56320 0
56322 1
56328 0
56333 1
56347 0
56358 0
56360 1
56372 1
56378 0
56391 0
56403 1
56414 0
56423 0
56425 0
56426 1
56430 1
56454 1
56462 1
56477 0
56482 1
56493 0
56501 1
56508 0
56516 1
56529 1
56543 0
56545 0
56553 0
56558 0
56573 1
56586 0
56598 0
56599 1
56610 1
56613 1
56628 0
56637 1
56640 0
56654 1
56661 0
56663 0
56672 1
56676 1
56677 0
56688 1
56696 1
56702 1
56703 0
56714 0
56719 1
56722 1
56731 0
56737 1
56742 1
56743 0
56746 1
56750 1
56764 0
56779 0
56788 0
56801 1
56812 0
56825 0
56840 0
56849 0
56862 1
56875 1
56889 0
56890 0
56902 1
56907 1
56919 1
56924 1
56932 1
56937 1
56942 0
56954 1
56962 1
56971 1
56973 1
56978 0
56987 0
56991 1
57003 1
57017 1
57032 1
57040 1
57051 0
57059 0
57070 1
57078 1
57093 1
57095 1
57096 1
57097 0
57110 0
57119 0
57130 1
57141 0
57143 0
57146 1
57154 1
57166 1
57177 1
57192 0
57206 0
57211 0
57222 0
57233 0
57237 0
57245 1
57252 1
57258 0
57271 0
57272 0
57284 1
57288 0
57300 0
57315 0
57321 1
57333 0
57346 0
57349 0
57360 1
57362 0
57368 0
57374 0
57380 0
57394 0
57397 0
57410 0
57415 0
57417 1
57424 1
57437 0
57441 0
57444 0
57458 1
57464 0
57476 1
57483 1
57490 1
57497 0
57511 0
57512 1
57518 0
57529 1
57544 1
57557 1
57563 1
57564 1
57577 1
57580 0
57592 0
57595 0
57608 0
57617 0
57632 0
57634 1
57635 0
57636 0
57638 0
57647 0
57660 0
57671 1
57673 1
57674 1
57678 1
57683 0
57689 1
57696 0
57702 1
57711 1
57717 1
57722 1
57727 0
57735 0
57741 1
57748 1
57761 0
57768 1
57774 0
57779 0
57793 1
57800 1
57802 0
57814 1
57822 1
57831 0
57834 0
57840 0
57841 0
57854 1
57858 0
57865 0
57879 0
57880 0
57881 0
57890 0
57898 0
57899 1
57914 0
57931 1
57933 0
57936 0
57947 0
57958 0
57959 1
57972 0
57974 1
57977 1
57978 0
57989 1
57993 0
58000 0
58011 1
58016 0
58025 0
58037 1
58050 0
58065 1
58078 0
58084 1
58086 1
58097 0
58099 1
58103 0
58117 1
58122 1
58133 1
58139 0
58140 0
58149 1
58161 1
58173 1
58184 0
58188 1
58193 1
58195 0
58196 0
58199 0
58205 0
58208 1
58216 1
58219 0
58225 0
58237 1
58241 0
58243 0
58269 0
58281 1
58285 1
58292 1
58295 1
58302 1
58314 1
58321 0
58332 1
58335 0
58336 1
58344 1
58356 0
58360 0
58361 0
58364 0
58367 1
58373 0
58379 1
58387 1
58399 1
58404 1
58417 1
58432 0
58435 1
58439 1
58453 1
58464 0
58466 0
58475 0
58480 0
58487 1
58494 1
58498 1
58511 0
58518 1
58526 0
58535 0
58550 0
58555 1
58566 1
58572 0
58575 1
58578 0
58589 0
58596 1
58608 0
58610 0
58622 1
58627 1
58634 1
58642 1
58644 1
58658 1
58673 1
58686 0
58699 0
58706 1
58718 1
58724 1
58739 1
58744 1
58752 1
58767 1
58779 0
58790 0
58799 1
58802 1
58813 0
58824 0
58835 0
58839 1
58844 1
58852 1
58854 0
58865 1
58877 0
58889 0
58897 0
58911 1
58916 0
58928 1
58948 1
58962 1
58977 0
58982 1
58996 1
58999 0
59003 1
59010 1
59017 0
59032 0
59036 0
59044 1
59051 1
59056 1
59062 1
59073 0
59074 1
59076 0
59083 0
59092 0
59105 1
59112 1
59123 1
59131 0
59142 1
59148 0
59156 1
59161 0
59172 0
59179 1
59193 0
59207 0
59212 1
59224 0
59226 0
59234 1
59241 1
59242 1
59257 1
59266 1
59267 1
59274 1
59287 0
59293 1
59310 0
59316 1
59327 1
59338 1
59341 0
59353 1
59357 1
59371 0
59375 0
59379 0
59380 1
59387 1
59392 0
59394 1
59407 1
59408 0
59412 1
59423 1
59427 1
59428 1
59442 0
59443 1
59456 0
59463 1
59476 0
59481 0
59494 1
59507 1
59510 1
59522 1
59533 1
59536 0
59549 1
59554 1
59569 1
59574 1
59588 1
59591 0
59596 0
59610 0
59614 0
59628 0
59640 1
59641 0
59644 1
59647 0
59658 0
59672 1
59680 0
59685 0
59691 1
59694 0
59702 1
59713 0
59720 0
59725 1
59733 1
59734 0
59736 0
59739 1
59740 1
59744 1
59757 1
59760 0
59768 0
59779 1
59784 1
59792 1
59805 0
59818 0
59819 1
59820 0
59825 0
59840 0
59847 1
59848 0
59856 0
59863 0
59867 0
59879 0
59893 0
59900 0
59912 0
59927 0
59928 0
59943 0
59955 0
59966 1
59977 0
59989 0
60004 1
60006 1
60019 0
60031 1
60037 0
60040 0
60047 1
60055 1
60064 0
60066 1
60068 1
60082 0
60088 1
60102 1
60116 0
60127 0
60134 0
60136 1
60148 1
60163 0
60168 1
60172 1
60176 1
60189 0
60192 1
60200 0
60205 1
60212 0
60216 1
60231 0
60238 0
60251 0
60260 1
60267 1
60273 1
60288 1
60297 0
60301 1
60316 0
60334 1
60345 1
60350 0
60356 1
60362 1
60373 1
60377 0
60390 1
60396 0
60409 1
60415 0
60418 0
60425 0
60427 1
60440 0
60454 0
60466 1
60478 1
60493 1
60508 1
60520 0
60534 1
60535 1
60550 1
60558 0
60566 1
60567 1
60579 1
60584 0
60595 0
60600 0
60614 0
60619 1
60628 0
60640 1
60642 1
60650 0
60659 0
60672 0
60678 0
60686 0
60689 1
60693 1
60700 0
60715 0
60720 1
60722 1
60734 1
60739 0
60748 1
60762 1
60773 0
60786 1
60791 0
60792 1
60800 1
60802 0
60807 1
60809 0
60811 1
60817 0
60825 1
60830 1
60845 0
60846 1
60859 1
60868 0
60876 0
60882 0
60891 0
60899 1
60919 0
60923 0
60927 1
60932 1
60945 1
60960 1
60972 1
60975 1
60980 0
60988 0
61000 1
61011 0
61024 0
61036 1
61038 0
61044 1
61053 0
61058 0
61066 0
61079 1
61091 1
61098 0
61112 0
61120 1
61123 1
61128 1
61139 0
61153 0
61167 0
61172 0
61177 0
61180 1
61183 1
61195 0
61204 0
61216 1
61224 1
61231 0
61243 1
61247 0
61269 0
61276 0
61277 0
61280 1
61283 1
61291 1
61297 1
61301 0
61306 1
61315 0
61328 0
61342 1
61356 0
61358 1
61360 0
61374 1
61385 0
61392 0
61400 1
61427 1
61442 1
61445 0
61451 0
61456 0
61464 0
61468 1
61481 1
61492 1
61493 0
61496 0
61503 1
61511 0
61519 0
61528 0
61540 0
61547 1
61559 1
61563 0
61570 1
61585 0
61599 1
61610 1
61617 1
61624 1
61635 1
61644 0
61650 1
61658 1
61667 0
61680 1
61692 1
61704 0
61707 1
61711 0
61724 0
61732 0
61745 0
61759 1
61774 0
61788 0
61796 0
61804 1
61825 1
61831 0
61836 0
61848 1
61856 1
61868 1
61880 1
61881 0
61884 0
61898 0
61907 1
61912 1
61925 0
61937 1
61938 1
61947 1
61949 0
61956 0
61959 0
61974 1
61975 0
61976 0
61990 1
61992 0
61996 0
62001 0
62003 1
62012 0
62015 0
62030 1
62043 1
62048 0
62049 1
62052 0
62067 1
62070 1
62076 1
62088 0
62100 1
62107 0
62113 1
62116 0
62129 0
62135 1
62143 0
62149 0
62155 0
62159 1
62166 0
62168 1
62180 1
62192 0
62201 0
62216 0
62224 0
62232 0
62243 0
62246 1
62248 1
62252 0
62259 1
62268 0
62285 1
62287 0
62300 1
62302 0
62317 0
62339 1
62346 0
62360 1
62374 1
62375 0
62378 0
62389 0
62398 1
62406 1
62414 1
62416 0
62418 1
62419 1
62434 1
62448 1
62463 0
62470 0
62478 0
62487 0
62489 0
62500 1
62512 1
62518 1
62531 0
62533 0
62537 0
62546 0
62552 0
62565 0
62572 1
62580 0
62597 0
62608 0
62622 0
62624 1
62633 0
62646 0
62647 1
62654 1
62667 1
62673 0
62692 0
62693 0
62698 1
62700 0
62705 0
62716 1
62722 1
62726 0
62737 1
62748 1
62751 0
62763 0
62766 0
62779 1
62790 1
62799 0
62814 0
62825 1
62829 1
62838 0
62840 1
62852 0
62860 1
62863 1
62878 0
62885 1
62902 0
62911 1
62925 0
62929 0
62932 1
62934 0
62947 0
62950 1
62963 0
62970 0
62981 1
62987 0
62992 0
63005 1
63010 1
63016 1
63027 1
63039 1
63045 0
63050 1
63063 1
63076 0
63090 1
63098 0
63101 0
63105 0
63111 0
63123 1
63136 1
63147 1
63151 1
63162 1
63169 0
63180 0
63186 0
63187 1
63199 0
63212 1
63227 0
63229 1
63235 1
63239 0
63246 1
63255 1
63267 0
63270 0
63273 0
63276 1
63284 1
63287 0
63288 0
63296 1
63306 0
63308 0
63309 0
63316 1
63329 0
63350 1
63351 0
63363 1
63369 0
63382 1
63396 1
63398 0
63401 1
63416 1
63429 0
63442 1
63455 1
63469 0
63484 0
63485 1
63496 0
63510 1
63517 0
63535 0
63538 0
63539 0
63543 0
63547 1
63562 0
63576 0
63588 0
63592 1
63607 1
63614 0
63628 0
63636 0
63640 0
63652 0
63655 1
63659 0
63674 0
63676 1
63687 1
63693 0
63694 1
63695 0
63708 1
63711 1
63714 1
63715 1
63718 0
63730 1
63743 1
63757 1
63763 1
63776 1
63779 1
63792 0
63794 0
63809 0
63816 0
63822 0
63828 1
63850 1
63857 0
63869 1
63885 0
63896 1
63897 1
63906 1
63914 1
63922 0
63938 1
63951 0
63959 0
63974 0
63981 1
63989 1
64004 0
64009 1
64020 0
64021 1
64034 1
64048 1
64061 0
64067 0
64082 0
64089 0
64101 0
64109 1
64124 0
64132 1
64143 0
64155 1
64157 0
64170 0
64175 0
64188 1
64200 1
64204 1
64206 1
64219 1
64234 1
64239 0
64245 1
64269 0
64281 1
64287 1
64298 1
64311 1
64314 0
64326 0
64338 0
64353 1
64354 0
64366 1
64367 1
64379 1
64384 1
64392 0
64403 0
64417 1
64423 1
64427 1
64432 0
64434 0
64435 0
64444 1
64459 0
64467 0
64480 0
64491 1
64503 1
64515 0
64524 1
64529 1
64533 1
64537 1
64545 0
64554 1
64558 1
64561 1
64568 1
64573 1
64587 0
64588 0
64596 0
64601 0
64609 1
64618 0
64624 1
64627 0
64631 1
64633 1
64636 1
64640 1
64652 1
64667 1
64678 1
64683 0
64695 0
64702 1
64708 1
64719 0
64732 0
64737 1
64740 1
64746 0
64760 1
64764 0
64773 0
64781 1
64790 1
64797 0
64802 1
64808 0
64822 1
64825 1
64827 1
64841 0
64855 0
64858 0
64873 1
64879 0
64884 0
64886 0
64893 0
64901 0
64915 0
64920 0
64921 0
64922 0
64927 1
64931 0
64944 1
64947 0
64950 0
64952 0
64967 0
64976 1
64988 0
65002 0
65003 0
65017 0
65020 0
65023 0
65030 1
65041 1
65053 0
65066 0
65072 1
65074 1
65089 0
65100 1
65115 0
65123 1
65131 1
65145 0
65154 0
65155 0
65166 1
65181 1
65185 1
65196 0
65200 1
65202 0
65208 0
65221 0
65235 1
65239 0
65251 1
65260 0
65262 0
65283 1
65291 0
65297 1
65299 1
65317 1
65331 1
65340 1
65355 0
65366 0
65374 1
65383 1
65384 1
65395 1
65404 0
65416 1
65420 0
65429 0
65430 0
65438 1
65446 0
65447 1
65450 1
65451 1
65457 1
65458 0
65462 0
65465 1
65477 1
65486 1
65490 0
65493 1
65508 1
65515 1
65518 1
65521 0
65536 0
65548 0
65554 1
65562 1
65570 0
65576 0
65588 1
65592 0
65604 0
65619 1
65621 1
65623 1
65625 0
65628 1
65642 0
65654 0
65661 0
65676 0
65688 1
65690 1
65693 0
65701 1
65714 1
65727 1
65728 0
65735 0
65742 1
65746 1
65759 1
65764 0
65767 0
65776 0
65788 1
65800 1
65807 0
65812 1
65816 1
65828 1
65843 0
65857 0
65870 1
65883 0
65885 0
65891 1
65904 1
65908 0
65915 1
65920 1
65928 1
65937 1
65950 0
65965 1
65974 0
65996 0
66005 0
66020 1
66027 0
66035 0
66044 0
66046 0
66059 1
66063 1
66065 1
66067 1
66082 0
66096 1
66104 1
66111 1
66116 0
66123 1
66124 1
66135 1
66146 1
66147 1
66149 1
66154 1
66165 0
66171 1
66183 1
66190 1
66203 1
66216 1
66225 0
66243 1
66251 0
66271 1
66277 0
66285 1
66296 1
66309 1
66322 0
66325 1
66334 0
66345 1
66353 0
66365 1
66371 0
66385 0
66386 1
66397 1
66409 1
66421 0
66423 0
66431 1
66442 0
66457 1
66471 1
66477 1
66485 1
66487 1
66499 0
66501 1
66506 1
66513 1
66519 0
66521 0
66535 1
66543 0
66546 0
66551 0
66562 1
66563 1
66577 1
66578 1
66579 0
66590 1
66599 0
66614 0
66621 1
66623 1
66637 1
66652 0
66655 0
66657 1
66663 0
66677 0
66682 0
66686 1
66691 0
66703 0
66709 0
66717 0
66721 0
66735 0
66739 1
66752 0
66759 1
66761 0
66768 0
66780 1
66785 0
66799 0
66803 0
66805 1
66820 0
66835 1
66838 1
66843 1
66858 0
66860 0
66862 1
66877 0
66882 1
66902 0
66904 0
66908 1
66915 0
66920 1
66924 0
66929 1
66936 0
66944 0
66955 0
66970 1
66979 1
66984 0
66987 1
66993 0
67004 0
67005 0
67018 0
67033 0
67040 0
67048 0
67055 0
67061 0
67076 1
67079 1
67094 0
67095 0
67109 0
67124 0
67137 0
67150 1
67155 1
67166 1
67170 1
67175 0
67184 1
67188 0
67192 1
67205 0
67206 0
67220 1
67223 1
67226 0
67237 1
67246 1
67261 1
67272 1
67273 1
67286 0
67291 0
67300 1
67305 0
67312 1
67325 0
67326 0
67333 0
67347 1
67352 1
67357 1
67370 1
67382 0
67389 1
67394 0
67398 0
67404 0
67409 1
67421 1
67423 0
67435 0
67448 0
67451 0
67459 1
67460 1
67480 1
67494 0
67509 0
67518 1
67525 0
67536 0
67543 0
67551 1
67560 0
67572 0
67576 0
67589 1
67595 0
67610 0
67614 1
67628 0
67636 0
67649 1
67657 1
67672 1
67684 0
67686 0
67694 1
67720 1
67723 0
67727 0
67733 0
67741 0
67747 0
67761 0
67769 1
67780 1
67795 0
67797 0
67811 0
67817 0
67822 0
67831 0
67833 1
67836 1
67840 0
67852 0
67874 0
67878 1
67892 1
67900 0
67907 1
67936 0
67942 0
67948 0
67961 0
67976 1
67982 1
67990 0
67994 0
68008 1
68015 0
68022 0
68025 0
68033 1
68034 0
68037 1
68046 0
68050 0
68062 1
68065 1
68073 1
68085 1
68098 1
68110 1
68113 1
68117 1
68125 1
68138 0
68139 1
68150 1
68165 0
68173 0
68187 0
68196 1
68210 1
68222 0
68233 1
68240 0
68242 1
68251 0
68259 0
68263 0
68267 1
68269 1
68280 1
68289 0
68301 0
68314 0
68323 1
68332 0
68359 0
68360 0
68361 0
68363 1
68370 0
68379 1
68392 0
68401 0
68406 0
68414 0
68418 0
68424 0
68432 1
68436 0
68443 1
68458 1
68471 1
68486 1
68492 0
68507 1
68510 0
68523 0
68532 0
68546 0
68558 1
68570 1
68571 0
68583 1
68591 1
68603 0
68604 0
68617 0
68623 1
68638 0
68649 1
68655 0
68661 1
68676 1
68689 1
68697 0
68702 0
68703 0
68715 0
68716 1
68729 0
68743 1
68746 1
68760 0
68761 1
68769 0
68782 0
68788 0
68791 0
68802 1
68805 1
68810 0
68823 1
68837 0
68838 0
68850 0
68861 0
68870 1
68878 1
68882 1
68888 0
68891 0
68915 0
68916 0
68922 1
68933 1
68936 1
68937 1
68943 0
68959 1
68972 1
68983 1
68996 1
69011 1
69016 1
69030 1
69034 1
69049 1
69060 1
69066 0
69083 1
69095 0
69098 0
69099 0
69100 0
69114 1
69127 0
69133 0
69138 1
69151 0
69159 0
69174 1
69178 1
69193 1
69197 0
69201 1
69215 0
69221 0
69233 0
69241 1
69249 1
69262 0
69265 0
69274 1
69288 1
69289 0
69304 1
69309 1
69310 1
69325 1
69330 0
69356 1
69361 0
69372 1
69375 1
69390 0
69402 0
69403 0
69405 0
69407 1
69421 0
69430 0
69445 0
69457 1
69468 0
69480 0
69487 0
69499 1
69508 1
69514 0
69532 1
69536 0
69545 1
69549 0
69564 0
69577 1
69581 0
69585 0
69594 0
69607 1
69620 1
69635 1
69636 1
69643 0
69648 1
69660 1
69665 1
69676 0
69679 1
69690 1
69704 1
69708 0
69721 1
69735 0
69736 0
69748 0
69763 0
69777 1
69791 0
69795 1
69799 0
69807 0
69819 1
69826 1
69827 0
69832 0
69839 1
69854 1
69869 1
69880 1
69895 0
69907 1
69922 1
69931 1
69937 0
69954 0
69959 1
69973 0
69982 1
69997 0
70002 1
70014 0
70021 1
70029 1
70030 1
70032 0
70045 1
70054 0
70068 1
70077 1
70078 0
70089 0
70095 0
70106 0
70111 0
70120 0
70122 1
70133 1
70141 1
70154 0
70160 1
70173 0
70182 0
70197 0
70209 0
70220 0
70223 0
70224 1
70231 0
70244 0
70253 0
70260 0
70263 0
70277 1
70281 0
70286 0
70291 0
70303 1
70309 0
70320 0
70333 0
70344 1
70358 1
70360 1
70366 0
70378 1
70384 1
70388 0
70390 0
70405 1
70407 1
70419 1
70434 1
70443 0
70457 0
70466 1
70474 0
70489 1
70496 0
70502 1
70511 0
70515 0
70524 1
70532 1
70535 1
70540 1
70543 1
70556 1
70558 0
70573 0
70580 1
70585 0
70599 1
70611 0
70614 1
70619 1
70632 0
70647 1
70648 1
70653 0
70654 1
70662 0
70668 1
70671 0
70680 1
70686 0
70687 1
70688 0
70699 0
70706 0
70719 1
70720 0
70724 0
70730 0
70736 0
70743 1
70751 0
70757 0
70763 0
70774 1
70775 0
70789 0
70800 1
70806 1
70807 1
70811 0
70812 1
70818 1
70824 1
70829 1
70837 0
70841 1
70846 0
70850 1
70862 0
70864 0
70870 1
70882 1
70883 1
70889 1
70897 1
70906 1
70919 1
70924 0
70930 1
70937 1
70951 1
70956 0
70968 1
70969 1
70984 1
70989 0
71002 1
71015 0
71026 0
71033 1
71038 1
71045 1
71058 1
71071 0
71084 0
71098 0
71100 0
71113 0
71126 1
71127 1
71128 1
71140 1
71146 1
71159 0
71165 0
71170 1
71196 1
71204 0
71213 0
71222 1
71234 1
71247 0
71262 1
71267 0
71275 0
71276 0
71291 0
71300 1
71308 1
71311 0
71326 1
71340 0
71354 0
71359 1
71361 1
71362 0
71366 1
71378 1
71383 1
71384 1
71393 0
71406 1
71413 1
71414 1
71427 0
71432 0
71433 1
71445 1
71456 0
71460 1
71472 1
71473 0
71486 0
71490 0
71494 0
71495 0
71500 1
71509 0
71521 0
71528 0
71534 1
71535 0
71546 1
71552 0
71563 1
71568 0
71580 1
71589 1
71595 1
71609 1
71621 0
71635 1
71644 1
71658 1
71669 0
71678 0
71687 0
71702 0
71716 1
71731 1
71738 0
71740 0
71746 0
71758 0
71771 1
71784 0
71796 0
71797 0
71802 1
71810 0
71814 1
71822 1
71834 0
71849 1
71854 1
71865 1
71869 0
71880 1
71887 0
71899 1
71911 0
71924 0
71939 0
71951 0
71956 0
71961 1
71969 1
71974 0
71980 0
71981 0
71995 0
72001 0
72003 1
72009 0
72010 0
72011 1
72026 1
72030 0
72044 0
72058 1
72072 1
72087 1
72090 1
72097 0
72111 0
72119 1
72123 0
72124 0
72130 0
72137 1
72142 1
72148 0
72151 1
72154 0
72166 1
72169 0
72180 1
72187 0
72195 1
72209 0
72221 1
72230 0
72239 1
72248 1
72260 0
72262 0
72270 1
72273 0
72286 1
72294 1
72305 0
72306 0
72308 1
72312 0
72323 0
72324 1
72329 1
72334 1
72341 1
72348 1
72356 0
72371 0
72375 1
72382 0
72389 0
72395 0
72403 1
72417 0
72428 1
72434 1
72445 0
72454 1
72462 1
72466 0
72470 1
72482 0
72484 1
72495 0
72501 0
72503 1
72514 1
72525 0
72531 1
72544 1
72555 0
72563 0
72566 1
72569 0
72575 1
72597 0
72608 1
72612 1
72617 0
72629 1
72637 0
72663 1
72674 0
72680 1
72693 1
72706 0
72709 0
72722 0
72734 1
72748 0
72757 1
72762 1
72777 0
72784 0
72795 1
72810 0
72817 1
72832 0
72845 0
72852 1
72854 1
72860 0
72871 0
72876 1
72884 1
72897 1
72912 0
72916 1
72917 0
72921 1
72930 1
72942 0
72956 1
72961 0
72975 1
72982 0
72990 0
72998 1
73009 1
73020 0
73031 0
73046 0
73053 1
73054 1
73063 1
73077 0
73091 1
73095 1
73106 1
73111 0
73125 1
73128 0
73141 0
73144 1
73156 0
73160 0
73163 0
73174 1
73185 0
73196 0
73211 0
73216 0
73230 1
73238 0
73252 1
73255 1
73262 1
73275 1
73283 1
73288 0
73300 1
73312 1
73325 0
73333 0
73340 1
73345 1
73350 1
73353 0
73364 0
73378 1
73387 1
73388 0
73401 0
73405 0
73417 1
73432 0
73440 0
73447 0
73450 0
73461 1
73473 1
73474 0
73477 0
73479 1
73486 1
73492 0
73495 1
73509 1
73512 1
73526 1
73541 1
73546 1
73553 1
73564 0
73569 1
73578 0
73582 0
73597 0
73601 1
73608 1
73611 1
73619 1
73620 1
73626 1
73632 0
73640 1
73648 1
73655 0
73660 1
73673 1
73678 1
73685 0
73686 0
73691 0
73706 0
73719 1
73733 0
73735 1
73738 1
73739 1
73741 0
73755 1
73766 0
73778 0
73784 1
73796 1
73808 0
73816 1
73819 1
73822 1
73828 0
73839 1
73840 0
73854 0
73863 1
73871 1
73882 1
73893 1
73907 0
73908 1
73913 1
73924 1
73938 1
73946 0
73953 0
73968 0
73975 0
73990 1
73993 1
73996 0
74009 0
74022 0
74034 0
74041 1
74055 1
74059 1
74061 1
74069 1
74080 0
74084 1
74092 0
74093 0
74105 0
74116 1
74128 1
74143 0
74150 0
74163 1
74174 0
74188 0
74195 0
74208 1
74220 0
74225 1
74231 0
74233 0
74234 0
74237 0
74254 1
74262 1
74264 0
74266 0
74267 1
74268 1
74273 1
74278 0
74286 1
74299 0
74312 0
74316 1
74328 1
74343 1
74351 0
74365 1
74373 1
74387 0
74395 0
74404 0
74415 0
74429 0
74434 0
74449 0
74462 0
74473 0
74487 1
74498 1
74503 1
74510 1
74516 1
74517 1
74522 1
74531 1
74536 0
74540 1
74554 0
74557 0
74570 0
74581 1
74589 1
74604 1
74607 1
74619 0
74623 0
74632 1
74637 1
74650 0
74657 0
74672 0
74680 0
74687 1
74701 0
74709 0
74713 0
74714 1
74721 0
74733 1
74744 1
74748 0
74761 0
74769 0
74778 0
74793 0
74806 0
74808 0
74810 1
74825 1
74831 1
74837 0
74843 0
74858 1
74870 1
74882 0
74897 0
74902 0
74914 1
74927 0
74932 1
74943 0
74969 0
74976 1
74988 1
74990 0
75003 1
75017 0
75029 1
75043 1
75058 1
75059 0
75071 0
75079 1
75080 1
75088 1
75103 1
75118 1
75132 0
75133 1
75134 0
75149 0
75155 0
75168 1
75172 0
75177 1
75181 0
75186 0
75191 1
75203 1
75211 0
75215 0
75216 0
75220 0
75235 1
75248 0
75259 0
75274 0
75283 0
75292 1
75304 1
75307 1
75316 1
75318 1
75323 0
75326 0
75329 0
75335 0
75350 0
75353 1
75354 0
75362 0
75371 1
75383 1
75385 1
75393 1
75408 0
75420 1
75434 1
75436 1
75445 0
75451 1
75457 0
75459 1
75471 1
75474 0
75478 1
75483 0
75486 1
75491 0
75494 0
75509 0
75518 1
75521 1
75530 1
75533 0
75545 1
75556 0
75564 0
75570 1
75573 1
75588 0
75601 1
75609 1
75611 0
75626 0
75633 1
75638 0
75653 1
75667 0
75681 1
75692 1
75696 0
75709 1
75717 0
75731 1
75740 0
75751 1
75763 1
75769 1
75778 1
75781 1
75793 1
75796 1
75807 1
75814 0
75829 1
75838 0
75840 0
75847 0
75859 1
75863 1
75871 1
75880 1
75893 1
75904 0
75905 1
75913 1
75919 1
75925 1
75934 1
75949 0
75960 0
75974 1
75982 0
75986 1
75991 0
75992 1
76006 0
76018 0
76020 0
76035 1
76043 0
76056 0
76059 1
76074 0
76089 1
76104 1
76112 1
76117 0
76141 0
76149 1
76160 0
76167 1
76169 0
76181 0
76187 0
76195 1
76202 0
76216 0
76218 0
76225 0
76239 0
76243 1
76244 1
76258 1
76262 0
76267 1
76269 1
76271 0
76283 0
76288 0
76302 0
76305 0
76309 0
76324 1
76336 0
76337 0
76350 0
76354 1
76362 1
76371 1
76384 0
76387 1
76393 0
76402 0
76415 1
76418 1
76427 1
76429 1
76435 0
76440 1
76441 1
76452 1
76458 0
76474 0
76487 0
76500 0
76504 1
76512 0
76527 0
76535 1
76541 0
76550 0
76551 0
76555 1
76558 1
76572 0
76577 1
76586 1
76591 1
76606 1
76620 0
76626 1
76628 0
76633 0
76635 1
76637 0
76644 0
76657 0
76670 1
76683 0
76696 0
76705 0
76708 1
76723 0
76729 0
76737 0
76740 1
76746 0
76749 0
76752 1
76754 1
76756 0
76757 0
76759 0
76772 1
76780 0
76795 0
76810 1
76823 0
76829 1
76835 1
76840 1
76853 0
76865 0
76877 1
76886 1
76887 0
76890 1
76898 0
76905 0
76907 0
76920 0
76923 0
76934 0
76946 0
76961 0
76970 0
76976 1
76984 1
76997 0
77002 1
77029 1
77036 1
77051 0
77059 0
77060 0
77066 1
77081 0
77084 1
77088 0
77093 1
77106 1
77111 0
77124 0
77129 0
77133 1
77140 0
77148 1
77157 1
77164 0
77172 1
77180 1
77184 0
77193 1
77202 1
77213 1
77220 0
77228 0
77235 1
77241 1
77254 1
77263 0
77282 1
77285 0
77288 0
77294 1
77295 0
77307 0
77314 0
77316 1
77328 1
77343 1
77344 1
77353 0
77358 0
77365 1
77377 1
77392 1
77405 1
77418 0
77433 0
77441 1
77452 1
77465 0
77477 0
77489 1
77504 1
77510 0
77513 1
77525 1
77539 1
77552 1
77556 0
77563 1
77569 1
77580 1
77595 0
77606 0
77615 1
77621 1
77622 1
77634 1
77647 1
77661 0
77672 1
77687 0
77701 1
77706 0
77715 0
77727 1
77736 0
77740 1
77744 0
77746 0
77761 1
77770 0
77784 1
77786 0
77789 1
77791 0
77800 1
77815 0
77818 0
77830 0
77836 0
77850 0
77856 1
77867 0
77874 0
77885 0
77889 0
77897 1
77923 0
77924 0
77929 1
77946 0
77955 1
77970 1
77972 1
77980 1
77989 0
77998 0
78005 0
78007 0
78018 1
78030 0
78043 1
78054 0
78063 1
78076 1
78087 1
78090 1
78092 1
78105 0
78109 1
78111 1
78120 1
78129 1
78134 0
78146 0
78148 1
78154 0
78157 0
78160 1
78175 1
78182 1
78195 0
78199 0
78214 1
78219 0
78230 1
78241 1
78254 0
78262 1
78263 1
78278 0
78281 1
78287 0
78301 1
78303 1
78308 0
78312 1
78321 1
78324 0
78325 1
78331 1
78339 1
78353 1
78362 1
78363 0
78368 1
78382 0
78395 0
78401 0
78414 1
78423 0
78427 1
78439 1
78450 1
78455 0
78467 0
78470 0
78484 1
78492 0
78507 1
78508 1
78522 1
78524 0
78531 1
78543 1
78563 0
78568 1
78576 0
78579 0
78584 0
78597 0
78608 1
78623 0
78629 0
78636 0
78647 0
78656 1
78662 0
78665 0
78673 0
78678 1
78681 1
78692 1
78703 1
78707 0
78721 0
78734 0
78741 0
78753 0
78767 0
78778 1
78785 1
78791 1
78793 1
78807 0
78811 1
78826 0
78839 0
78852 1
78865 1
78868 0
78876 1
78888 1
78895 1
78909 0
78920 0
78935 1
78942 1
78955 0
78958 1
78969 0
78972 1
78973 1
78981 0
78994 1
78995 0
79009 1
79032 0
79037 0
79049 0
79055 0
79056 0
79069 0
79072 1
79081 0
79083 1
79088 0
79099 0
79100 0
79112 1
79127 1
79141 1
79146 0
79154 0
79158 0
79169 1
79177 1
79182 0
79191 0
79204 0
79218 1
79226 1
79231 1
79243 1
79251 0
79255 0
79270 0
79273 0
79285 0
79287 1
79292 1
79306 1
79313 0
79315 0
79330 1
79342 0
79355 1
79356 0
79360 1
79369 1
79373 0
79377 1
79390 1
79403 1
79410 1
79415 0
79424 1
79428 0
79436 0
79444 1
79452 1
79464 1
79468 0
79470 0
79478 1
79486 1
79497 0
79512 1
79513 0
79524 0
79538 1
79543 1
79549 0
79550 0
79559 0
79565 0
79576 0
79582 1
79597 0
79605 1
79613 0
79618 1
79630 0
79639 0
79645 0
79658 0
79665 0
79671 1
79677 1
79689 0
79701 1
79710 1
79711 1
79713 0
79726 1
79743 1
79745 0
79748 0
79749 1
79756 1
79761 1
79770 0
79785 0
79790 1
79796 1
79802 0
79811 1
79813 1
79827 0
79842 1
79846 0
79851 1
79852 1
79859 1
79861 1
79864 0
79865 1
79866 1
79868 1
79883 0
79889 1
79902 1
79905 1
79917 1
79919 1
79934 1
79936 0
79949 0
79954 0
79962 1
79963 0
79969 0
79977 0
79991 0
80000 0
80015 1
80016 1
80027 1
80035 0
80050 0
80055 1
80057 0
80058 1
80063 0
80072 0
80086 0
80087 1
80100 0
80102 0
80113 1
80117 0
80125 0
80130 0
80133 1
80136 1
80161 0
80167 1
80173 0
80185 1
80193 1
80207 0
80208 1
80219 1
80233 0
80237 0
80251 1
80253 1
80255 0
80264 0
80275 0
80289 1
80290 0
80294 1
80301 0
80310 0
80313 1
80315 1
80321 0
80333 1
80342 0
80351 0
80364 1
80373 1
80386 1
80397 1
80406 0
80418 1
80430 1
80445 1
80458 1
80460 1
80464 0
80479 1
80488 0
