9745
1 1
9 1
17 0
32 1
36 0
43 1
54 0
59 0
73 0
78 1
86 0
87 0
98 0
105 1
120 0
135 1
148 1
161 0
167 0
173 1
181 0
195 0
198 0
210 0
224 0
235 1
243 0
257 1
264 0
272 0
280 0
287 0
288 1
300 0
301 0
304 1
318 1
331 0
332 0
347 0
356 1
359 1
366 0
367 0
381 1
385 0
388 0
397 1
412 1
427 1
440 1
455 1
458 0
463 0
466 0
467 1
471 0
474 0
480 1
495 1
502 1
508 1
515 0
524 0
537 0
552 0
567 0
573 1
575 0
586 1
588 1
593 0
596 0
602 1
617 1
621 0
625 0
631 0
642 0
646 0
652 0
655 0
666 1
672 0
674 0
687 1
696 0
701 1
714 0
715 0
721 1
735 0
743 0
745 1
759 0
770 0
778 0
789 0
794 1
801 0
803 0
811 0
815 1
820 0
829 1
834 0
838 1
841 0
842 0
854 0
857 1
863 1
885 1
898 1
904 1
911 0
918 0
922 0
927 1
954 0
958 1
969 0
983 1
990 1
998 0
1001 1
1009 0
1010 1
1017 1
1028 0
1036 1
1047 1
1060 1
1069 0
1083 1
1097 1
1111 1
1125 0
1136 1
1140 1
1148 0
1161 1
1172 0
1187 1
1194 0
1201 0
1216 0
1218 0
1231 1
1238 1
1241 0
1245 0
1256 0
1262 0
1271 1
1277 0
1288 1
1296 0
1311 1
1316 1
1320 1
1323 0
1325 1
1337 1
1342 0
1345 0
1357 0
1369 0
1381 0
1394 1
1405 1
1413 1
1422 1
1425 1
1426 0
1434 0
1438 0
1443 0
1451 0
1465 0
1471 1
1473 0
1485 0
1487 1
1501 0
1510 1
1518 0
1525 0
1531 1
1538 1
1539 1
1551 0
1559 0
1560 1
1561 1
1572 1
1581 1
1585 1
1596 0
1604 0
1610 0
1619 1
1628 0
1636 1
1649 0
1662 0
1670 1
1671 1
1680 0
1684 1
1687 1
1699 1
1708 1
1722 1
1729 0
1730 1
1743 1
1758 0
1761 0
1763 0
1778 1
1782 0
1797 1
1799 1
1800 1
1811 0
1825 0
1838 1
1841 0
1847 1
1860 0
1865 1
1879 1
1884 0
1901 1
1907 1
1915 1
1928 0
1942 0
1947 0
1960 1
1962 1
1976 0
1980 1
1983 0
1985 1
1987 1
2000 1
2002 1
2015 1
2024 1
2039 1
2046 0
2058 0
2069 0
2081 1
2088 1
2101 1
2106 0
2115 0
2118 0
2124 0
2135 1
2144 1
2153 0
2161 1
2162 1
2178 0
2181 1
2185 1
2201 0
2207 1
2215 0
2230 1
2232 0
2238 1
2245 1
2246 1
2250 0
2255 0
2262 1
2264 1
2277 1
2285 1
2297 0
2301 1
2308 0
2316 1
2328 1
2343 1
2347 1
2359 0
2367 1
2388 0
2394 0
2409 1
2415 1
2418 1
2420 1
2435 1
2446 0
2451 0
2456 1
2469 1
2476 0
2487 1
2490 0
2502 1
2505 0
2518 0
2526 1
2538 0
2551 1
2556 0
2560 1
2564 0
2579 0
2584 0
2595 1
2600 1
2612 1
2620 0
2631 1
2646 1
2647 0
2655 0
2658 0
2672 0
2687 1
2691 0
2694 0
2696 1
2707 1
2709 0
2712 1
2721 0
2723 1
2726 1
2734 1
2749 1
2762 1
2765 0
2770 1
2779 0
2791 1
2798 1
2810 1
2821 0
2825 1
2830 1
2844 0
2851 1
2866 0
2879 0
2891 1
2892 1
2895 1
2909 1
2923 0
2931 0
2933 1
2945 0
2959 1
2980 0
2984 1
2988 1
2996 1
3009 0
3010 1
3021 0
3023 0
3030 1
3050 1
3057 1
3065 0
3071 1
3086 0
3095 0
3096 0
3102 0
3113 1
3116 1
3122 0
3123 1
3128 0
3141 1
3152 0
3160 0
3171 0
3180 1
3187 0
3194 0
3195 1
3197 0
3211 1
3216 1
3225 1
3229 0
3231 0
3242 0
3255 0
3263 0
3265 0
3268 1
3272 1
3289 0
3290 1
3292 0
3297 0
3312 0
3315 0
3322 0
3337 1
3345 0
3353 1
3368 1
3369 0
3381 1
3383 1
3394 1
3409 1
3421 0
3425 1
3428 0
3432 0
3436 1
3451 0
3465 1
3472 1
3487 0
3496 0
3509 1
3524 0
3532 1
3543 1
3552 0
3554 0
3557 0
3558 1
3570 1
3584 1
3597 1
3599 0
3600 1
3612 1
3615 1
3624 0
3631 0
3640 0
3652 0
3653 0
3655 0
3661 0
3664 0
3676 1
3690 0
3703 1
3715 1
3726 0
3738 1
3744 0
3753 0
3764 1
3772 1
3775 0
3789 1
3794 1
3809 0
3823 1
3825 0
3828 1
3841 1
3845 1
3856 0
3862 1
3875 1
3877 1
3880 1
3881 1
3893 1
3908 1
3915 0
3927 0
3934 1
3943 0
3945 0
3952 0
3957 0
3964 0
3965 0
3967 1
3978 1
3993 1
4002 1
4008 0
4019 0
4024 1
4025 1
4037 1
4046 1
4053 1
4068 1
4077 0
4102 1
4113 0
4118 1
4129 1
4135 1
4137 0
4143 0
4157 0
4172 0
4175 1
4190 1
4198 0
4199 1
4206 0
4218 0
4224 0
4233 0
4235 1
4248 0
4256 0
4263 0
4267 0
4278 1
4291 1
4296 1
4304 1
4306 0
4309 1
4317 1
4325 0
4332 0
4333 0
4346 1
4358 0
4360 0
4364 0
4371 1
4385 1
4398 0
4413 0
4416 0
4420 1
4434 1
4443 1
4455 0
4462 0
4465 1
4471 0
4478 0
4484 1
4506 1
4520 1
4529 1
4535 0
4540 1
4555 0
4562 0
4574 1
4581 1
4592 1
4598 1
4612 1
4624 0
4637 1
4639 0
4640 1
4653 0
4664 0
4668 1
4680 1
4684 1
4692 0
4697 0
4702 0
4708 1
4709 1
4715 1
4729 0
4744 1
4757 0
4768 0
4782 1
4784 0
4795 1
4809 0
4821 0
4829 1
4836 1
4840 0
4849 1
4863 1
4878 1
4891 1
4893 0
4896 0
4907 1
4927 0
4942 0
4948 0
4949 0
4957 1
4971 1
4985 1
4999 1
5012 1
5019 0
5025 0
5036 0
5048 1
5051 1
5065 1
5076 1
5091 0
5098 1
5100 1
5112 1
5115 1
5116 0
5118 1
5119 1
5125 1
5136 0
5139 1
5148 1
5154 0
5166 1
5167 1
5173 1
5184 1
5185 1
5191 1
5194 0
5196 1
5203 1
5215 1
5227 0
5232 1
5235 1
5236 1
5240 1
5255 0
5262 0
5270 1
5277 0
5281 1
5285 0
5287 0
5299 1
5310 1
5325 0
5331 0
5344 1
5356 0
5358 1
5359 0
5362 1
5373 1
5374 0
5386 0
5387 0
5401 0
5416 1
5420 0
5427 0
5431 1
5445 1
5457 0
5458 0
5464 0
5465 0
5477 1
5478 0
5490 1
5503 0
5509 0
5513 1
5524 1
5528 0
5530 0
5542 0
5546 0
5555 1
5558 0
5571 0
5575 1
5586 1
5595 0
5603 1
5609 1
5624 0
5639 0
5651 0
5657 0
5658 1
5663 1
5672 0
5680 1
5692 0
5704 1
5708 0
5711 0
5718 1
5725 0
5727 1
5733 0
5745 0
5752 0
5757 1
5758 0
5773 0
5776 1
5789 0
5802 0
5815 1
5820 1
5824 1
5827 1
5828 1
5842 0
5845 0
5846 1
5852 1
5866 1
5870 0
5875 0
5881 1
5892 0
5893 1
5895 0
5908 1
5916 0
5928 1
5941 0
5942 0
5957 1
5964 1
5979 0
5992 0
6001 0
6016 0
6029 1
6041 0
6044 1
6050 0
6051 0
6052 0
6058 0
6067 0
6068 1
6070 0
6076 1
6087 0
6096 0
6102 1
6104 0
6116 1
6119 1
6126 0
6140 0
6144 1
6159 1
6163 1
6167 0
6175 0
6188 0
6199 1
6210 0
6223 1
6224 1
6239 0
6244 1
6247 1
6250 0
6256 0
6270 1
6282 0
6288 0
6296 0
6298 1
6310 1
6321 1
6329 0
6333 0
6336 1
6338 0
6339 1
6353 0
6360 0
6374 0
6381 1
6385 0
6392 0
6399 1
6400 0
6402 0
6405 1
6408 0
6423 1
6425 1
6430 1
6433 0
6441 1
6459 0
6474 0
6487 1
6502 0
6510 0
6513 0
6515 0
6522 1
6527 0
6539 0
6550 0
6558 0
6560 1
6575 1
6577 0
6583 0
6588 1
6596 0
6604 0
6619 0
6628 1
6642 1
6643 0
6650 1
6659 0
6672 0
6676 1
6685 0
6698 0
6704 0
6715 1
6726 1
6738 1
6751 0
6758 0
6773 0
6787 1
6789 0
6790 0
6795 1
6808 0
6821 1
6833 1
6837 0
6849 0
6851 1
6863 1
6871 1
6880 1
6895 0
6897 1
6898 0
6904 0
6913 0
6925 1
6931 1
6936 0
6949 1
6954 0
6957 0
6968 1
6976 0
6984 1
6995 0
7009 1
7015 0
7030 0
7032 1
7035 1
7047 1
7053 0
7061 0
7066 0
7071 0
7073 1
7076 1
7092 0
7105 1
7118 0
7120 0
7131 0
7143 1
7151 0
7174 0
7188 1
7199 0
7201 1
7208 1
7212 1
7215 1
7219 1
7225 1
7240 0
7247 1
7255 0
7262 0
7267 1
7270 0
7284 1
7289 1
7302 1
7315 1
7323 0
7330 0
7332 0
7338 0
7353 1
7354 0
7360 1
7371 1
7378 1
7389 1
7392 0
7401 0
7403 1
7417 0
7429 0
7438 1
7451 0
7460 0
7474 0
7478 1
7481 1
7488 0
7500 0
7502 0
7506 0
7513 1
7527 1
7531 1
7534 1
7535 0
7540 1
7551 1
7558 0
7567 1
7580 0
7592 1
7598 0
7603 0
7618 0
7629 0
7641 0
7652 1
7657 1
7664 0
7676 1
7684 0
7685 0
7692 1
7720 1
7724 0
7738 0
7741 1
7745 1
7754 1
7756 0
7758 1
7765 0
7779 1
7785 1
7787 0
7789 0
7793 1
7801 1
7805 0
7820 1
7834 0
7838 0
7847 0
7861 0
7876 0
7889 1
7892 1
7907 1
7918 0
7932 0
7935 0
7941 1
7956 0
7960 0
7972 1
7974 0
7976 1
7977 0
7990 0
7992 0
8000 1
8009 0
8013 0
8019 1
8030 0
8036 1
8048 1
8062 1
8068 1
8072 0
8081 1
8083 1
8094 0
8095 0
8113 1
8117 0
8122 1
8134 1
8145 1
8156 0
8167 1
8171 1
8175 0
8184 0
8187 1
8196 1
8211 1
8220 0
8233 0
8239 1
8244 0
8245 1
8259 0
8267 0
8276 0
8278 1
8282 1
8294 0
8307 1
8314 1
8325 1
8326 1
8338 0
8351 0
8364 0
8368 0
8375 1
8377 1
8385 0
8394 1
8409 0
8415 0
8419 1
8427 0
8432 0
8437 0
8445 1
8450 0
8452 1
8455 1
8470 1
8473 0
8477 0
8486 0
8494 0
8509 0
8517 1
8525 0
8541 1
8556 1
8557 0
8559 0
8560 0
8568 0
8575 1
8581 0
8587 1
8600 1
8614 0
8622 0
8629 1
8638 0
8653 0
8658 0
8666 1
8667 0
8682 1
8694 1
8698 0
8711 0
8720 0
8728 0
8737 1
8752 0
8755 1
8766 0
8773 1
8774 1
8796 1
8809 1
8812 0
8826 1
8827 1
8835 0
8836 1
8837 1
8844 0
8856 0
8860 0
8863 0
8878 1
8879 0
8884 1
8890 0
8895 0
8897 0
8909 1
8910 0
8914 0
8935 1
8941 0
8946 1
8947 0
8948 1
8953 0
8957 1
8969 0
8972 1
8981 1
8984 0
8995 1
9002 1
9015 0
9029 1
9037 0
9052 1
9067 1
9073 1
9086 1
9097 0
9111 0
9122 1
9130 0
9134 1
9136 1
9148 1
9160 0
9168 1
9173 0
9184 1
9189 1
9201 0
9206 1
9220 0
9229 0
9231 1
9246 1
9255 1
9262 1
9277 0
9288 1
9297 0
9299 1
9304 0
9308 1
9315 1
9324 1
9337 1
9343 1
9354 1
9369 1
9374 0
9385 0
9392 0
9393 0
9394 1
9396 1
9402 1
9410 1
9423 0
9434 0
9448 1
9453 1
9461 1
9464 1
9470 1
9471 1
9484 0
9498 0
9510 1
9522 0
9537 0
9551 0
9556 0
9569 0
9577 1
9591 0
9598 0
9611 0
9615 0
9623 1
9637 1
9644 0
9658 0
9673 0
9686 0
9701 1
9706 0
9710 1
9723 1
9734 1
9738 0
9741 1
9750 1
9756 1
9770 0
9772 1
9786 1
9800 1
9803 1
9814 0
9820 0
9833 0
9836 1
9851 1
9865 1
9866 0
9878 1
9889 1
9897 1
9904 1
9909 1
9912 0
9913 1
9925 0
9931 1
9944 0
9963 0
9978 1
9981 1
9995 0
10008 0
10017 0
10025 0
10034 0
10046 0
10055 0
10070 0
10083 1
10086 0
10087 1
10101 1
10102 0
10104 0
10106 0
10121 1
10132 1
10145 1
10159 1
10163 0
10164 1
10179 0
10190 1
10198 0
10202 1
10207 1
10214 1
10229 0
10238 1
10242 1
10251 1
10259 1
10262 1
10271 0
10280 0
10284 1
10286 1
10289 1
10297 0
10304 1
10306 1
10321 0
10325 0
10327 1
10329 1
10343 1
10349 1
10356 0
10370 0
10379 1
10381 0
10394 0
10400 1
10413 0
10420 0
10428 1
10437 0
10446 1
10459 1
10465 0
10477 1
10492 1
10497 1
10500 0
10504 1
10516 1
10519 1
10537 0
10545 0
10553 0
10567 1
10579 1
10583 0
10594 1
10595 1
10604 1
10609 0
10618 1
10632 1
10637 0
10638 0
10663 0
10674 1
10680 0
10686 1
10688 0
10700 1
10707 0
10722 0
10724 1
10728 0
10743 0
10750 0
10752 0
10764 0
10768 0
10777 1
10782 1
10786 0
10793 1
10806 0
10820 0
10824 0
10835 0
10842 0
10847 1
10853 0
10855 0
10861 1
10863 1
10868 1
10871 0
10884 0
10895 1
10903 0
10904 1
10916 0
10925 1
10928 0
10937 0
10938 1
10939 0
10947 0
10962 0
10968 0
10971 1
10972 1
10987 0
10992 1
11006 0
11014 0
11022 0
11036 1
11047 1
11050 0
11061 0
11075 0
11089 0
11103 1
11118 1
11131 1
11136 1
11151 0
11153 1
11164 1
11172 1
11180 0
11184 0
11199 0
11207 1
11222 0
11223 0
11228 0
11229 1
11235 0
11249 0
11262 1
11267 1
11273 0
11285 1
11290 0
11298 1
11304 1
11315 1
11317 0
11324 0
11333 0
11338 1
11339 0
11342 1
11348 0
11353 0
11365 1
11368 1
11369 1
11373 1
11374 1
11378 1
11387 1
11391 1
11405 0
11407 1
11414 1
11428 1
11439 1
11450 0
11454 1
11456 1
11457 0
11462 0
11474 0
11479 1
11483 1
11497 0
11511 0
11519 0
11522 0
11531 0
11542 1
11554 0
11561 0
11562 0
11564 0
11569 1
11583 0
11587 1
11606 1
11610 1
11615 0
11627 0
11638 1
11642 0
11651 1
11655 1
11666 0
11673 0
11678 0
11687 1
11689 1
11694 1
11701 0
11706 0
11720 0
11732 1
11739 0
11748 1
11756 0
11769 1
11778 1
11789 0
11796 1
11803 0
11804 1
11808 1
11810 1
11816 0
11828 1
11839 1
11844 0
11848 1
11853 0
11865 0
11874 1
11882 0
11896 1
11899 0
11914 1
11928 1
11932 1
11935 1
11943 1
11956 0
11969 1
11980 0
11986 1
11994 1
11995 1
12007 1
12009 1
12022 0
12037 1
12043 1
12055 0
12057 1
12058 0
12064 0
12066 1
12073 1
12088 0
12100 1
12107 0
12113 1
12128 0
12129 1
12137 0
12138 1
12144 0
12145 0
12149 1
12163 0
12176 1
12187 1
12189 1
12201 1
12203 0
12212 1
12235 0
12236 1
12243 0
12254 1
12255 0
12258 1
12267 0
12271 1
12285 1
12293 0
12304 0
12309 1
12316 0
12328 1
12336 1
12337 0
12340 1
12351 1
12355 0
12367 0
12379 1
12388 1
12394 0
12397 0
12401 1
12423 0
12435 0
12437 1
12442 1
12444 1
12448 1
12450 1
12454 0
12456 1
12461 0
12475 0
12484 1
12489 0
12503 0
12509 1
12524 0
12530 1
12532 0
12535 0
12542 1
12549 1
12554 1
12559 0
12560 1
12571 0
12582 0
12587 1
12593 1
12604 0
12619 1
12631 0
12634 1
12640 0
12649 1
12652 1
12664 1
12678 0
12689 1
12696 0
12703 1
12712 0
12731 1
12745 0
12752 1
12770 1
12781 1
12796 0
12797 0
12809 1
12814 1
12817 1
12825 1
12833 0
12839 0
12852 0
12855 0
12864 1
12868 0
12877 0
12883 0
12890 1
12898 0
12912 0
12913 1
12918 1
12925 1
12933 0
12948 0
12957 0
12965 1
12971 0
12976 0
12988 1
12993 1
12996 1
12998 0
13010 1
13018 0
13033 0
13035 1
13044 0
13059 1
13072 1
13079 1
13083 1
13097 0
13103 1
13120 0
13134 1
13136 0
13148 0
13163 1
13168 1
13180 0
13189 1
13191 0
13204 0
13207 0
13219 0
13224 1
13227 0
13228 1
13235 1
13249 0
13257 0
13259 0
13274 0
13278 0
13283 1
13285 1
13297 0
13299 0
13313 0
13324 1
13339 0
13353 1
13359 0
13367 0
13372 1
13376 0
13383 0
13387 1
13388 0
13389 0
13391 1
13396 0
13398 0
13411 1
13425 1
13434 0
13439 0
13451 0
13459 1
13468 1
13473 0
13481 0
13486 0
13498 0
13502 0
13504 0
13507 0
13511 1
13519 1
13531 1
13537 0
13543 1
13548 1
13553 1
13566 1
13577 0
13590 1
13601 0
13616 1
13624 1
13626 1
13629 0
13641 0
13642 0
13651 1
13663 0
13668 1
13680 1
13686 1
13701 1
13709 1
13715 0
13724 1
13733 0
13745 0
13752 0
13763 0
13777 0
13779 0
13786 0
13798 1
13807 1
13814 0
13826 0
13838 1
13841 1
13844 1
13855 1
13869 0
13880 1
13881 0
13885 1
13887 1
13892 0
13899 1
13900 1
13901 1
13908 1
13920 1
13921 1
13932 1
13945 1
13953 1
13966 1
13972 0
13975 0
13978 1
13990 1
13998 1
14005 0
14010 1
14019 0
14021 0
14025 0
14031 1
14036 1
14044 0
14047 1
14050 0
14054 0
14058 0
14065 1
14072 0
14085 1
14091 1
14093 0
14097 1
14112 0
14113 1
14119 1
14137 0
14139 0
14150 0
14161 0
14162 1
14164 0
14169 1
14176 1
14190 0
14201 0
14207 0
14216 1
14220 1
14224 0
14233 0
14242 1
14247 1
14248 1
14261 0
14265 0
14277 0
14289 0
14292 0
14296 0
14305 1
14312 1
14319 1
14328 1
14333 1
14347 1
14354 0
14368 0
14372 1
14387 1
14388 0
14394 0
14398 0
14399 1
14403 1
14411 1
14412 0
14416 0
14419 1
14423 0
14436 1
14443 0
14458 1
14464 1
14466 0
14480 1
14489 1
14492 0
14505 0
14518 1
14523 1
14531 0
14545 1
14550 1
14555 1
14560 0
14564 1
14578 0
14593 1
14602 0
14608 0
14614 1
14623 0
14635 1
14643 0
14650 1
14665 1
14677 0
14684 1
14696 0
14702 1
14722 1
14734 0
14740 1
14747 0
14759 0
14767 1
14782 0
14786 1
14790 0
14793 0
14808 1
14815 0
14829 0
14830 0
14839 1
14846 1
14853 0
14861 0
14872 0
14874 0
14877 0
14889 1
14890 0
14897 1
14904 1
14905 1
14910 1
14915 1
14918 1
14920 1
14927 0
14938 0
14953 1
14960 1
14967 0
14974 1
14981 0
15004 1
15019 0
15033 1
15035 0
15050 1
15055 1
15064 1
15077 1
15092 1
15093 0
15098 0
15101 1
15113 1
15117 1
15125 1
15137 1
15149 1
15162 1
15163 1
15171 1
15185 1
15190 1
15199 1
15207 0
15215 0
15227 1
15235 1
15241 0
15248 1
15261 0
15267 0
15269 1
15284 0
15299 0
15301 0
15308 1
15320 1
15329 0
15343 1
15346 1
15350 0
15353 0
15367 0
15378 1
15389 1
15395 1
15399 0
15400 0
15403 0
15412 0
15414 1
15421 1
15434 0
15445 0
15454 1
15462 0
15470 1
15487 1
15489 1
15492 1
15501 0
15514 0
15517 1
15518 0
15525 1
15533 0
15546 0
15559 0
15562 0
15564 1
15579 0
15580 0
15588 1
15603 0
15605 1
15617 1
15629 1
15636 0
15644 1
15651 1
15656 1
15670 1
15675 0
15686 0
15699 0
15706 0
15708 1
15720 1
15735 0
15741 1
15747 0
15750 0
15754 0
15758 0
15772 1
15776 0
15783 1
15798 0
15801 1
15803 1
15814 1
15822 1
15830 1
15833 1
15848 0
15851 0
15860 1
15863 1
15877 0
15885 0
15898 0
15902 0
15907 0
15918 1
15930 0
15936 0
15939 1
15944 0
15953 0
15957 1
15960 0
15963 1
15966 0
15977 0
15991 1
16002 1
16014 0
16015 0
16030 0
16034 0
16042 1
16057 1
16064 1
16066 0
16070 0
16075 1
16089 0
16090 0
16092 0
16096 1
16110 0
16121 1
16146 1
16153 1
16157 0
16164 0
16169 0
16181 0
16196 1
16199 0
16208 1
16221 0
16229 0
16237 1
16240 1
16242 0
16243 1
16249 1
16251 0
16254 0
16266 0
16269 0
16274 1
16276 0
16277 0
16278 1
16281 1
16288 1
16296 0
16309 1
16323 0
16337 0
16343 0
16354 1
16366 1
16378 0
16389 1
16395 0
16398 1
16406 1
16412 0
16421 1
16428 1
16441 1
16452 1
16453 1
16465 0
16469 0
16478 0
16479 0
16481 0
16485 1
16493 1
16494 0
16502 0
16515 0
16528 0
16537 0
16544 0
16553 0
16559 0
16568 0
16572 1
16584 1
16598 0
16599 1
16606 1
16607 1
16609 1
16613 0
16627 1
16636 1
16640 0
16641 0
16647 0
16648 0
16653 0
16666 0
16671 0
16684 0
16692 1
16698 1
16701 1
16707 0
16710 0
16713 0
16720 0
16735 1
16747 0
16751 1
16766 0
16772 0
16781 0
16794 1
16809 0
16817 1
16843 0
16858 0
16862 0
16866 1
16869 1
16873 1
16887 0
16900 0
16914 1
16921 0
16923 1
16927 1
16940 0
16952 0
16959 0
16964 1
16982 0
16995 0
17007 1
17011 1
17017 1
17024 1
17037 0
17046 1
17051 0
17054 0
17069 1
17073 0
17077 1
17081 0
17082 0
17090 1
17104 1
17109 1
17111 0
17120 1
17127 0
17136 1
17143 1
17156 0
17170 1
17178 1
17193 0
17194 1
17206 0
17226 1
17240 0
17253 0
17268 1
17276 1
17283 0
17298 1
17311 0
17325 0
17331 1
17358 1
17366 1
17372 1
17376 1
17390 1
17393 0
17405 1
17419 0
17425 1
17438 1
17444 0
17453 0
17456 1
17461 0
17472 1
17475 0
17489 1
17493 1
17498 1
17511 1
17525 1
17529 1
17530 1
17544 1
17545 1
17557 0
17561 0
17563 0
17569 0
17570 1
17578 0
17592 1
17606 1
17620 0
17624 1
17638 0
17641 1
17653 1
17655 0
17661 0
17668 0
17682 0
17697 0
17704 1
17730 1
17736 1
17744 1
17758 1
17766 1
17774 1
17787 0
17794 1
17801 1
17812 0
17819 1
17830 0
17831 1
17832 1
17845 0
17846 0
17850 1
17858 0
17873 0
17875 0
17878 0
17880 1
17894 0
17902 0
17908 1
17920 1
17924 0
17926 1
17932 0
17933 0
17939 0
17943 0
17954 0
17968 0
17972 0
17980 0
17985 0
17986 1
17988 1
17996 0
18004 1
18019 1
18031 0
18038 1
18049 0
18061 0
18062 0
18074 0
18075 1
18077 1
18085 1
18086 1
18094 0
18108 1
18112 0
18119 1
18142 0
18150 0
18155 0
18166 1
18173 0
18174 1
18175 1
18189 1
18198 1
18210 1
18222 1
18234 1
18238 0
18243 1
18247 1
18254 1
18261 1
18266 0
18279 0
18280 0
18292 1
18293 0
18295 1
18304 1
18307 0
18310 0
18331 0
18337 1
18352 0
18356 0
18357 1
18360 0
18362 0
18368 1
18376 0
18385 1
18400 0
18409 0
18424 1
18430 1
18442 0
18456 1
18458 1
18459 1
18465 0
18466 1
18468 1
18482 0
18493 1
18508 0
18509 1
18516 1
18529 1
18535 1
18550 0
18561 0
18563 0
18567 0
18580 1
18591 1
18606 1
18621 1
18623 0
18637 0
18643 0
18646 0
18647 0
18651 1
18659 1
18670 1
18679 0
18692 1
18695 1
18704 0
18712 1
18713 1
18720 1
18733 1
18735 0
18741 0
18755 0
18768 0
18783 1
18795 0
18799 1
18811 1
18815 1
18821 0
18836 0
18851 1
18866 1
18867 1
18878 1
18891 0
18905 1
18910 1
18924 0
18928 0
18935 1
18939 1
18943 1
18956 0
18957 1
18962 0
18969 0
18975 0
18976 0
18985 1
18993 0
19000 1
19017 0
19030 0
19043 1
19055 0
19067 1
19081 0
19084 0
19087 1
19089 0
19092 0
19107 0
19113 1
19118 0
19119 1
19131 1
19145 1
19149 1
19155 0
19170 1
19173 1
19181 0
19187 1
19198 0
19204 1
19210 0
19222 0
19228 0
19235 1
19236 1
19243 1
19248 0
19255 1
19268 0
19280 0
19295 0
19302 1
19303 1
19310 1
19316 1
19322 1
19328 0
19340 1
19343 0
19358 0
19370 1
19376 1
19382 0
19383 1
19384 0
19391 1
19400 1
19411 0
19424 1
19429 0
19442 0
19448 1
19455 0
19459 0
19465 1
19473 1
19479 1
19491 1
19506 0
19510 0
19518 1
19526 1
19540 1
19544 0
19549 0
19563 0
19572 0
19579 0
19586 1
19587 0
19591 1
19595 0
19610 1
19614 0
19628 1
19631 1
19646 0
19651 0
19659 0
19666 1
19674 1
19681 0
19695 1
19704 0
19718 1
19733 1
19737 1
19740 1
19743 0
19746 0
19753 1
19764 0
19775 0
19776 0
19784 0
19797 1
19802 0
19808 0
19817 1
19821 0
19833 1
19847 0
19851 0
19856 0
19870 0
19872 1
19884 0
19889 0
19897 0
19909 1
19921 1
19936 1
19950 1
19964 1
19968 1
19973 1
19979 1
19992 0
19993 1
20008 0
20017 1
20020 0
20032 1
20043 1
20056 0
20068 0
20083 1
20091 0
20094 0
20105 0
20114 0
20116 1
20117 1
20129 1
20131 0
20144 1
20151 0
20158 1
20171 1
20179 1
20194 0
20203 1
20211 0
20219 1
20231 1
20238 0
20250 0
20264 1
20276 0
20278 1
20283 0
20296 0
20310 1
20324 0
20336 0
20349 0
20363 1
20377 1
20380 0
20381 0
20389 0
20392 0
20393 1
20404 0
20406 0
20421 1
20430 0
20437 1
20451 1
20465 1
20478 1
20481 0
20489 1
20494 0
20507 1
20509 0
20514 0
20516 0
20525 0
20536 0
20542 0
20548 1
20553 0
20567 1
20568 1
20573 0
20587 0
20601 1
20614 1
20619 1
20632 1
20640 0
20665 0
20673 0
20678 1
20687 0
20694 0
20699 1
20713 1
20716 1
20728 1
20739 0
20747 1
20748 0
20752 0
20758 0
20759 1
20767 1
20776 1
20791 1
20803 0
20807 0
20821 0
20825 1
20839 1
20844 0
20857 0
20871 0
20880 0
20884 0
20890 0
20905 0
20918 0
20924 0
20926 1
20933 0
20935 1
20950 1
20957 0
20968 1
20976 0
20988 1
21003 0
21018 0
21026 1
21040 0
21048 0
21062 1
21070 0
21078 0
21087 1
21102 1
21103 0
21116 1
21119 0
21131 0
21132 0
21134 1
21137 1
21149 0
21163 1
21169 1
21172 1
21173 1
21186 0
21187 1
21193 1
21198 1
21213 0
21224 0
21233 1
21237 0
21250 1
21263 0
21265 0
21273 0
21274 0
21280 1
21282 1
21289 0
21297 1
21302 0
21314 1
21320 1
21321 0
21325 0
21328 0
21337 1
21341 0
21354 1
21363 1
21372 1
21380 1
21382 0
21391 0
21395 0
21407 1
21416 1
21430 1
21433 0
21438 1
21451 1
21457 1
21464 1
21471 0
21482 0
21493 1
21498 0
21511 1
21528 0
21529 1
21541 1
21548 0
21555 0
21559 0
21572 1
21577 1
21592 1
21600 1
21612 1
21613 1
21618 0
21625 0
21637 1
21650 1
21655 0
21667 1
21668 0
21682 0
21684 1
21688 1
21700 1
21701 1
21710 1
21714 0
21715 1
21720 0
21749 0
21760 1
21765 1
21768 0
21782 0
21787 0
21793 0
21808 0
21812 0
21825 0
21831 0
21838 1
21853 0
21868 0
21874 1
21883 0
21909 0
21915 0
21929 1
21940 0
21947 0
21953 1
21959 0
21971 0
21986 1
21991 0
21993 1
22005 0
22006 1
22018 1
22024 0
22025 0
22029 1
22034 1
22037 0
22046 0
22055 0
22067 0
22082 1
22089 1
22091 1
22094 0
22103 1
22115 0
22130 1
22143 1
22144 1
22149 1
22150 0
22157 0
22163 1
22175 1
22183 1
22188 1
22193 1
22194 1
22202 1
22217 1
22232 0
22244 0
22258 1
22261 0
22275 1
22283 0
22284 1
22288 1
22289 1
22294 1
22296 0
22302 1
22307 1
22320 1
22328 1
22341 0
22343 0
22348 1
22354 1
22360 1
22372 0
22383 0
22396 1
22408 1
22415 0
22420 0
22435 1
22447 0
22462 0
22468 0
22470 1
22473 1
22484 1
22488 1
22492 0
22501 1
22514 1
22523 1
22537 0
22544 1
22558 0
22560 0
22569 0
22571 1
22584 1
22588 0
22596 0
22609 1
22612 0
22614 1
22617 1
22631 0
22644 0
22649 0
22652 0
22655 0
22664 1
22668 0
22682 0
22686 0
22690 1
22705 0
22710 1
22718 1
22725 1
22728 0
22737 1
22760 0
22765 0
22770 1
22773 0
22786 1
22797 1
22808 0
22816 0
22829 1
22842 1
22844 0
22853 0
22861 0
22873 1
22886 1
22890 0
22895 0
22898 0
22905 0
22919 0
22932 1
22934 0
22938 1
22952 0
22964 1
22966 0
22975 1
22989 0
23000 0
23004 1
23005 0
23010 1
23022 1
23024 0
23028 0
23036 0
23040 0
23053 1
23058 1
23063 0
23071 0
23073 1
23075 0
23080 1
23092 0
23093 1
23096 0
23108 0
23109 0
23120 1
23123 0
23132 0
23145 1
23154 1
23158 1
23165 1
23167 0
23180 0
23193 1
23196 0
23198 1
23210 1
23217 0
23230 0
23231 0
23242 0
23245 0
23260 1
23271 1
23278 1
23291 0
23300 1
23314 0
23323 1
23337 0
23351 1
23354 0
23358 1
23361 1
23365 0
23366 1
23373 1
23374 0
23379 1
23381 0
23386 0
23387 1
23391 0
23405 1
23406 1
23414 1
23416 1
23417 0
23430 0
23432 1
23434 1
23447 0
23452 0
23460 1
23467 0
23468 0
23474 1
23488 0
23503 1
23504 1
23513 1
23517 1
23530 1
23537 0
23546 1
23552 1
23561 0
23565 1
23579 1
23580 0
23591 1
23592 1
23606 1
23614 0
23629 1
23635 1
23649 1
23652 0
23656 0
23670 0
23677 0
23680 1
23692 1
23699 0
23704 1
23711 1
23727 0
23734 0
23736 0
23750 0
23759 0
23768 1
23783 1
23790 1
23802 0
23815 0
23826 0
23827 0
23840 0
23841 0
23846 1
23858 1
23871 1
23885 0
23886 0
23895 1
23904 0
23907 0
23916 0
23924 1
23938 0
23942 1
23954 0
23969 0
23981 0
23990 1
24005 0
24010 1
24011 0
24017 0
24022 0
24035 1
24039 0
24051 1
24052 0
24063 1
24064 1
24065 1
24072 0
24074 1
24083 0
24092 0
24104 1
24119 1
24134 0
24147 1
24150 0
24152 1
24163 0
24176 0
24187 0
24193 0
24205 1
24208 0
24209 1
24223 0
24238 0
24240 1
24246 0
24255 1
24257 0
24258 0
24264 0
24267 0
24269 0
24278 1
24298 1
24313 0
24319 0
24333 1
24338 1
24349 0
24354 1
24361 0
24365 1
24374 1
24382 1
24389 0
24400 0
24403 1
24409 0
24420 1
24426 1
24430 1
24445 1
24458 1
24460 0
24466 0
24475 1
24481 1
24489 1
24495 0
24506 0
24520 1
24524 1
24530 0
24532 1
24535 0
24537 0
24538 0
24565 1
24571 0
24573 1
24576 0
24581 0
24601 1
24615 0
24626 0
24638 1
24646 1
24659 1
24673 0
24684 1
24689 0
24690 0
24693 1
24697 1
24711 0
24716 1
24720 0
24723 1
24726 0
24734 1
24735 1
24737 1
24741 0
24748 0
24754 0
24767 1
24779 1
24792 0
24797 1
24803 1
24806 0
24807 0
24810 0
24822 0
24834 1
24845 1
24847 0
24852 0
24867 0
24878 0
24884 0
24887 1
24902 1
24914 1
24926 1
24934 1
24942 1
24943 1
24952 1
24965 0
24971 0
24974 0
24983 0
24998 1
25010 1
25024 1
25026 1
25032 1
25046 0
25050 0
25056 1
25059 1
25071 1
25076 0
25077 1
25090 1
25094 1
25105 0
25119 1
25127 0
25134 1
25138 1
25152 1
25165 0
25168 0
25173 0
25182 0
25185 1
25200 1
25204 0
25217 1
25224 1
25235 0
25248 1
25256 0
25264 1
25277 0
25282 1
25285 0
25296 1
25303 0
25308 0
25320 1
25328 0
25337 0
25342 0
25351 0
25353 1
25359 1
25362 1
25364 1
25369 0
25381 0
25384 1
25395 1
25408 0
25420 0
25423 1
25427 0
25441 0
25444 0
25458 0
25471 1
25484 0
25497 1
25501 0
25505 0
25511 0
25522 0
25531 0
25545 0
25559 0
25567 1
25572 1
25577 0
25599 1
25613 1
25628 1
25641 0
25653 1
25658 0
25660 0
25668 1
25671 1
25680 1
25691 1
25698 0
25707 1
25716 0
25730 0
25734 0
25738 0
25742 1
25745 0
25756 1
25768 0
25777 1
25783 0
25796 1
25800 1
25815 0
25824 1
25842 0
25851 0
25860 1
25882 0
25893 0
25900 0
25911 0
25913 0
25914 0
25916 1
25931 1
25944 1
25953 1
25964 1
25968 0
25970 0
25978 1
25992 1
26000 0
26004 0
26018 0
26024 1
26035 0
26036 1
26050 1
26054 1
26075 1
26084 1
26089 1
26096 0
26108 0
26113 0
26120 1
26128 0
26154 0
26166 1
26174 0
26177 0
26188 1
26199 0
26202 0
26207 1
26214 1
26226 0
26230 1
26245 1
26254 1
26266 0
26280 0
26291 1
26303 0
26306 0
26311 1
26324 1
26332 1
26345 1
26350 0
26354 1
26366 0
26367 1
26369 1
26370 1
26379 0
26390 0
26402 1
26416 1
26425 1
26438 1
26445 1
26449 0
26461 0
26462 1
26465 1
26477 0
26480 0
26489 0
26498 1
26512 0
26521 0
26522 1
26524 1
26529 1
26532 1
26534 1
26537 1
26541 0
26549 0
26551 0
26557 0
26559 0
26565 0
26580 1
26585 0
26586 0
26587 1
26598 1
26599 1
26601 1
26612 1
26620 1
26629 1
26638 1
26650 1
26657 1
26662 0
26671 1
26685 0
26699 1
26702 1
26705 0
26717 0
26719 0
26734 1
26736 1
26739 0
26742 1
26757 0
26758 1
26771 1
26783 1
26796 1
26811 1
26824 1
26833 0
26840 0
26845 1
26851 0
26865 1
26866 0
26880 0
26882 0
26893 1
26899 1
26904 0
26908 0
26920 1
26924 1
26931 1
26932 0
26935 0
26948 1
26949 0
26960 0
26967 1
26969 1
26974 0
26977 1
26979 1
26986 1
26988 0
26999 0
27012 0
27021 0
27028 1
27042 0
27050 1
27053 1
27060 0
27072 1
27080 1
27095 1
27101 1
27114 0
27129 0
27135 1
27143 1
27144 0
27157 0
27168 0
27175 1
27186 1
27200 0
27215 0
27221 1
27223 0
27235 0
27250 0
27264 0
27265 0
27278 0
27283 0
27285 0
27298 1
27309 1
27314 0
27318 1
27332 1
27347 0
27361 1
27363 0
27369 0
27372 1
27386 1
27388 0
27395 1
27403 0
27407 0
27408 1
27409 0
27417 1
27422 0
27426 1
27434 0
27447 1
27452 0
27458 1
27471 1
27484 1
27498 1
27510 0
27521 0
27524 0
27526 0
27528 0
27539 0
27541 0
27548 0
27554 1
27559 0
27574 0
27585 0
27590 0
27599 0
27604 1
27608 0
27616 1
27637 0
27651 0
27662 0
27674 0
27676 1
27682 1
27696 0
27705 0
27714 1
27716 1
27718 0
27721 0
27732 1
27738 0
27739 0
27743 1
27744 1
27748 1
27759 1
27773 1
27780 0
27788 1
27789 1
27791 1
27796 0
27811 0
27815 1
27818 1
27826 0
27827 0
27842 0
27854 1
27866 0
27875 1
27888 0
27900 0
27908 1
27912 1
27921 0
27937 0
27944 1
27958 1
27966 1
27980 0
27985 1
27987 0
27993 0
28001 1
28008 1
28023 0
28027 1
28040 0
28056 1
28063 0
28078 1
28085 0
28099 0
28113 0
28122 0
28124 1
28125 0
28130 0
28133 1
28141 0
28149 0
28164 0
28177 1
28178 0
28182 0
28186 1
28188 1
28190 1
28197 0
28198 0
28204 1
28216 0
28223 0
28236 0
28239 0
28243 1
28245 1
28254 0
28260 0
28275 1
28283 0
28286 1
28292 0
28301 0
28305 0
28306 1
28309 1
28313 1
28320 0
28324 1
28338 1
28345 0
28352 0
28358 0
28364 1
28373 1
28384 0
28396 1
28409 1
28413 1
28420 0
28427 1
28429 1
28440 0
28447 1
28449 0
28463 0
28476 0
28484 0
28488 1
28496 0
28502 1
28505 0
28508 0
28510 1
28524 0
28528 0
28532 1
28535 0
28539 1
28540 1
28544 1
28548 0
28553 0
28576 0
28585 1
28598 1
28610 0
28611 0
28625 1
28634 1
28649 0
28664 0
28676 1
28690 0
28704 0
28707 0
28715 1
28721 0
28726 0
28734 1
28739 1
28751 0
28759 1
28760 0
28764 1
28768 1
28779 1
28783 0
28785 1
28791 0
28810 0
28825 0
28839 0
28851 1
28855 0
28869 0
28873 0
28884 1
28888 1
28897 1
28904 0
28905 0
28920 0
28923 0
28926 0
28938 1
28946 1
28954 1
28968 0
28979 1
28983 0
28984 0
28990 1
28996 0
29007 1
29022 0
29035 1
29038 0
29041 1
29046 0
29054 0
29059 0
29061 0
29073 1
29088 1
29095 0
29097 1
29109 1
29115 0
29120 1
29132 1
29144 1
29149 0
29153 1
29161 1
29169 1
29184 1
29197 0
29214 1
29216 1
29228 0
29229 1
29237 1
29243 0
29257 0
29264 0
29267 0
29279 0
29280 1
29283 1
29288 0
29297 0
29308 0
29315 0
29319 1
29324 1
29332 0
29340 0
29341 1
29342 1
29345 1
29357 1
29365 0
29370 0
29372 0
29384 0
29386 0
29401 1
29415 0
29428 1
29433 1
29438 0
29445 1
29456 0
29457 1
29463 0
29464 1
29468 1
29474 1
29478 0
29486 1
29500 1
29513 0
29519 1
29530 1
29545 1
29550 0
29552 1
29564 1
29570 1
29573 0
29579 0
29607 0
29612 0
29621 0
29636 0
29638 0
29652 0
29660 0
29669 1
29673 1
29676 1
29678 1
29689 0
29695 0
29708 0
29714 1
29723 0
29732 1
29746 1
29759 0
29767 1
29773 0
29786 0
29800 1
29811 0
29824 0
29838 0
29841 1
29845 1
29859 1
29861 1
29867 0
29869 0
29875 1
29889 1
29900 1
29904 1
29916 0
29927 1
29939 1
29943 0
29944 1
29951 0
29966 1
29971 1
29972 1
29973 1
29988 0
29999 0
30001 1
30006 1
30010 0
30011 0
30026 1
30033 1
30047 1
30062 0
30067 1
30075 0
30078 1
30082 1
30094 1
30098 1
30099 0
30111 0
30114 0
30125 1
30137 0
30143 1
30145 0
30159 1
30173 0
30187 0
30196 1
30208 1
30221 1
30233 1
30247 0
30255 1
30256 1
30270 1
30272 0
30286 1
30288 1
30292 0
30303 1
30306 1
30313 0
30326 1
30337 0
30342 1
30355 0
30361 1
30375 0
30386 0
30393 0
30394 0
30409 0
30421 0
30434 0
30441 1
30442 1
30447 1
30455 1
30468 1
30473 0
30477 0
30486 1
30490 0
30501 1
30513 0
30522 1
30526 1
30532 0
30539 0
30544 1
30550 1
30551 0
30559 0
30568 0
30575 0
30579 0
30580 1
30588 0
30602 0
30614 1
30621 1
30633 0
30636 1
30649 0
30654 0
30668 0
30676 0
30680 1
30691 1
30693 1
30706 0
30710 1
30724 0
30727 1
30741 1
30743 1
30745 1
30757 0
30761 1
30764 0
30777 0
30780 0
30792 1
30805 0
30809 1
30817 0
30822 1
30825 0
30831 1
30837 1
30844 1
30845 0
30847 0
30851 0
30853 0
30857 1
30861 1
30868 0
30881 1
30896 0
30905 1
30917 1
30923 0
30926 0
30938 0
30951 1
30954 0
30965 0
30968 0
30975 0
30979 0
30991 0
30996 1
31007 1
31018 1
31020 0
31022 1
31037 0
31052 0
31059 0
31071 0
31080 0
31081 0
31089 1
31102 1
31109 1
31121 1
31127 0
31134 1
31145 0
31150 1
31151 1
31156 1
31168 1
31175 1
31180 0
31182 1
31193 0
31197 0
31203 0
31204 1
31207 1
31222 0
31229 0
31231 0
31245 1
31247 1
31256 1
31265 0
31269 1
31278 1
31292 0
31295 0
31310 1
31315 1
31319 0
31332 0
31336 0
31347 1
31360 1
31366 1
31370 1
31384 0
31387 1
31390 0
31399 0
31412 1
31427 1
31435 0
31436 0
31440 0
31452 0
31459 1
31471 0
31479 0
31483 1
31491 1
31497 0
31512 1
31520 0
31535 0
31538 1
31547 1
31560 0
31566 1
31573 1
31581 1
31583 0
31596 0
31599 0
31614 0
31617 1
31626 1
31627 1
31628 1
31637 1
31645 0
31658 0
31667 0
31675 0
31690 0
31701 0
31703 0
31716 1
31717 0
31723 0
31743 1
31748 1
31757 1
31760 1
31765 0
31779 1
31792 1
31794 0
31808 1
31836 1
31850 1
31852 1
31861 1
31870 0
31879 1
31892 0
31896 0
31905 0
31919 0
31926 0
31928 0
31937 1
31952 1
31961 1
31963 1
31971 1
31978 1
31979 1
31986 1
31993 1
32006 1
32012 1
32018 1
32022 0
32037 0
32051 0
32052 1
32063 1
32072 1
32079 0
32083 1
32084 1
32088 0
32102 0
32114 1
32117 1
32126 0
32141 0
32143 1
32154 0
32166 1
32170 1
32176 1
32191 1
32192 1
32206 0
32207 0
32213 0
32217 1
32230 1
32242 0
32257 0
32266 0
32270 0
32282 0
32287 1
32296 1
32311 0
32312 0
32327 1
32341 0
32353 1
32358 1
32367 1
32374 0
32375 0
32383 1
32389 0
32398 0
32410 0
32415 0
32422 1
32426 1
32440 1
32448 0
32463 1
32465 0
32467 0
32479 0
32480 0
32485 1
32489 0
32490 0
32498 1
32504 0
32513 0
32528 0
32529 0
32532 0
32535 0
32538 1
32552 0
32568 0
32580 1
32582 1
32590 0
32603 1
32612 1
32619 1
32624 1
32636 1
32650 1
32651 1
32653 1
32662 0
32675 1
32689 0
32703 0
32706 1
32719 0
32721 0
32726 0
32731 1
32732 0
32739 1
32750 0
32755 0
32762 0
32775 1
32781 0
32784 1
32787 0
32793 0
32797 0
32801 1
32806 1
32831 1
32833 1
32834 1
32839 1
32845 0
32852 0
32860 0
32875 1
32882 1
32883 0
32895 1
32900 1
32915 1
32918 0
32921 1
32929 0
32933 1
32934 0
32946 0
32960 1
32971 1
32975 0
32988 1
32989 0
32997 1
33005 0
33011 1
33024 1
33030 1
33041 1
33054 1
33066 0
33074 1
33077 0
33090 0
33098 0
33111 1
33118 0
33132 1
33147 1
33153 0
33155 0
33158 1
33169 1
33180 1
33188 1
33194 1
33197 0
33212 1
33226 0
33227 0
33239 1
33251 0
33266 1
33279 0
33281 1
33294 1
33299 1
33314 0
33317 0
33320 1
33333 1
33344 0
33346 0
33348 0
33361 1
33376 0
33389 0
33401 1
33414 0
33416 0
33417 1
33432 0
33438 0
33445 0
33447 1
33448 1
33462 0
33463 1
33475 0
33478 1
33483 0
33494 0
33497 1
33498 0
33513 1
33526 0
33538 0
33552 0
33561 0
33570 1
33573 1
33576 1
33584 0
33591 0
33593 0
33602 1
33614 0
33618 1
33619 0
33634 1
33636 1
33638 1
33653 0
33654 1
33666 1
33672 0
33683 0
33690 0
33698 1
33704 1
33710 1
33718 0
33731 1
33734 0
33740 1
33752 1
33754 0
33763 0
33766 0
33780 0
33781 1
33795 1
33807 0
33808 0
33809 0
33823 0
33834 0
33840 1
33848 0
33861 1
33866 0
33880 1
33895 0
33910 0
33919 0
33925 1
33938 1
33953 1
33962 1
33963 0
33971 1
33977 1
33985 1
33996 1
34010 1
34011 0
34016 0
34027 1
34043 0
34048 0
34060 1
34074 0
34085 1
34089 1
34094 1
34101 0
34112 0
34118 1
34121 0
34129 0
34144 0
34162 0
34170 1
34173 1
34184 1
34198 1
34205 0
34214 0
34221 0
34226 1
34238 0
34249 0
34250 1
34251 1
34263 1
34267 0
34279 1
34286 0
34300 0
34314 0
34320 1
34328 0
34336 1
34349 0
34368 0
34383 0
34385 0
34387 1
34396 1
34399 0
34401 1
34410 1
34418 1
34431 0
34438 1
34456 0
34471 1
34476 1
34482 1
34483 0
34489 1
34497 1
34500 0
34514 0
34528 1
34534 0
34547 0
34560 0
34568 0
34569 0
34570 1
34584 0
34595 1
34604 0
34612 0
34623 1
34634 0
34638 1
34640 1
34649 1
34654 1
34657 0
34672 0
34686 0
34697 0
34702 1
34710 0
34715 1
34727 0
34733 0
34747 1
34755 1
34764 0
34770 1
34783 1
34789 1
34796 1
34807 0
34819 1
34821 1
34836 0
34840 0
34851 0
34852 0
34858 0
34863 0
34875 1
34877 1
34878 1
34893 0
34901 1
34908 1
34911 0
34926 0
34935 1
34948 1
34956 0
34962 0
34967 1
34979 1
34992 1
34993 0
35000 1
35002 0
35013 0
35016 1
35021 0
35023 0
35025 1
35039 0
35054 1
35058 0
35067 1
35073 1
35085 0
35096 1
35097 0
35103 1
35115 0
35130 1
35144 0
35153 1
35155 0
35169 1
35178 0
35193 1
35201 0
35207 1
35212 0
35226 0
35237 0
35239 0
35254 0
35258 1
35269 1
35274 0
35286 0
35291 1
35305 0
35308 0
35320 1
35334 1
35347 1
35358 1
35371 0
35372 0
35378 0
35380 0
35383 1
35392 0
35396 1
35399 0
35413 1
35424 1
35432 0
35446 1
35457 0
35461 0
35469 1
35478 0
35482 0
35491 0
35498 1
35510 1
35511 0
35525 0
35532 1
35537 1
35539 1
35547 1
35559 0
35571 0
35579 1
35590 1
35602 1
35608 1
35614 1
35617 1
35622 1
35635 1
35636 0
35642 1
35647 0
35661 1
35669 0
35676 0
35678 0
35686 1
35687 1
35702 0
35704 0
35715 0
35727 1
35729 0
35742 1
35769 1
35781 1
35783 1
35784 0
35797 0
35809 1
35817 1
35824 0
35840 1
35844 1
35856 1
35869 1
35873 0
35875 1
35881 0
35894 1
35908 0
35920 0
35928 1
35929 0
35942 1
35951 1
35956 1
35957 0
35960 0
35973 1
35982 0
35985 0
35989 0
36001 1
36014 0
36018 0
36033 1
36038 1
36039 1
36041 0
36044 0
36051 1
36055 0
36066 0
36071 0
36077 0
36084 0
36093 1
36102 1
36114 0
36121 0
36122 0
36126 1
36130 0
36145 1
36156 1
36162 0
36164 0
36173 1
36182 0
36187 0
36190 1
36201 0
36214 0
36228 0
36236 0
36250 1
36256 1
36270 1
36283 0
36290 0
36299 0
36312 0
36321 1
36333 0
36348 1
36357 1
36366 0
36372 1
36373 0
36374 0
36378 0
36390 0
36393 0
36399 0
36407 1
36418 0
36430 0
36435 0
36447 1
36456 1
36470 1
36484 0
36495 0
36507 1
36520 0
36534 1
36547 1
36553 1
36564 0
36576 1
36580 1
36595 1
36606 0
36617 0
36632 1
36634 0
36637 1
36651 1
36654 1
36662 0
36665 0
36676 0
36684 0
36696 1
36710 0
36722 0
36725 0
36730 0
36734 1
36742 1
36751 0
36760 0
36774 0
36788 1
36790 1
36796 0
36798 1
36801 1
36810 0
36834 1
36837 0
36842 1
36848 0
36859 1
36874 1
36883 1
36898 0
36907 0
36916 0
36929 1
36944 1
36956 0
36958 1
36970 0
36982 1
36985 0
36987 1
36998 0
37009 0
37014 0
37021 1
37035 1
37050 0
37058 0
37063 1
37071 0
37080 0
37092 0
37097 1
37108 1
37113 1
37120 1
37128 0
37143 0
37158 0
37161 1
37173 1
37184 0
37189 1
37191 0
37200 0
37205 1
37209 1
37215 0
37218 0
37227 0
37238 0
37247 0
37255 1
37262 1
37276 0
37288 1
37296 0
37322 1
37333 1
37340 0
37354 0
37362 1
37365 0
37379 0
37383 1
37398 1
37405 1
37416 0
37427 0
37435 0
37442 0
37456 0
37459 0
37466 0
37475 0
37477 0
37492 1
37501 0
37507 1
37510 0
37516 0
37521 1
37532 1
37547 0
37551 1
37554 1
37559 1
37566 0
37570 1
37574 1
37588 1
37597 1
37601 0
37608 0
37611 1
37617 0
37624 0
37633 1
37638 1
37640 0
37651 1
37663 1
37665 1
37668 0
37671 1
37680 1
37692 0
37704 0
37715 1
37717 0
37728 0
37730 1
37731 1
37740 0
37754 1
37767 0
37779 0
37792 0
37799 0
37810 1
37825 1
37838 1
37841 0
37855 0
37868 1
37870 1
37885 1
37896 1
37905 0
37919 1
37926 1
37934 1
37935 0
37939 1
37942 0
37945 0
37951 0
37952 1
37954 1
37966 1
37972 1
37981 1
37995 1
38010 1
38013 1
38017 0
38026 1
38030 0
38038 0
38050 0
38061 1
38062 1
38066 0
38081 0
38094 0
38103 0
38107 1
38108 0
38116 1
38131 0
38138 1
38142 1
38154 0
38155 1
38168 1
38180 0
38193 0
38194 0
38201 0
38204 1
38207 1
38212 0
38214 1
38225 0
38233 0
38235 1
38237 0
38252 0
38261 0
38264 1
38269 0
38273 1
38277 1
38280 1
38285 1
38299 0
38310 0
38313 0
38318 1
38326 0
38340 0
38343 0
38357 0
38364 1
38373 1
38376 0
38381 0
38390 1
38398 0
38406 0
38409 0
38411 0
38424 0
38437 1
38451 1
38462 0
38474 0
38482 1
38487 1
38496 0
38511 1
38515 1
38522 0
38534 0
38537 1
38540 0
38548 1
38553 1
38565 1
38576 1
38587 1
38591 0
38606 1
38608 1
38621 1
38625 1
38628 0
38637 1
38649 0
38657 1
38679 1
38691 1
38694 0
38699 0
38707 0
38716 1
38729 1
38731 1
38738 0
38752 1
38757 0
38760 1
38764 0
38777 0
38782 1
38788 1
38801 0
38816 0
38818 1
38833 1
38841 1
38845 0
38857 1
38865 1
38876 1
38877 0
38890 0
38899 1
38908 0
38917 0
38922 1
38929 1
38937 0
38946 1
38958 0
38973 0
38985 0
38997 0
39008 1
39015 1
39022 1
39034 0
39038 1
39040 1
39041 1
39049 0
39078 1
39085 0
39105 0
39116 0
39121 1
39134 0
39140 1
39141 0
39154 1
39158 0
39166 1
39178 1
39186 1
39190 1
39201 1
39215 0
39220 1
39231 0
39238 1
39253 0
39259 0
39265 1
39278 0
39284 0
39297 1
39298 1
39303 1
39311 1
39319 1
39321 0
39330 0
39345 1
39347 0
39348 0
39359 0
39367 1
39381 0
39389 1
39392 0
39397 0
39406 1
39414 0
39423 1
39432 1
39444 1
39459 1
39461 1
39465 1
39478 1
39480 0
39491 1
39494 1
39499 0
39511 1
39523 1
39538 0
39551 0
39559 0
39567 1
39574 1
39580 1
39587 0
39614 1
39628 1
39642 1
39643 1
39654 1
39669 0
39671 1
39675 0
39680 1
39681 1
39687 1
39696 1
39700 1
39711 1
39715 0
39730 1
39739 0
39744 0
39745 0
39747 0
39762 0
39770 1
39778 0
39793 0
39805 1
39818 0
39832 1
39835 1
39850 1
39864 0
39877 0
39892 1
39898 0
39903 0
39906 1
39919 0
39925 0
39937 1
39946 1
39961 1
39963 1
39971 0
39978 0
39986 0
39995 0
40000 1
40004 1
40010 0
40013 0
40018 0
40030 0
40034 1
40043 0
40052 0
40056 0
40071 1
40074 1
40088 1
40091 1
40100 0
40104 0
40115 0
40122 1
40127 0
40131 1
40139 0
40152 0
40163 0
40166 0
40180 1
40185 1
40196 0
40198 0
40204 0
40217 0
40223 0
40232 0
40233 1
40246 0
40247 1
40252 1
40266 1
40281 1
40289 1
40291 0
40294 0
40308 1
40315 0
40337 0
40348 1
40363 0
40374 0
40378 0
40380 0
40395 1
40399 1
40408 0
40414 0
40427 0
40428 1
40433 1
40448 0
40449 1
40457 1
40460 0
40464 1
40475 1
40477 0
40481 0
40482 0
40483 0
40488 1
40500 0
40506 1
40514 0
40521 1
40528 0
40542 0
40546 0
40553 0
40560 1
40587 0
40592 1
40605 1
40608 1
40616 1
40617 0
40630 0
40641 1
40648 1
40660 0
40671 1
40683 0
40695 1
40701 1
40716 1
40724 0
40733 1
40749 1
40760 0
40769 1
40778 1
40783 1
40784 1
40798 0
40799 0
40811 0
40824 0
40838 1
40847 1
40861 1
40863 1
40870 0
40894 0
40906 1
40918 1
40929 0
40942 1
40957 0
40968 0
40982 1
40986 0
40990 0
40993 1
40998 1
41010 0
41017 1
41019 0
41033 1
41038 1
41049 0
41052 0
41064 1
41065 0
41072 1
41073 0
41086 0
41087 1
41093 0
41105 1
41120 1
41126 1
41131 0
41147 1
41154 1
41163 1
41164 0
41175 0
41189 0
41195 0
41197 1
41211 1
41225 1
41232 0
41246 0
41254 0
41265 1
41269 1
41283 0
41290 1
41291 0
41304 1
41319 0
41328 0
41330 1
41345 0
41352 1
41363 0
41375 0
41381 1
41390 1
41391 0
41405 1
41413 0
41428 0
41432 1
41444 0
41446 1
41453 0
41467 1
41471 0
41484 0
41497 0
41498 0
41509 1
41512 0
41524 0
41539 0
41543 0
41547 1
41551 0
41554 1
41567 0
41570 1
41576 0
41581 0
41593 1
41598 1
41603 1
41612 0
41630 1
41643 0
41650 0
41665 0
41671 1
41678 0
41683 0
41696 1
41698 1
41713 0
41727 0
41729 0
41740 1
41754 0
41765 1
41773 1
41775 0
41786 0
41795 0
41798 0
41810 1
41821 0
41822 0
41823 0
41831 0
41837 1
41852 0
41864 1
41866 0
41871 0
41882 1
41889 0
41891 1
41898 1
41901 0
41905 1
41917 1
41928 1
41932 0
41935 1
41943 0
41944 0
41948 0
41949 1
41960 0
41969 1
41974 0
41980 0
41982 0
41987 0
41998 1
42001 0
42006 1
42018 1
42023 0
42034 1
42046 0
42059 0
42064 1
42072 0
42080 1
42095 0
42121 0
42134 1
42138 1
42150 0
42165 1
42179 1
42192 1
42195 0
42199 0
42201 1
42203 1
42208 1
42217 1
42226 1
42239 0
42240 0
42255 1
42264 0
42273 0
42275 1
42288 1
42292 0
42299 0
42302 1
42315 0
42333 1
42348 0
42361 0
42364 0
42378 1
42393 1
42401 0
42410 1
42424 1
42439 1
42445 0
42460 0
42467 0
42479 0
42490 1
42503 0
42514 0
42521 0
42522 1
42536 0
42549 1
42555 0
42564 1
42573 0
42595 1
42600 1
42615 0
42624 1
42638 0
42640 0
42652 1
42661 0
42668 1
42694 0
42696 1
42711 0
42731 0
42745 1
42760 1
42762 1
42767 0
42774 1
42788 1
42797 1
42806 0
42811 1
42818 0
42832 0
42835 0
42842 1
42854 0
42859 1
42871 1
42873 0
42887 0
42902 0
42907 0
42913 1
42939 0
42952 1
42960 1
42975 0
42987 1
43000 0
43013 0
43016 1
43018 1
43032 0
43034 0
43040 0
43053 1
43058 1
43072 1
43080 1
43087 0
43098 1
43107 0
43111 0
43115 1
43116 1
43133 0
43148 0
43161 1
43169 0
43177 0
43179 0
43183 0
43191 1
43206 1
43219 1
43227 1
43232 1
43235 1
43241 0
43253 0
43262 1
43264 1
43267 0
43278 0
43282 1
43295 0
43306 1
43312 1
43323 0
43337 1
43351 1
43354 1
43360 1
43374 1
43377 0
43389 1
43390 1
43395 1
43400 0
43413 1
43422 0
43428 0
43443 0
43454 0
43456 0
43460 0
43466 1
43471 1
43482 0
43496 0
43504 1
43513 0
43515 1
43520 1
43528 0
43535 1
43549 1
43551 0
43565 1
43580 1
43587 0
43592 1
43594 0
43599 0
43603 0
43610 0
43615 1
43621 1
43628 1
43641 1
43643 1
43654 0
43667 1
43681 1
43687 0
43702 1
43704 1
43718 0
43723 0
43735 1
43750 0
43761 1
43766 0
43769 0
43770 1
43775 1
43780 1
43795 0
43802 0
43807 1
43810 1
43815 1
43817 0
43830 1
43842 1
43854 1
43860 1
43869 0
43878 1
43892 1
43901 1
43905 1
43912 0
43921 0
43923 1
43925 0
43940 0
43949 0
43961 1
43976 0
43990 1
43994 0
44007 1
44022 0
44028 0
44037 1
44052 1
44061 0
44065 1
44076 1
44080 1
44094 1
44108 0
44121 1
44134 1
44145 1
44157 0
44170 0
44177 1
44192 1
44197 1
44209 0
44211 0
44225 1
44230 1
44234 0
44235 0
44247 0
44250 1
44253 1
44260 1
44264 1
44265 1
44271 1
44272 1
44277 1
44283 0
44284 1
44286 0
44300 1
44306 0
44312 1
44325 0
44332 0
44345 0
44346 1
44350 1
44354 0
44366 1
44378 1
44392 1
44395 0
44398 0
44399 1
44407 1
44409 1
44416 0
44418 1
44429 0
44434 1
44443 1
44450 1
44463 0
44469 1
44470 1
44481 0
44487 0
44492 1
44500 1
44514 0
44529 1
44543 0
44555 0
44556 0
44567 0
44569 0
44583 0
44587 1
44598 1
44601 0
44609 0
44618 1
44622 1
44629 0
44638 1
44649 0
44660 1
44674 0
44687 1
44693 1
44698 0
44712 1
44724 1
44731 1
44734 0
44738 0
44757 0
44766 1
44768 0
44775 1
44788 1
44789 0
44790 0
44796 0
44800 0
44802 1
44808 1
44815 0
44839 1
44850 0
44853 1
44855 1
44858 0
44869 1
44884 1
44898 1
44913 1
44915 1
44917 1
44918 0
44923 1
44934 0
44946 1
44955 0
44968 1
44974 0
44981 1
44990 0
44992 0
45005 0
45007 1
45012 1
45018 0
45033 0
45041 1
45046 1
45060 0
45068 1
45073 1
45087 0
45088 1
45100 1
45106 1
45115 1
45121 1
45133 0
45135 1
45142 0
45155 0
45159 0
45174 0
45182 1
45187 0
45200 1
45205 1
45216 0
45229 1
45243 0
45249 1
45257 1
45270 0
45282 1
45287 0
45298 0
45313 1
45319 1
45330 1
45341 0
45349 0
45354 0
45367 1
45372 1
45385 0
45387 1
45394 0
45401 0
45406 1
45414 0
45426 1
45435 0
45444 0
45459 0
45465 1
45480 1
45487 0
45493 1
45507 0
45518 1
45519 0
45523 0
45529 1
45532 0
45535 1
45539 1
45554 0
45569 0
45575 1
45588 0
45597 1
45610 0
45621 1
45625 0
45640 0
45644 0
45656 1
45664 0
45675 1
45678 0
45689 1
45697 1
45706 0
45715 0
45730 0
45738 1
45745 1
45757 1
45766 0
45771 0
45785 0
45787 1
45798 0
45802 1
45803 0
45811 1
45822 1
45830 0
45833 0
45838 0
45842 0
45856 1
45870 1
45877 1
45878 1
45886 0
45887 1
45895 0
45900 0
45912 0
45927 0
45930 0
45933 1
45947 1
45960 0
45963 1
45975 0
45976 0
45978 1
45984 1
45992 0
45997 1
46006 0
46010 1
46019 0
46027 0
46028 1
46033 0
46035 0
46047 1
46059 0
46073 0
46088 0
46096 1
46105 1
46112 0
46140 1
46148 1
46159 0
46173 0
46176 0
46185 0
46187 1
46200 1
46208 0
46223 0
46238 0
46251 1
46262 1
46270 0
46273 1
46275 0
46282 0
46297 0
46300 1
46302 0
46311 0
46322 0
46337 1
46339 1
46343 0
46348 1
46349 1
46360 0
46364 1
46369 1
46382 1
46391 1
46395 0
46403 0
46417 0
46418 0
46425 0
46432 1
46440 1
46451 0
46453 1
46457 0
46461 0
46464 0
46468 1
46483 1
46492 1
46503 1
46512 0
46515 0
46529 1
46531 0
46534 0
46535 0
46538 1
46549 0
46554 1
46568 0
46584 0
46586 0
46598 0
46613 1
46618 0
46619 1
46623 1
46629 0
46632 1
46646 1
46659 0
46664 1
46673 1
46687 0
46700 0
46706 1
46711 1
46726 0
46741 0
46743 0
46748 0
46759 1
46761 1
46768 0
46789 0
46804 1
46805 1
46820 1
46826 1
46828 0
46843 1
46851 1
46860 1
46874 1
46880 1
46888 1
46894 1
46907 1
46912 1
46915 1
46921 1
46934 0
46939 0
46946 1
46960 1
46975 1
46989 1
47002 1
47011 0
47025 0
47026 1
47027 0
47028 1
47040 1
47054 1
47055 0
47056 0
47057 0
47060 0
47075 1
47089 1
47096 1
47111 1
47117 0
47122 1
47134 1
47140 1
47149 0
47153 0
47161 1
47166 0
47174 0
47188 0
47202 0
47203 1
47204 1
47219 1
47232 0
47243 1
47254 1
47262 0
47273 1
47280 1
47283 1
47289 0
47292 0
47298 0
47310 1
47311 0
47312 0
47315 1
47321 1
47326 0
47332 1
47346 1
47351 1
47359 1
47365 1
47378 1
47383 0
47387 0
47402 0
47404 0
47415 0
47420 0
47426 0
47428 0
47430 0
47432 1
47439 1
47465 1
47476 0
47484 1
47489 0
47495 0
47500 0
47501 1
47509 0
47520 1
47534 0
47539 0
47544 1
47552 1
47558 0
47559 0
47573 1
47582 0
47595 0
47598 0
47607 1
47614 1
47627 1
47632 1
47634 0
47641 1
47643 1
47651 1
47666 1
47675 1
47682 1
47686 0
47687 0
47700 1
47701 0
47702 1
47703 0
47706 1
47711 1
47720 1
47725 0
47736 0
47751 1
47764 0
47769 1
47792 0
47803 1
47814 0
47820 0
47824 1
47839 0
47846 1
47862 1
47876 0
47890 1
47895 0
47903 0
47905 1
47918 1
47919 1
47927 1
47931 0
47936 1
47939 0
47952 1
47958 0
47970 1
47972 1
47977 1
47979 0
47984 1
47999 0
48010 1
48019 1
48021 1
48028 1
48039 1
48051 0
48064 0
48066 0
48073 0
48085 1
48089 0
48103 1
48129 1
48141 1
48156 0
48167 0
48182 1
48194 0
48198 1
48203 1
48218 1
48225 0
48234 1
48243 1
48246 0
48261 0
48263 1
48268 1
48272 1
48276 1
48281 0
48293 1
48302 1
48315 1
48329 1
48342 1
48350 0
48356 1
48367 0
48373 0
48374 1
48375 0
48387 1
48392 0
48405 1
48414 1
48428 0
48437 0
48443 0
48451 0
48460 0
48475 1
48481 1
48496 1
48499 0
48500 1
48504 0
48515 1
48527 1
48536 0
48541 1
48550 0
48555 0
48564 0
48578 0
48593 0
48604 0
48609 0
48613 1
48620 1
48629 1
48644 0
48648 0
48663 1
48675 0
48690 1
48696 1
48709 0
48711 0
48723 0
48732 1
48741 0
48749 0
48751 1
48764 1
48769 0
48771 0
48777 0
48788 0
48789 0
48793 1
48798 0
48809 1
48810 0
48822 1
48835 1
48848 1
48851 0
48859 0
48872 0
48881 0
48889 1
48900 0
48903 1
48909 0
48916 0
48922 0
48925 0
48932 1
48937 1
48943 1
48948 0
48960 0
48962 1
48968 1
48976 1
48978 0
48987 0
48990 0
49004 0
49012 1
49013 1
49018 0
49030 0
49045 0
49048 1
49049 1
49053 1
49068 0
49070 0
49079 1
49091 1
49106 0
49114 1
49115 1
49119 1
49127 0
49135 0
49141 0
49145 1
49148 0
49152 1
49167 0
49182 1
49193 0
49202 1
49214 1
49217 1
49218 1
49231 1
49240 0
49249 1
49263 0
49275 1
49281 1
49286 1
49288 1
49292 0
49297 0
49299 0
49300 1
49304 0
49319 1
49333 0
49335 0
49346 1
49361 1
49374 0
49389 0
49404 1
49417 0
49420 0
49428 1
49432 0
49447 1
49453 0
49455 0
49473 0
49486 1
49500 0
49502 1
49504 0
49509 0
49522 0
49534 0
49547 1
49555 1
49557 1
49569 1
49584 1
49587 1
49596 1
49609 1
49624 1
49638 0
49652 1
49665 0
49677 0
49690 0
49691 0
49705 1
49712 0
49727 1
49731 0
49736 0
49749 1
49763 0
49774 0
49785 0
49787 1
49800 0
49812 0
49819 0
49821 0
49823 1
49834 0
49840 0
49863 1
49867 0
49871 1
49873 1
49875 0
49888 0
49892 1
49896 0
49910 0
49924 1
49937 1
49952 1
49963 1
49967 0
49974 0
49981 1
49989 1
49991 1
50000 1
50015 0
50023 1
50030 0
50046 1
50058 1
50063 0
50067 1
50071 0
50074 0
50080 0
50087 1
50089 0
50102 0
50108 1
50111 1
50116 0
50130 1
50153 1
50160 1
50165 0
50168 1
50169 1
50181 1
50185 1
50200 0
50208 0
50217 0
50228 0
50239 1
50243 1
50254 1
50262 0
50277 1
50288 1
50294 0
50301 1
50315 1
50328 0
50337 0
50351 1
50352 0
50366 1
50375 1
50380 1
50389 0
50402 0
50403 1
50404 1
50419 0
50421 0
50437 0
50445 1
50459 1
50471 0
50477 0
50478 1
50490 0
50496 1
50508 0
50513 0
50527 1
50533 1
50536 1
50540 0
50544 1
50547 1
50558 1
50573 1
50578 0
50581 1
50590 1
50593 0
50608 0
50619 1
50630 1
50644 0
50651 1
50665 1
50677 1
50688 1
50692 0
50704 1
50709 1
50723 1
50735 0
50739 1
50740 1
50754 1
50760 1
50761 0
50775 1
50783 1
50788 0
50796 0
50808 1
50815 1
50821 0
50833 1
50851 0
50856 0
50863 0
50871 0
50875 0
50882 1
50908 1
50923 0
50931 0
50946 0
50957 1
50964 0
50972 0
50979 1
50984 0
50998 1
51015 0
51023 0
51035 1
51040 0
51052 0
51059 0
51071 0
51084 1
51093 0
51099 1
51105 0
51113 0
51128 0
51131 1
51145 0
51157 1
51171 0
51175 1
51177 0
51192 1
51203 1
51206 1
51219 1
51233 0
51245 1
51253 1
51265 1
51270 1
51285 1
51298 0
51312 0
51325 1
51340 0
51341 1
51342 1
51343 0
51356 0
51359 0
51362 0
51364 0
51368 0
51369 1
51370 1
51384 1
51397 0
51410 0
51417 1
51429 1
51443 0
51448 0
51452 1
51459 1
51474 1
51478 0
51485 0
51488 0
51502 0
51515 1
51529 0
51542 0
51555 1
51556 0
51557 1
51558 0
51566 1
51570 1
51571 0
51572 1
51583 1
51597 0
51598 0
51614 0
51618 0
51629 1
51641 0
51644 1
51658 1
51664 1
51679 1
51680 1
51695 0
51708 1
51721 0
51730 1
51738 0
51739 1
51742 1
51757 1
51779 0
51780 1
51793 1
51795 1
51806 1
51810 0
51818 0
51833 0
51839 1
51851 0
51856 1
51869 1
51872 1
51880 0
51896 1
51909 0
51922 1
51931 0
51946 1
51959 0
51964 1
51978 0
51990 1
52002 1
52003 0
52006 1
52015 0
52018 1
52023 0
52038 1
52051 1
52066 0
52068 1
52073 1
52078 0
52084 1
52098 1
52103 1
52109 0
52115 1
52123 1
52135 1
52149 1
52164 0
52177 0
52189 1
52191 1
52193 0
52202 0
52215 0
52224 0
52233 0
52238 0
52251 1
52256 0
52260 0
52276 0
52284 0
52295 0
52310 1
52321 0
52335 1
52336 1
52345 0
52347 1
52361 0
52374 0
52381 0
52385 1
52392 1
52406 1
52413 0
52417 1
52420 0
52423 0
52429 1
52449 0
52451 0
52458 1
52467 1
52479 1
52484 1
52492 0
52503 0
52518 1
52523 1
52532 0
52545 1
52551 1
52559 1
52574 1
52578 1
52583 1
52592 0
52605 1
52612 1
52621 0
52627 1
52633 0
52641 1
52642 1
52647 1
52662 1
52675 0
52678 0
52683 0
52687 1
52691 1
52697 1
52708 1
52714 1
52726 1
52731 1
52732 1
52738 0
52745 0
52758 1
52767 1
52769 0
52776 1
52782 0
52783 1
52795 0
52808 1
52813 0
52819 1
52827 1
52829 0
52830 0
52836 0
52850 1
52862 0
52869 0
52880 1
52886 0
52901 1
52914 0
52923 1
52926 0
52938 1
52946 0
52959 1
52966 1
52975 0
52989 0
53001 1
53007 0
53010 1
53019 1
53027 1
53041 0
53055 0
53062 1
53067 1
53078 0
53087 0
53089 0
53100 1
53108 1
53119 1
53130 0
53143 0
53152 1
53154 1
53158 1
53173 1
53179 1
53186 1
53198 1
53201 1
53208 1
53213 1
53220 0
53229 0
53240 1
53251 1
53254 1
53255 0
53269 1
53271 1
53272 0
53280 0
53285 0
53290 1
53302 1
53309 0
53311 1
53320 1
53327 1
53333 1
53338 1
53349 1
53352 0
53367 0
53370 0
53375 0
53382 0
53391 0
53392 1
53399 0
53412 0
53415 1
53420 1
53435 1
53441 0
53447 1
53453 1
53455 0
53468 1
53471 1
53485 0
53492 0
53495 0
53509 0
53514 0
53521 1
53527 0
53528 1
53539 0
53545 0
53550 0
53555 1
53566 0
53586 0
53598 0
53611 0
53618 0
53622 1
53624 1
53636 0
53649 0
53650 0
53662 1
53667 1
53673 0
53685 1
53692 0
53704 1
53718 1
53731 1
53746 0
53755 0
53766 1
53768 0
53770 1
53784 0
53791 0
53793 1
53798 1
53810 0
53814 0
53821 0
53826 1
53827 0
53839 0
53850 0
53852 0
53861 0
53863 1
53866 1
53878 0
53879 0
53882 1
53886 0
53897 1
53903 1
53917 0
53928 0
53934 1
53940 1
53951 1
53966 1
53978 1
53989 0
53992 1
53996 0
54001 1
54003 1
54029 0
54041 1
54053 1
54062 1
54075 0
54083 0
54092 1
54101 1
54109 1
54113 1
54119 0
54126 1
54137 0
54148 0
54157 1
54163 0
54165 0
54180 0
54194 1
54197 1
54199 1
54208 0
54215 0
54221 1
54228 0
54237 0
54249 0
54260 1
54274 1
54278 0
54292 1
54293 0
54307 0
54311 1
54319 0
54333 0
54347 0
54353 0
54355 0
54357 0
54369 0
54374 0
54376 0
54383 0
54395 0
54403 0
54406 1
54407 1
54420 1
54424 0
54433 0
54435 0
54447 0
54454 1
54455 1
54469 0
54477 1
54480 1
54493 0
54508 0
54517 0
54523 1
54532 1
54544 1
54555 1
54561 1
54564 0
54569 0
54584 1
54596 1
54607 1
54614 1
54619 1
54624 1
54625 0
54637 0
54646 0
54652 1
54680 0
54684 0
54692 1
54696 1
54707 1
54712 1
54724 0
54736 1
54738 1
54752 1
54764 1
54776 1
54789 0
54795 1
54798 1
54810 0
54815 1
54819 1
54826 1
54827 1
54832 1
54841 0
54854 1
54865 0
54874 1
54880 0
54887 1
54889 1
54891 0
54893 1
54904 0
54910 1
54924 1
54926 1
54955 0
54961 0
54972 1
54974 0
54983 1
54998 0
55021 1
55033 1
55048 1
55050 0
55052 0
55066 0
55071 1
55085 0
55099 0
55108 0
55115 1
55127 0
55141 0
55154 0
55156 0
55164 0
55167 1
55170 1
55181 0
55193 1
55202 0
55206 1
55207 1
55213 0
55222 0
55223 1
55226 1
55240 0
55243 0
55247 0
55251 0
55266 0
55269 0
55276 1
55282 1
55290 1
55304 0
55313 0
55317 1
55326 0
55337 0
55352 0
55353 1
55364 0
55376 0
55390 0
55396 1
55403 0
55404 1
55411 1
55425 1
55432 1
55444 1
55450 0
55459 1
55463 0
55466 0
55468 1
55472 0
55480 1
55485 1
55497 1
55511 1
55514 0
55516 0
55524 1
55536 1
55542 1
55545 0
55546 0
55559 0
55570 1
55575 1
55588 1
55603 0
55606 1
55614 0
55626 0
55637 0
55649 1
55658 1
55659 0
55662 0
55667 1
55673 1
55685 0
55690 1
55699 1
55714 0
55718 0
55729 1
55744 1
55759 1
55770 0
55781 1
55790 0
55805 1
55807 1
55822 1
55825 0
55831 0
55845 1
55846 0
55858 0
55870 0
55873 0
55875 0
55887 0
55890 0
55902 0
55906 1
55913 1
55917 1
55923 0
55924 0
55935 0
55949 0
55958 1
55966 1
55979 1
55990 0
55991 0
56006 1
56021 0
56026 1
56037 0
56046 0
56052 0
56066 1
56074 0
56075 1
56086 1
56089 0
56102 1
56108 0
56136 1
56145 1
56146 0
56150 1
56165 0
56177 1
56191 1
56202 0
56208 1
56223 0
56238 0
56250 1
56256 1
56265 1
56268 1
56280 1
56294 1
56308 0
56322 0
56323 0
56331 0
56343 0
56346 1
56354 1
56356 0
56367 1
56371 1
56382 1
56389 0
56390 0
56404 0
56408 0
56421 1
56432 0
56441 0
56444 1
56455 1
56456 1
56457 1
56458 1
56473 1
56480 0
56485 0
56488 1
56502 1
56505 1
56506 1
56521 0
56530 1
56538 0
56547 1
56556 1
56557 0
56563 1
56565 0
56580 1
56588 1
56590 0
56605 1
56607 1
56619 1
56631 0
56642 1
56654 1
56655 1
56664 1
56678 0
56684 1
56696 0
56697 0
56704 0
56709 0
56713 1
56717 1
56720 1
56735 0
56741 1
56750 1
56763 1
56769 1
56772 0
56775 0
56784 0
56792 0
56801 0
56804 1
56817 1
56822 1
56837 1
56844 0
56851 1
56866 0
56873 1
56875 1
56883 0
56886 0
56893 1
56904 0
56908 0
56922 0
56935 1
56946 1
56947 0
56959 0
56964 0
56979 0
56988 0
56995 1
57003 1
57017 1
57018 0
57031 0
57040 0
57042 0
57046 0
57058 1
57061 1
57075 1
57087 1
57101 0
57110 1
57122 1
57127 0
57139 0
57145 0
57158 0
57165 1
57166 1
57177 0
57191 0
57195 1
57204 1
57209 0
57212 1
57224 1
57236 0
57241 1
57243 1
57256 1
57258 0
57264 1
57276 1
57278 0
57283 0
57285 1
57290 0
57291 0
57306 1
57317 1
57326 0
57341 1
57344 1
57353 0
57368 0
57380 1
57385 0
57392 1
57399 1
57413 1
57425 1
57438 0
57450 0
57457 1
57463 1
57477 1
57492 0
57496 1
57503 0
57505 0
57514 1
57520 0
57523 0
57535 1
57549 0
57564 1
57573 0
57588 1
57596 1
57605 1
57614 0
57618 1
57633 1
57638 1
57639 0
57654 0
57659 1
57668 1
57679 0
57685 1
57700 0
57709 1
57715 0
57721 1
57728 1
57735 0
57747 1
57762 1
57776 1
57777 1
57786 1
57791 1
57798 0
57813 0
57814 0
57817 0
57824 0
57838 0
57844 1
57857 0
57859 0
57868 1
57882 0
57883 1
57898 0
57900 0
57911 0
57920 0
57922 0
57936 1
57943 0
57948 1
57962 1
57970 1
57985 0
57986 0
57993 1
58000 0
58014 1
58023 0
58025 0
58040 1
58048 1
58063 1
58065 1
58067 0
58070 0
58081 0
58090 1
58093 0
58114 1
58128 0
58133 0
58147 1
58158 0
58166 0
58170 0
58175 1
58177 1
58178 1
58185 0
58192 0
58193 0
58202 1
58217 0
58226 1
58231 1
58234 0
58239 0
58265 0
58277 0
58279 0
58283 1
58292 0
58301 1
58315 0
58323 1
58330 1
58333 1
58344 1
58358 0
58363 0
58368 0
58370 0
58379 1
58384 1
58392 1
58406 0
58415 1
58421 1
58424 0
58426 1
58427 1
58428 1
58440 0
58443 1
58448 1
58449 1
58453 0
58457 1
58470 0
58485 1
58491 1
58499 1
58510 1
58522 1
58529 1
58532 0
58533 0
58541 0
58556 0
58568 1
58575 0
58582 0
58587 0
58591 0
58606 1
58609 0
58611 0
58627 0
58631 1
58644 0
58651 0
58659 1
58660 0
58673 0
58677 0
58691 1
58694 0
58697 1
58703 0
58716 1
58731 0
58742 1
58748 0
58760 0
58766 1
58775 1
58784 1
58796 1
58797 1
58798 1
58805 1
58816 0
58817 1
58825 1
58842 0
58844 0
58855 0
58861 0
58865 1
58877 0
58880 1
58883 0
58897 1
58909 1
58920 1
58933 1
58944 1
58958 1
58961 0
58972 0
58979 1
58984 0
58986 1
58991 1
59002 1
59016 1
59023 0
59031 0
59032 0
59033 1
59039 0
59041 0
59055 0
59058 0
59062 0
59068 0
59081 1
59096 0
59102 1
59117 1
59131 1
59137 1
59151 1
59159 1
59164 1
59177 0
59189 1
59204 1
59219 0
59220 0
59223 0
59225 1
59229 1
59238 1
59245 1
59260 0
59265 0
59272 0
59285 0
59288 0
59290 0
59298 0
59310 1
59311 1
59315 1
59323 0
59341 1
59350 0
59364 1
59371 0
59378 0
59384 1
59392 1
59403 0
59404 0
59407 1
59415 0
59421 1
59434 1
59442 1
59449 0
59460 0
59462 0
59471 1
59483 0
59492 0
59501 1
59514 0
59526 1
59529 0
59544 1
59545 0
59547 0
59548 1
59562 1
59573 0
59584 0
59585 0
59587 0
59601 0
59614 0
59617 0
59632 0
59633 0
59639 1
59648 0
59657 0
59662 0
59676 0
59679 1
59691 0
59692 1
59704 1
59707 1
59708 1
59716 1
59722 1
59736 0
59741 1
59745 0
59750 1
59757 1
59761 0
59774 1
59782 1
59786 1
59800 1
59807 1
59810 1
59816 1
59825 1
59838 1
59844 0
59853 1
59861 1
59874 1
59875 1
59880 0
59881 1
59892 1
59904 1
59905 0
59917 1
59920 0
59926 0
59933 1
59947 1
59953 1
59956 0
59965 0
59970 1
59982 0
59984 0
59998 0
60012 0
60013 0
60019 1
60025 0
60026 0
60042 1
60054 0
60067 0
60079 1
60092 1
60094 0
60105 0
60108 1
60111 0
60120 1
60134 0
60141 1
60155 0
60157 1
60171 0
60180 1
60193 1
60204 0
60218 1
60224 0
60232 1
60247 1
60259 0
60261 0
60270 0
60278 0
60289 0
60297 0
60305 0
60311 1
60324 1
60335 1
60343 1
60347 0
60351 1
60359 0
60367 0
60368 0
60377 0
60390 0
60393 0
60402 1
60404 0
60417 0
60424 0
60437 1
60451 0
60453 0
60456 0
60465 0
60469 0
60476 1
60481 1
60496 0
60504 1
60508 0
60520 0
60521 0
60524 0
60530 0
60531 0
60537 0
60542 1
60543 1
60551 1
60560 0
60572 0
60574 1
60581 1
60596 1
60598 0
60613 0
60616 0
60618 0
60623 1
60631 1
60635 1
60644 1
60648 1
60653 0
60667 1
60674 0
60683 0
60690 1
60691 1
60698 1
60701 1
60704 1
60716 0
60719 0
60724 1
60733 0
60753 1
60766 1
60775 1
60781 1
60785 1
60788 0
60797 1
60812 1
60821 1
60833 0
60844 0
60846 1
60848 0
60862 1
60873 0
60875 1
60888 0
60889 1
60895 1
60897 1
60903 0
60911 0
60912 1
60913 0
60914 0
60923 0
60934 0
60949 1
60955 1
60963 0
60974 1
60987 0
60992 0
60994 0
60996 1
61003 1
61016 0
61020 1
61025 0
61040 1
61052 0
61066 0
61077 0
61082 0
61087 0
61089 1
61095 0
61100 0
61114 1
61128 1
61141 1
61142 0
61145 1
61147 0
61158 1
61172 0
61180 1
61183 0
61186 0
61195 1
61203 0
61208 1
61211 0
61224 1
61235 1
61248 1
61256 0
61257 0
61263 0
61267 1
61276 0
61278 0
61285 0
61298 0
61303 1
61324 0
61332 0
61345 0
61353 0
61359 1
61361 1
61364 0
61377 1
61381 0
61394 0
61399 0
61402 1
61413 0
61416 1
61420 0
61425 0
61433 0
61434 0
61437 1
61440 0
61443 0
61451 1
61455 0
61456 0
61469 1
61481 1
61486 1
61488 1
61495 0
61504 1
61513 1
61521 0
61536 1
61549 0
61556 0
61563 0
61565 0
61578 1
61593 1
61596 0
61604 0
61613 1
61619 1
61624 0
61628 1
61640 0
61651 0
61666 0
61671 1
61677 1
61679 1
61687 0
61701 1
61708 0
61713 0
61725 0
61730 1
61731 0
61746 1
61750 0
61758 1
61762 1
61769 1
61774 1
61775 1
61788 0
61797 1
61803 1
61806 0
61810 1
61823 1
61834 0
61852 0
61867 1
61875 1
61884 0
61897 0
61903 1
61904 0
61906 0
61915 1
61917 1
61918 1
61924 1
61935 1
61939 1
61948 1
61960 0
61963 1
61966 0
61981 0
61985 1
61992 1
62007 1
62014 1
62028 1
62034 0
62046 1
62049 0
62054 0
62063 1
62075 1
62082 0
62087 0
62088 1
62099 0
62112 1
62126 0
62130 1
62152 0
62167 0
62174 1
62178 0
62183 0
62198 0
62200 0
62213 0
62224 0
62237 0
62251 0
62264 0
62267 1
62278 1
62285 1
62289 0
62290 1
62293 1
62304 1
62307 1
62319 0
62327 1
62338 1
62351 1
62359 0
62365 1
62377 0
62378 0
62393 1
62408 0
62413 1
62422 1
62435 0
62436 0
62442 0
62448 0
62455 0
62460 0
62474 0
62489 0
62491 0
62495 0
62499 0
62512 0
62518 0
62533 1
62546 0
62553 0
62566 1
62581 0
62588 1
62597 0
62623 1
62626 0
62635 1
62650 0
62665 1
62680 1
62683 1
62690 1
62701 1
62712 0
62723 0
62725 1
62740 1
62755 0
62764 0
62772 1
62780 1
62786 0
62799 1
62815 0
62829 1
62838 0
62846 1
62858 1
62873 1
62885 1
62897 0
62899 0
62906 0
62921 0
62933 0
62938 1
62951 0
62955 1
62966 1
62975 1
62982 0
62988 1
63003 1
63016 0
63020 1
63024 1
63031 0
63039 1
63051 0
63059 1
63060 0
63073 0
63085 0
63088 0
63096 1
63099 0
63113 0
63118 1
63129 1
63134 0
63146 0
63155 0
63169 1
63178 1
63183 1
63187 0
63194 0
63196 1
63200 0
63214 1
63219 0
63225 1
63237 1
63240 0
63241 1
63244 0
63253 0
63259 1
63264 1
63268 1
63276 0
63291 0
63304 0
63315 0
63327 0
63338 0
63341 0
63347 1
63358 0
63364 1
63367 0
63369 0
63373 1
63381 1
63383 0
63389 1
63395 1
63407 0
63420 1
63434 0
63448 0
63453 0
63462 1
63465 1
63477 0
63478 1
63486 1
63498 0
63505 0
63509 1
63512 1
63519 1
63520 1
63525 1
63540 0
63541 0
63556 1
63557 0
63563 0
63572 1
63575 1
63581 1
63593 1
63605 1
63608 1
63620 0
63629 0
63643 0
63649 1
63662 1
63668 1
63673 0
63681 0
63696 1
63711 0
63726 0
63729 1
63740 1
63752 0
63767 1
63772 1
63780 1
63788 1
63796 0
63799 1
63802 0
63805 0
63820 0
63832 0
63833 1
63848 0
63853 0
63854 0
63856 0
63859 1
63871 0
63883 0
63886 0
63898 1
63911 1
63912 0
63924 0
63930 0
63945 1
63951 1
63966 0
63974 1
63981 1
63993 1
64001 0
64014 1
64026 1
64032 0
64037 0
64042 0
64057 1
64066 1
64078 1
64086 1
64095 0
64101 0
64115 1
64116 1
64122 1
64131 1
64139 1
64153 0
64156 1
64158 0
64160 0
64168 1
64192 0
64200 0
64207 1
64212 1
64219 0
64225 1
64240 0
64245 0
64260 1
64261 1
64264 0
64275 0
64290 0
64304 1
64306 0
64310 0
64321 1
64323 1
64338 0
64352 1
64367 0
64375 0
64383 0
64390 0
64405 1
64414 0
64423 1
64432 1
64444 1
64452 0
64463 0
64476 1
64484 0
64493 1
64508 1
64509 0
64512 0
64520 1
64524 1
64530 0
64542 1
64543 1
64550 0
64562 1
64574 1
64582 1
64590 0
64608 1
64610 1
64617 0
64626 1
64639 0
64646 1
64671 0
64685 0
64686 1
64699 0
64712 1
64723 0
64736 0
64748 0
64756 0
64758 0
64771 1
64778 0
64779 1
64793 1
64808 1
64813 1
64826 0
64837 0
64841 1
64855 1
64861 0
64876 1
64878 1
64885 0
64909 0
64923 0
64929 1
64931 1
64934 1
64935 1
64939 1
64941 0
64944 0
64947 1
64952 1
64966 0
64977 1
64985 1
64998 1
65000 0
65001 1
65006 0
65018 0
65031 0
65032 1
65043 0
65052 0
65054 0
65062 0
65074 0
65076 1
65082 1
65083 0
65091 1
65102 0
65108 1
65119 0
65128 0
65134 0
65140 0
65152 0
65156 0
65162 0
65169 1
65181 1
65183 0
65196 1
65202 0
65210 0
65217 0
65232 1
65238 1
65240 0
65255 1
65264 0
65270 1
65277 1
65296 1
65310 0
65324 0
65337 1
65351 0
65364 1
65373 0
65376 1
65390 0
65395 0
65397 0
65412 0
65420 0
65425 0
65428 0
65431 0
65445 1
65448 1
65457 0
65459 0
65463 0
65476 1
65482 0
65503 0
65507 0
65514 1
65531 0
65533 0
65544 1
65548 0
65552 0
65556 0
65563 0
65574 1
65586 1
65593 0
65599 0
65605 0
65613 1
65638 1
65644 0
65666 1
65667 0
65673 1
65679 0
65682 1
65690 0
65694 1
65697 1
65704 0
65705 0
65719 0
65728 0
65741 0
65755 0
65766 1
65777 0
65784 0
65785 0
65794 1
65810 0
65817 1
65832 0
65834 0
65847 1
65856 1
65864 1
65873 1
65874 1
65875 0
65886 1
65901 1
65905 0
65909 0
65913 0
65918 1
65924 1
65936 1
65937 1
65952 0
65966 1
65969 1
65977 1
65992 0
66001 0
66013 1
66026 1
66041 1
66056 0
66061 1
66072 0
66080 1
66093 1
66101 0
66112 1
66119 1
66134 0
66136 0
66147 0
66154 0
66167 0
66174 1
66181 0
66193 0
66202 1
66206 1
66211 1
66223 0
66236 0
66239 0
66247 0
66251 1
66254 0
66257 0
66272 0
66284 0
66292 0
66297 1
66306 1
66320 0
66328 0
66336 1
66350 0
66353 1
66355 1
66366 0
66378 1
66387 1
66396 0
66409 0
66411 1
66415 1
66420 1
66428 1
66436 1
66443 0
66458 0
66465 1
66473 0
66486 1
66497 0
66510 1
66524 0
66531 1
66545 1
66548 0
66563 1
66574 0
66579 0
66585 1
66594 1
66599 1
66605 0
66606 0
66628 1
66630 1
66632 1
66634 0
66635 1
66637 1
66640 1
66655 0
66667 1
66675 0
66679 1
66693 1
66697 1
66701 1
66709 1
66717 0
66731 1
66738 1
66744 1
66757 1
66764 0
66766 0
66772 0
66787 1
66801 0
66809 0
66811 1
66816 1
66827 1
66839 1
66843 1
66846 0
66850 1
66858 1
66871 1
66873 0
66882 1
66888 1
66892 0
66901 0
66907 1
66918 1
66922 1
66923 1
66927 1
66941 1
66942 1
66946 0
66949 1
66960 0
66966 0
66968 0
66969 1
66973 1
66979 1
66983 0
66998 0
67012 0
67016 0
67030 1
67032 1
67036 1
67047 1
67058 1
67070 0
67077 0
67089 0
67092 1
67093 0
67101 1
67106 1
67111 1
67123 0
67126 1
67134 0
67141 0
67155 1
67167 1
67181 0
67187 1
67192 1
67197 1
67199 0
67201 0
67216 1
67220 1
67222 1
67230 1
67233 1
67238 0
67244 1
67250 0
67261 1
67269 0
67276 0
67283 0
67291 1
67300 1
67304 0
67318 0
67325 0
67337 0
67352 0
67360 0
67365 1
67379 1
67393 0
67400 1
67409 1
67416 0
67417 1
67418 1
67419 0
67426 1
67430 0
67443 1
67458 1
67465 1
67473 1
67474 1
67482 0
67490 0
67504 1
67518 0
67531 1
67535 1
67550 1
67553 1
67566 0
67578 0
67591 0
67606 1
67619 0
67625 0
67634 0
67641 0
67644 1
67657 0
67665 1
67676 0
67687 1
67699 1
67710 1
67717 0
67723 1
67732 0
67747 1
67754 0
67765 0
67778 1
67779 0
67783 0
67784 0
67786 0
67790 1
67806 1
67815 0
67821 1
67842 1
67856 1
67858 1
67860 0
67864 0
67867 0
67880 0
67894 1
67898 0
67912 1
67921 1
67932 1
67935 0
67939 0
67951 1
67965 1
67966 1
67968 0
67975 1
67976 0
67980 1
67995 0
67997 0
68009 1
68023 1
68036 0
68049 0
68064 0
68068 1
68083 0
68087 1
68090 1
68095 0
68096 0
68105 1
68117 0
68127 1
68138 0
68149 1
68162 1
68168 1
68183 1
68196 1
68203 1
68205 1
68212 0
68223 1
68236 1
68247 0
68262 1
68268 1
68269 1
68276 1
68291 0
68300 0
68308 0
68315 1
68317 0
68328 1
68333 0
68347 1
68350 0
68362 1
68367 0
68370 1
68378 0
68386 1
68390 1
68392 0
68397 0
68404 1
68417 1
68419 1
68428 1
68440 1
68455 0
68458 1
68460 0
68465 1
68468 1
68482 1
68494 0
68501 0
68507 0
68519 0
68533 0
68548 0
68552 1
68566 1
68577 1
68589 1
68594 1
68599 1
68607 1
68621 1
68634 1
68648 0
68657 1
68669 1
68680 0
68692 0
68694 1
68707 0
68715 1
68723 1
68732 1
68740 1
68752 1
68755 0
68766 1
68775 0
68778 0
68784 0
68786 1
68793 1
68802 1
68806 1
68809 1
68821 0
68830 0
68838 1
68839 0
68842 0
68857 1
68860 1
68869 1
68872 1
68880 1
68888 1
68890 1
68899 1
68905 1
68918 0
68922 1
68927 0
68934 0
68937 0
68944 1
68955 1
68968 1
68975 1
68976 1
68990 1
69002 1
69013 0
69015 0
69021 0
69027 1
69030 1
69046 0
69048 1
69051 0
69066 0
69080 1
69083 0
69088 0
69102 1
69111 0
69113 1
69114 1
69126 0
69134 0
69145 0
69157 1
69172 0
69178 0
69184 1
69196 1
69198 1
69203 1
69207 1
69210 1
69214 0
69219 1
69225 0
69227 0
69242 1
69256 1
69269 1
69282 0
69293 0
69296 0
69309 1
69318 0
69335 0
69349 0
69351 1
69358 0
69366 1
69381 1
69396 0
69411 1
69424 1
69437 1
69450 0
69451 1
69455 0
69468 1
69473 1
69476 1
69479 1
69481 0
69485 1
69489 0
69500 1
69501 1
69506 1
69509 1
69518 0
69530 1
69539 1
69546 0
69551 0
69553 1
69568 0
69576 1
69587 1
69594 1
69603 0
69615 0
69618 0
69622 1
69636 1
69639 0
69643 0
69650 0
69655 0
69667 1
69668 0
69683 1
69695 1
69709 0
69717 0
69720 0
69728 0
69729 0
69733 0
69736 0
69737 1
69739 1
69744 0
69751 0
69763 1
69776 1
69790 0
69805 0
69814 1
69817 1
69825 1
69839 0
69850 0
69858 1
69871 1
69879 1
69892 1
69897 0
69909 1
69925 1
69930 0
69944 1
69957 0
69963 1
69978 0
69979 1
69983 1
69995 0
69996 1
70009 0
70016 0
70023 0
70027 1
70032 0
70043 1
70052 0
70065 1
70071 0
70074 1
70083 0
70097 0
70098 0
70107 0
70118 1
70120 0
70131 1
70144 1
70159 0
70170 0
70182 1
70191 0
70206 1
70207 0
70209 1
70223 0
70232 0
70238 0
70251 1
70252 1
70257 0
70265 1
70279 1
70294 1
70295 0
70303 0
70322 0
70336 0
70351 1
70363 1
70375 0
70381 1
70393 0
70401 0
70407 0
70420 0
70427 0
70441 0
70452 0
70467 1
70469 0
70471 1
70483 1
70486 0
70498 0
70502 1
70515 0
70523 1
70530 0
70543 0
70557 0
70566 1
70574 1
70585 0
70588 0
70593 0
70598 0
70606 1
70620 0
70634 1
70636 1
70651 1
70664 0
70669 0
70676 0
70681 1
70688 1
70696 0
70711 0
70718 0
70723 0
70728 0
70736 0
70747 0
70753 1
70772 0
70774 1
70788 0
70801 1
70804 0
70818 0
70824 1
70852 0
70854 1
70860 0
70872 1
70875 0
70881 1
70890 0
70897 1
70902 1
70914 0
70920 1
70947 1
70959 0
70963 1
70976 0
70987 1
70990 0
70998 0
71002 1
71007 0
71018 0
71021 1
71034 1
71045 0
71048 0
71063 1
71075 0
71086 1
71089 1
71094 0
71106 1
71114 1
71126 0
71130 0
71133 0
71146 0
71151 0
71155 1
71157 0
71172 0
71173 1
71186 0
71194 0
71200 0
71209 0
71213 1
71226 1
71233 1
71239 1
71244 1
71258 0
71267 0
71282 1
71286 1
71291 1
71306 1
71319 1
71330 0
71343 1
71344 0
71347 1
71356 0
71358 0
71361 0
71365 0
71377 1
71386 0
71398 1
71412 1
71421 0
71427 1
71430 0
71441 0
71455 1
71469 0
71471 1
71482 1
71495 1
71499 1
71506 0
71510 0
71521 0
71536 1
71544 1
71556 1
71562 0
71568 1
71582 1
71583 0
71587 0
71589 0
71590 0
71595 1
71603 0
71604 1
71616 0
71631 0
71639 0
71640 0
71644 1
71646 0
71647 0
71661 1
71675 1
71690 0
71696 0
71710 0
71725 0
71729 1
71736 0
71748 0
71755 0
71762 0
71768 0
71780 1
71794 1
71809 0
71814 1
71815 1
71818 1
71825 0
71833 1
71845 1
71860 0
71867 0
71880 1
71881 1
71896 0
71901 0
71910 0
71919 0
71922 0
71928 0
71939 0
71947 1
71958 1
71963 1
71972 1
71975 0
71979 1
71980 1
71991 0
72005 1
72014 1
72026 1
72029 1
72030 1
72033 0
72046 1
72053 1
72067 0
72069 1
72075 0
72088 1
72095 0
72112 1
72127 0
72128 0
72137 0
72141 0
72147 0
72156 1
72170 1
72176 0
72177 1
72178 0
72185 0
72198 1
72204 1
72205 1
72209 0
72223 1
72234 1
72237 1
72246 0
72254 1
72263 1
72265 0
72272 1
72285 0
72293 0
72297 1
72309 1
72311 1
72320 0
72328 1
72336 1
72350 1
72351 1
72357 0
72366 1
72368 1
72376 1
72388 0
72391 1
72393 1
72406 0
72410 1
72413 0
72428 1
72434 1
72446 1
72450 0
72452 0
72455 0
72470 1
72484 0
72489 1
72495 0
72509 1
72515 1
72527 0
72542 0
72547 1
72559 1
72567 0
72568 1
72573 0
72585 0
72596 0
72601 0
72608 1
72617 0
72632 0
72644 1
72650 0
72653 1
72667 1
72674 0
72689 0
72692 0
72697 1
72711 0
72725 0
72727 1
72736 1
72747 1
72762 1
72764 1
72777 0
72790 1
72796 0
72797 1
72799 1
72807 0
72814 1
72838 0
72842 1
72854 1
72862 0
72870 1
72876 0
72891 0
72892 1
72903 0
72905 0
72916 0
72920 1
72927 0
72938 1
72948 0
72957 0
72958 1
72961 1
72969 0
72982 0
72986 1
72998 0
73006 1
73015 1
73028 0
73032 0
73040 1
73063 0
73075 0
73082 1
73094 0
73106 0
73117 1
73122 1
73136 1
73151 0
73162 0
73163 1
73174 1
73185 1
73191 1
73203 1
73215 1
73219 1
73232 0
73234 0
73237 1
73242 1
73246 1
73249 0
73254 0
73261 0
73273 1
73275 1
73287 1
73300 0
73304 0
73312 0
73313 1
73325 1
73338 1
73352 1
73358 0
73373 0
73375 1
73376 1
73385 1
73397 1
73408 1
73409 1
73413 0
73427 1
73435 1
73440 0
73454 0
73455 0
73460 0
73462 0
73475 0
73489 0
73490 0
73501 1
73512 0
73519 0
73522 0
73529 1
73535 0
73550 0
73554 0
73555 1
73556 0
73568 1
73582 0
73584 1
73586 1
73593 0
73600 0
73613 0
73619 1
73632 0
73634 0
73638 0
73646 1
73660 1
73669 0
73676 0
73689 0
73696 0
73707 0
73709 1
73718 0
73721 1
73733 0
73735 0
73743 1
73756 1
73765 1
73780 0
73791 1
73803 1
73806 0
73809 0
73812 0
73824 0
73827 0
73834 1
73835 0
73846 0
73847 1
73849 1
73851 0
73854 1
73856 1
73864 0
73871 0
73875 0
73889 1
73896 1
73910 1
73922 0
73934 1
73938 1
73950 0
73962 0
73963 1
73969 0
73971 0
73983 1
73984 1
73985 1
74000 0
74006 0
74020 1
74023 1
74025 0
74031 1
74043 1
74058 0
74073 1
74077 1
74082 0
74095 0
74109 0
74121 0
74127 1
74130 1
74144 1
74153 1
74162 1
74163 1
74172 0
74185 1
74190 0
74202 0
74217 0
74225 1
74240 0
74243 1
74251 1
74255 1
74268 1
74276 0
74284 0
74289 1
74298 0
74305 1
74307 1
74311 1
74317 1
74328 0
74329 1
74342 1
74349 0
74350 0
74364 1
74365 0
74372 1
74387 0
74401 1
74407 0
74420 1
74429 0
74443 1
74450 0
74456 1
74469 1
74470 0
74472 0
74487 0
74494 0
74496 0
74503 1
74507 0
74522 1
74529 0
74533 0
74541 0
74544 0
74553 1
74556 0
74561 1
74563 1
74565 0
74576 0
74590 0
74603 1
74607 0
74618 1
74632 0
74637 1
74648 1
74663 0
74669 1
74680 0
74694 0
74703 0
74711 1
74718 1
74729 1
74730 1
74737 1
74740 0
74741 1
74748 0
74763 1
74774 1
74789 1
74803 0
74808 1
74812 0
74826 1
74835 0
74838 0
74841 0
74854 0
74857 1
74860 1
74862 1
74870 1
74877 1
74885 1
74894 1
74900 1
74906 0
74914 1
74927 1
74940 1
74945 1
74957 1
74970 0
74974 0
74983 0
74987 1
74989 0
75000 1
75015 0
75017 0
75028 1
75031 0
75043 0
75048 1
75049 1
75072 1
75077 1
75081 0
75096 0
75100 0
75108 0
75119 1
75134 1
75135 0
75148 1
75156 0
75160 0
75165 0
75174 1
75176 0
75190 1
75204 0
75216 0
75227 1
75233 1
75237 0
75240 1
75243 1
75252 1
75258 0
75263 1
75269 1
75270 1
75277 0
75288 0
75301 0
75308 0
75310 1
75322 1
75327 1
75339 1
75343 1
75356 0
75362 0
75366 1
75369 1
75373 1
75377 1
75391 0
75406 1
75414 0
75421 1
75432 0
75437 0
75446 0
75451 1
75459 1
75463 1
75472 1
75487 0
75492 0
75495 0
75510 1
75523 0
75538 0
75553 1
75568 1
75579 0
75582 1
75597 1
75598 0
75605 0
75612 0
75617 1
75624 1
75633 0
75635 0
75647 0
75652 1
75666 0
75681 0
75682 0
75683 0
75697 0
75703 0
75718 1
75733 1
75745 1
75752 0
75764 0
75768 1
75783 0
75785 0
75786 1
75794 1
75801 1
75808 1
75821 0
75834 1
75847 1
75850 0
75851 0
75855 0
75858 0
75867 0
75882 0
75895 0
75899 1
75901 0
75905 0
75908 1
75920 0
75927 0
75934 1
75942 0
75955 0
75970 1
75979 0
75981 1
75983 1
75997 1
76008 0
76017 0
76024 1
76026 1
76041 0
76047 0
76050 0
76063 1
76070 1
76085 0
76096 1
76097 1
76104 1
76115 1
76121 1
76122 1
76124 0
76139 1
76148 1
76159 1
76168 1
76170 0
76182 1
76191 1
76199 0
76213 0
76218 1
76222 1
76246 0
76247 1
76262 1
76271 1
76280 0
76284 1
76299 1
76300 0
76311 0
76322 0
76330 0
76335 0
76343 1
76349 1
76363 1
76370 1
76376 0
76389 0
76401 0
76404 1
76410 1
76425 1
76427 0
76441 1
76443 0
76446 1
76457 0
76466 0
76478 1
76487 1
76501 1
76505 1
76508 1
76517 1
76529 1
76532 1
76533 0
76545 0
76559 0
76567 0
76574 1
76582 1
76584 0
76591 1
76603 0
76609 1
76618 0
76627 1
76640 0
76644 1
76647 0
76655 0
76664 0
76672 0
76687 0
76698 1
76711 1
76722 0
76727 0
76736 0
76744 1
76759 1
76771 0
76784 0
76798 1
76812 0
76817 0
76820 1
76831 0
76833 1
76848 1
76856 0
76870 0
76882 0
76888 0
76889 1
76903 0
76916 0
76921 0
76929 1
76938 1
76941 1
76944 1
76957 0
76959 0
76966 0
76981 0
76996 0
76997 0
77001 0
77003 0
77007 0
77020 0
77024 0
77038 1
77039 1
77050 1
77051 0
77063 1
77072 0
77087 1
77092 1
77093 1
77108 1
77122 1
77125 0
77133 0
77148 0
77157 0
77163 0
77170 1
77174 1
77176 1
77187 1
77201 1
77202 0
77205 1
77210 1
77225 0
77226 0
77234 0
77239 0
77245 0
77252 0
77267 0
77273 0
77276 0
77279 0
77292 1
77296 1
77310 1
77325 1
77333 1
77342 0
77357 0
77364 0
77370 0
77371 1
77382 1
77384 0
77393 0
77401 1
77405 1
77416 0
77424 1
77435 1
77442 0
77448 1
77456 1
77469 0
77483 0
77488 1
77489 0
77494 1
77508 0
77524 0
77536 0
77545 1
77554 1
77568 0
77579 1
77584 0
77597 0
77609 0
77617 1
77623 0
77630 0
77636 1
77649 1
77653 0
77665 0
77678 0
77680 0
77695 1
77700 0
77712 0
77717 1
77723 0
77737 1
77743 0
77757 0
77761 0
77768 0
77769 0
77780 1
77791 1
77797 0
77808 0
77815 0
77819 0
77832 1
77846 0
77861 0
77862 1
77870 1
77874 1
77875 0
77881 0
77892 0
77897 1
77909 1
77911 1
77923 1
77932 0
77945 1
77948 1
77954 1
77960 0
77972 1
77980 0
77983 0
77991 1
77996 1
78001 0
78013 0
78027 1
78039 0
78046 1
78060 0
78067 1
78073 0
78086 1
78097 0
78103 1
78112 0
78115 1
78126 0
78141 0
78150 1
78159 1
78171 1
78173 0
78188 1
78190 1
78194 0
78208 1
78216 0
78223 0
78236 0
78239 1
78251 0
78252 1
78260 0
78266 0
78267 1
78282 1
78295 1
78297 1
78309 0
78314 1
78322 0
78323 0
78338 0
78347 1
78355 0
78370 1
78374 1
78376 1
78391 0
78395 0
78406 0
78417 0
78421 0
78424 0
78429 0
78437 1
78451 0
78466 1
78478 0
78484 1
78489 1
78503 0
78518 0
78527 0
78529 0
78544 0
78553 1
78560 1
78563 0
78564 1
78578 0
78590 0
78594 0
78602 1
78608 1
78611 0
78624 0
78630 0
78634 1
78639 0
78653 1
78658 1
78666 1
78674 1
78689 1
78690 0
78703 1
78706 0
78709 1
78723 1
78728 1
78739 1
78748 0
78756 1
78760 0
78765 1
78773 1
78776 1
78782 1
78788 1
78801 0
78804 1
78813 1
78814 1
78821 1
78836 1
78838 1
78839 0
78852 1
78863 1
78864 0
78877 0
78881 0
78893 0
78908 0
78917 0
78921 1
78925 1
78936 0
78950 0
78965 1
78978 0
78986 1
78990 0
78997 0
79006 1
79019 1
79024 1
79030 1
79041 1
79055 0
79062 0
79065 0
79077 0
79081 1
79093 0
79106 0
79110 1
79112 1
79115 1
