9726
6 1
13 0
27 0
39 0
40 1
55 0
62 1
73 0
87 0
98 0
113 0
125 0
132 0
134 1
148 1
157 0
169 1
184 0
190 0
195 1
202 1
208 1
213 1
220 1
232 1
233 0
238 0
239 1
244 1
257 1
263 0
278 1
281 0
293 0
299 0
307 1
318 1
332 0
335 1
347 1
353 1
356 0
362 1
376 1
380 1
393 1
394 0
405 1
414 0
421 0
424 1
437 1
442 0
453 0
454 1
460 0
474 0
485 1
489 0
502 0
508 0
523 1
536 1
550 1
565 1
577 1
590 1
591 1
596 0
598 0
606 0
613 0
618 0
633 1
634 0
646 0
658 0
666 0
675 1
681 1
690 0
702 0
711 1
716 1
729 0
731 1
734 0
735 1
736 0
747 1
758 1
761 1
764 1
768 1
779 0
782 1
785 0
793 0
800 0
802 1
803 0
808 0
815 0
818 0
826 1
834 0
845 1
869 0
870 1
878 0
892 0
901 0
909 1
910 0
912 0
921 0
925 1
936 0
953 0
966 1
968 1
976 0
977 1
982 1
983 0
998 0
1006 1
1020 0
1033 1
1040 0
1054 1
1069 1
1082 1
1091 1
1104 0
1105 0
1117 1
1124 1
1139 0
1151 1
1164 1
1166 0
1180 0
1194 0
1206 0
1207 1
1208 0
1212 1
1213 0
1227 1
1229 0
1240 0
1241 1
1243 1
1246 0
1250 1
1265 0
1274 1
1282 1
1293 1
1298 0
1311 1
1320 1
1323 0
1325 0
1326 1
1337 0
1344 1
1358 0
1370 0
1371 1
1382 0
1391 0
1406 1
1417 0
1425 1
1433 0
1448 1
1451 1
1459 0
1460 0
1469 0
1474 1
1486 1
1494 0
1499 0
1508 1
1523 0
1535 1
1536 1
1548 1
1550 0
1553 0
1569 1
1571 0
1583 1
1594 0
1602 1
1608 1
1614 1
1623 1
1635 1
1641 0
1668 1
1682 1
1691 1
1702 1
1715 1
1727 1
1730 1
1745 1
1746 1
1761 0
1768 0
1772 1
1780 0
1783 1
1785 1
1800 1
1804 1
1812 1
1817 0
1825 1
1835 0
1849 0
1850 1
1851 1
1855 0
1856 1
1858 0
1873 0
1874 0
1882 0
1888 0
1890 1
1894 1
1907 1
1908 1
1914 0
1915 1
1916 1
1919 1
1928 1
1934 1
1943 0
1949 1
1951 1
1962 0
1966 0
1981 1
1992 0
1999 0
2007 0
2020 0
2023 1
2031 1
2045 1
2059 0
2067 0
2076 1
2089 0
2097 0
2102 1
2103 1
2118 0
2132 1
2145 1
2159 0
2171 1
2185 1
2196 0
2200 0
2203 1
2205 1
2206 0
2213 1
2228 0
2237 1
2251 0
2253 0
2268 1
2282 1
2297 1
2303 0
2318 1
2327 0
2330 1
2341 0
2346 0
2354 1
2369 0
2374 0
2377 0
2382 1
2386 1
2408 0
2421 1
2422 1
2425 1
2434 0
2442 0
2455 0
2467 1
2473 1
2474 0
2478 0
2492 1
2498 0
2510 0
2512 0
2524 0
2533 0
2540 1
2552 0
2565 0
2577 1
2581 0
2586 1
2592 0
2597 1
2600 0
2613 1
2614 1
2623 0
2643 0
2657 0
2669 1
2670 1
2672 0
2687 0
2693 0
2694 0
2702 1
2709 0
2718 0
2720 0
2734 0
2741 0
2755 0
2770 0
2779 0
2791 0
2799 1
2807 0
2814 1
2818 0
2833 1
2834 1
2838 0
2843 1
2849 0
2856 0
2869 0
2871 0
2875 0
2876 1
2881 0
2888 0
2897 0
2912 1
2923 1
2934 1
2943 1
2946 1
2954 0
2965 1
2968 1
2974 0
2982 1
2993 0
3011 0
3017 0
3031 1
3043 1
3058 1
3062 1
3064 1
3068 1
3074 0
3079 0
3081 0
3087 0
3095 0
3101 1
3110 0
3112 0
3120 1
3124 1
3139 0
3143 0
3150 0
3159 0
3163 0
3164 0
3173 1
3181 1
3195 0
3202 0
3217 0
3231 1
3239 0
3243 0
3250 0
3263 1
3271 1
3278 0
3282 0
3297 1
3302 0
3309 0
3324 1
3331 0
3335 0
3340 0
3349 0
3351 0
3355 1
3360 0
3366 1
3381 0
3388 1
3394 1
3395 1
3407 0
3414 1
3425 0
3434 0
3442 1
3448 0
3450 0
3477 1
3486 0
3492 1
3501 0
3510 1
3521 1
3528 0
3536 1
3547 1
3559 1
3571 1
3585 0
3590 1
3601 0
3610 1
3613 1
3618 1
3623 1
3637 0
3644 0
3650 0
3665 1
3677 1
3692 1
3695 0
3703 1
3716 1
3725 0
3734 1
3737 0
3739 1
3748 0
3751 0
3754 0
3761 0
3764 1
3770 0
3773 0
3778 0
3792 1
3803 1
3815 1
3823 1
3830 0
3835 0
3849 1
3852 0
3855 0
3857 1
3864 0
3879 0
3880 1
3885 1
3914 1
3929 1
3932 0
3940 1
3946 0
3951 0
3964 0
3977 1
3986 0
3999 0
4008 1
4013 1
4027 0
4031 1
4036 1
4039 0
4053 0
4064 1
4077 0
4089 1
4100 0
4115 0
4116 1
4127 1
4129 0
4140 1
4152 1
4157 0
4160 0
4175 1
4181 1
4189 0
4200 1
4214 1
4217 1
4232 1
4243 0
4250 1
4264 1
4273 0
4288 0
4294 0
4299 0
4306 0
4318 0
4330 0
4331 1
4338 1
4347 0
4361 0
4363 0
4374 0
4386 0
4400 1
4415 0
4422 1
4423 0
4431 0
4433 0
4444 0
4446 0
4460 0
4475 1
4486 0
4498 0
4499 1
4504 0
4515 1
4528 0
4532 1
4536 0
4551 1
4560 1
4561 0
4566 0
4579 1
4583 1
4592 0
4605 1
4610 1
4613 1
4616 0
4622 0
4648 1
4657 1
4672 0
4674 0
4683 0
4684 1
4690 0
4693 0
4701 1
4710 1
4712 0
4719 1
4732 1
4736 1
4752 1
4754 1
4767 1
4780 1
4794 1
4809 0
4820 1
4821 1
4835 0
4843 0
4844 0
4848 1
4851 1
4860 0
4862 0
4877 0
4889 0
4900 0
4913 0
4915 0
4921 0
4930 1
4938 0
4939 1
4952 0
4957 0
4968 0
4971 0
4979 0
4986 1
4994 0
5007 1
5021 1
5026 1
5030 1
5036 1
5050 1
5055 1
5060 1
5063 0
5077 0
5085 0
5089 0
5097 0
5112 0
5117 1
5131 0
5140 0
5151 1
5162 1
5175 1
5179 0
5187 0
5198 1
5206 1
5218 0
5219 1
5222 0
5231 1
5238 1
5249 0
5257 1
5260 1
5273 0
5276 0
5285 0
5298 1
5313 0
5327 0
5342 1
5344 1
5346 1
5349 0
5353 0
5367 1
5371 1
5383 1
5390 1
5391 0
5392 1
5405 1
5417 1
5420 0
5429 1
5433 0
5437 1
5445 1
5457 0
5459 0
5473 0
5486 1
5499 1
5510 1
5515 1
5529 1
5531 0
5543 1
5557 1
5566 0
5574 0
5576 0
5577 1
5591 0
5597 0
5601 0
5602 0
5617 1
5626 0
5635 0
5637 1
5642 1
5666 0
5670 1
5683 0
5688 0
5689 0
5700 0
5708 0
5709 0
5711 1
5712 0
5715 1
5719 0
5728 1
5731 0
5737 1
5746 1
5752 0
5760 1
5763 0
5775 0
5789 1
5817 1
5826 1
5829 0
5841 1
5853 1
5865 1
5877 1
5879 1
5886 1
5888 0
5901 0
5905 0
5918 0
5924 1
5937 1
5942 1
5950 0
5956 1
5969 1
5970 0
5975 1
5981 0
5989 0
6003 1
6011 0
6019 0
6021 0
6033 1
6045 1
6054 0
6059 1
6062 0
6066 1
6068 0
6083 1
6084 1
6095 0
6096 1
6101 0
6112 0
6124 1
6132 0
6137 1
6146 0
6153 0
6159 1
6165 1
6176 1
6191 1
6206 1
6215 1
6216 1
6227 0
6228 1
6230 1
6234 1
6253 0
6265 1
6277 0
6291 0
6302 1
6310 0
6318 0
6322 0
6328 0
6343 1
6345 1
6350 0
6372 1
6385 1
6397 0
6408 1
6413 0
6426 1
6441 1
6455 0
6468 0
6482 0
6487 1
6488 1
6494 0
6495 1
6503 1
6517 1
6526 1
6538 0
6539 1
6544 0
6558 1
6562 1
6565 1
6574 0
6582 0
6597 1
6604 0
6615 0
6626 1
6630 0
6644 1
6648 0
6662 0
6665 0
6667 1
6670 1
6678 0
6692 1
6707 1
6721 0
6732 1
6743 1
6755 1
6758 1
6765 0
6780 0
6782 0
6793 1
6804 1
6819 0
6827 0
6842 1
6847 0
6851 1
6852 0
6857 1
6870 0
6879 0
6885 1
6887 1
6902 1
6910 0
6919 1
6937 0
6941 1
6948 1
6959 0
6970 1
6976 1
6981 0
6987 1
7008 0
7017 0
7029 1
7032 1
7037 0
7040 1
7055 0
7066 0
7081 1
7094 1
7103 0
7112 1
7127 0
7140 1
7143 1
7151 1
7158 0
7160 0
7183 0
7188 0
7196 0
7207 1
7220 1
7221 0
7222 1
7228 1
7239 0
7240 1
7251 1
7263 1
7266 0
7280 1
7289 1
7302 0
7316 0
7327 0
7341 1
7346 1
7349 1
7360 1
7372 1
7386 1
7389 0
7398 1
7411 0
7415 0
7429 1
7442 0
7456 1
7471 0
7478 0
7493 1
7498 0
7511 1
7525 1
7536 0
7545 1
7551 1
7556 0
7558 1
7569 1
7570 1
7574 1
7580 0
7595 1
7599 1
7607 1
7611 0
7613 1
7627 1
7641 0
7648 1
7661 1
7676 0
7680 0
7694 1
7695 1
7706 1
7709 1
7712 1
7723 1
7731 0
7746 1
7757 1
7759 0
7772 0
7773 1
7777 1
7784 1
7793 1
7794 0
7800 0
7807 0
7815 0
7822 0
7829 1
7838 0
7846 1
7857 0
7868 1
7873 1
7874 1
7880 1
7886 1
7887 1
7895 1
7908 0
7912 0
7921 1
7927 0
7938 0
7946 0
7948 1
7957 1
7961 0
7974 0
7983 0
7990 0
7995 1
8002 0
8017 0
8024 0
8038 0
8053 1
8067 1
8081 1
8096 0
8102 0
8114 0
8129 1
8138 1
8150 0
8165 1
8172 0
8184 0
8193 0
8202 0
8206 1
8207 0
8219 0
8228 0
8237 0
8252 1
8257 1
8269 0
8276 1
8285 1
8300 0
8312 1
8321 0
8327 0
8333 0
8335 1
8347 0
8352 0
8354 1
8356 1
8357 0
8358 0
8361 0
8374 1
8388 1
8397 1
8409 0
8416 0
8418 0
8433 0
8436 0
8442 1
8451 0
8458 1
8464 1
8477 1
8482 1
8487 0
8498 0
8512 1
8514 1
8521 1
8533 0
8540 1
8558 0
8566 1
8581 0
8596 0
8605 0
8620 1
8626 0
8631 0
8640 1
8642 1
8655 0
8661 1
8666 1
8681 0
8686 0
8692 0
8700 0
8714 1
8718 1
8721 0
8723 0
8730 0
8741 1
8752 0
8761 0
8768 0
8783 1
8795 0
8800 0
8808 1
8817 1
8824 1
8838 1
8847 1
8861 0
8867 0
8876 0
8882 0
8897 1
8902 0
8904 1
8906 1
8907 1
8914 1
8921 0
8922 0
8937 1
8941 0
8950 1
8963 0
8985 0
8993 0
8997 0
9000 1
9015 0
9021 0
9027 0
9042 1
9050 1
9061 0
9068 1
9077 1
9088 0
9089 0
9093 0
9106 1
9118 1
9125 1
9134 1
9148 0
9149 1
9153 0
9161 0
9162 0
9170 0
9184 0
9192 1
9206 0
9209 1
9212 1
9223 0
9224 1
9232 1
9239 1
9241 0
9243 0
9248 1
9259 0
9274 0
9287 1
9292 0
9300 1
9305 0
9314 0
9321 1
9326 0
9333 0
9348 1
9359 1
9365 1
9366 1
9378 0
9390 1
9399 1
9411 1
9424 0
9437 1
9439 0
9451 1
9453 1
9464 1
9470 0
9479 1
9490 1
9499 1
9502 0
9503 0
9512 1
9520 0
9527 1
9541 1
9546 1
9570 1
9582 0
9586 1
9600 0
9605 1
9608 0
9623 0
9632 0
9634 1
9645 0
9647 1
9648 0
9662 0
9664 1
9675 1
9680 0
9693 1
9708 1
9723 0
9737 0
9750 0
9762 1
9766 0
9768 1
9781 0
9785 1
9800 0
9813 0
9818 1
9820 1
9826 0
9834 1
9838 0
9851 1
9860 0
9867 0
9873 1
9881 0
9896 1
9905 0
9910 1
9922 0
9926 1
9940 0
9952 1
9967 0
9968 0
9975 1
9979 0
9993 0
9995 1
9998 0
10003 1
10004 0
10006 0
10020 0
10033 0
10045 1
10052 1
10057 1
10066 1
10080 1
10088 0
10102 1
10103 1
10108 0
10112 1
10124 0
10131 1
10142 0
10153 1
10159 0
10168 0
10182 0
10190 1
10211 1
10216 0
10225 0
10234 0
10240 0
10247 0
10262 0
10263 1
10266 0
10270 0
10282 0
10287 0
10295 0
10298 1
10306 0
10321 0
10325 0
10332 0
10345 0
10352 1
10358 1
10362 1
10376 0
10390 1
10403 1
10412 0
10420 0
10434 1
10445 0
10458 1
10464 1
10472 1
10479 1
10485 1
10497 1
10498 1
10510 0
10521 0
10532 0
10541 1
10549 1
10560 1
10567 0
10568 1
10582 0
10584 1
10586 0
10589 1
10597 0
10604 1
10608 1
10623 0
10636 0
10649 1
10660 1
10675 1
10679 0
10688 1
10690 0
10702 1
10703 0
10711 0
10724 1
10736 1
10751 0
10756 1
10764 0
10786 1
10791 0
10804 0
10810 1
10833 0
10842 0
10846 1
10861 1
10869 0
10872 1
10886 0
10895 1
10899 0
10900 1
10907 1
10913 0
10927 0
10938 0
10941 1
10943 0
10944 1
10947 1
10961 0
10972 1
10985 1
10993 1
11001 0
11015 1
11028 0
11034 1
11047 1
11051 0
11052 0
11065 1
11070 0
11078 0
11083 1
11091 1
11097 1
11098 1
11106 1
11107 1
11121 1
11125 0
11136 1
11140 0
11148 0
11150 0
11152 1
11156 0
11167 1
11172 1
11178 0
11206 1
11209 1
11223 0
11231 1
11239 1
11244 0
11257 1
11268 0
11271 1
11286 0
11303 0
11309 0
11321 0
11330 1
11343 1
11350 1
11354 0
11355 1
11367 1
11381 1
11385 1
11400 0
11414 1
11423 0
11438 1
11439 1
11443 0
11444 1
11446 0
11449 1
11453 1
11460 0
11462 1
11463 0
11467 0
11476 1
11496 1
11507 0
11509 1
11522 1
11523 1
11535 0
11540 0
11551 1
11555 0
11566 0
11577 0
11582 1
11593 0
11613 1
11617 1
11619 1
11634 1
11642 0
11645 0
11659 0
11660 1
11666 1
11675 1
11690 0
11698 0
11706 0
11708 0
11709 1
11722 0
11736 0
11738 0
11742 1
11745 1
11747 1
11760 1
11762 0
11769 0
11785 1
11787 1
11795 1
11799 1
11802 1
11815 1
11826 1
11832 0
11838 0
11840 1
11853 0
11871 0
11885 0
11896 1
11905 0
11907 1
11913 0
11918 0
11930 0
11943 1
11957 1
11966 1
11977 1
11986 1
11999 1
12005 0
12017 1
12032 1
12043 0
12048 1
12050 1
12061 0
12076 1
12077 1
12082 0
12088 1
12101 1
12112 1
12118 1
12129 1
12133 1
12142 0
12147 0
12158 1
12170 1
12183 0
12197 1
12210 1
12225 0
12236 0
12241 0
12253 1
12254 0
12259 1
12272 1
12283 0
12287 0
12290 1
12293 1
12306 0
12310 1
12318 1
12328 1
12334 1
12337 1
12349 0
12356 1
12367 0
12378 0
12384 1
12397 1
12408 1
12413 0
12414 1
12416 1
12418 0
12427 1
12433 1
12437 0
12445 0
12450 0
12458 1
12461 1
12465 0
12472 0
12487 0
12489 1
12491 0
12503 0
12516 0
12518 0
12530 1
12532 1
12545 0
12556 1
12564 0
12572 0
12577 0
12589 1
12594 0
12621 0
12636 1
12638 1
12642 0
12651 1
12664 1
12673 0
12696 1
12704 0
12708 1
12713 1
12720 0
12731 0
12733 0
12736 1
12748 0
12750 1
12764 1
12775 0
12782 0
12788 1
12791 1
12799 0
12814 1
12826 1
12833 1
12841 0
12847 1
12850 0
12865 1
12870 0
12876 0
12879 0
12885 0
12898 0
12906 0
12914 0
12920 1
12933 0
12942 0
12951 1
12956 1
12967 0
12975 0
12986 0
12998 0
13004 1
13007 1
13012 0
13027 1
13035 1
13044 1
13045 0
13048 1
13050 1
13063 0
13067 1
13079 0
13091 1
13104 0
13105 0
13108 0
13122 0
13137 0
13143 1
13145 1
13156 0
13164 1
13173 1
13175 1
13177 1
13186 1
13191 0
13203 0
13212 1
13218 1
13222 1
13236 1
13241 1
13245 1
13254 1
13260 0
13261 0
13268 1
13280 1
13292 0
13298 1
13303 1
13314 0
13317 0
13318 1
13329 1
13331 1
13343 1
13354 1
13369 0
13384 1
13390 0
13405 1
13409 1
13420 1
13422 0
13436 1
13445 1
13457 1
13465 1
13474 0
13489 0
13502 0
13507 0
13513 0
13517 0
13526 0
13540 1
13551 1
13563 0
13566 0
13571 1
13585 0
13597 0
13610 1
13621 1
13627 1
13639 1
13648 1
13651 0
13664 1
13682 0
13691 1
13697 0
13699 0
13703 0
13715 0
13721 0
13723 0
13737 1
13751 1
13757 1
13770 0
13781 1
13783 0
13790 0
13797 0
13805 1
13816 1
13818 0
13822 0
13830 1
13844 1
13851 1
13864 0
13875 1
13890 0
13895 0
13904 1
13917 0
13918 0
13927 1
13936 0
13942 0
13950 1
13957 0
13958 0
13973 1
13978 0
13990 0
14004 0
14007 0
14013 1
14016 0
14029 0
14043 1
14044 0
14045 0
14047 0
14049 0
14054 0
14057 1
14059 0
14071 0
14080 1
14095 1
14096 1
14108 1
14120 1
14132 1
14141 1
14155 1
14158 0
14172 0
14183 1
14185 1
14193 1
14198 0
14207 0
14215 0
14229 1
14240 0
14253 0
14256 1
14270 1
14271 0
14285 0
14297 1
14304 0
14309 0
14317 0
14319 1
14328 0
14342 1
14350 0
14362 0
14371 0
14373 0
14376 1
14378 1
14400 0
14413 0
14426 1
14439 0
14454 1
14461 1
14462 1
14474 0
14485 0
14487 0
14492 1
14498 1
14500 1
14507 0
14521 0
14522 1
14528 0
14539 0
14545 1
14558 0
14560 0
14564 1
14569 1
14575 1
14577 1
14590 1
14594 1
14598 0
14601 1
14615 1
14618 0
14621 1
14635 1
14637 1
14640 0
14651 0
14655 0
14658 1
14667 1
14678 0
14686 1
14702 1
14709 0
14729 0
14736 1
14740 1
14745 1
14752 0
14754 1
14755 1
14759 0
14766 0
14770 0
14776 1
14785 1
14790 1
14805 0
14809 1
14822 1
14824 0
14827 1
14832 1
14837 0
14838 1
14851 1
14855 1
14869 1
14877 1
14879 0
14883 1
14897 1
14912 1
14916 1
14924 1
14927 1
14929 1
14944 1
14953 0
14958 0
14967 0
14971 1
14973 1
14988 1
15002 0
15006 1
15019 1
15020 1
15024 1
15028 1
15040 0
15052 1
15065 0
15073 1
15090 0
15094 0
15101 1
15108 0
15123 0
15137 1
15150 1
15161 1
15174 1
15176 0
15188 0
15191 1
15196 0
15200 1
15208 0
15209 1
15217 1
15231 0
15236 0
15249 0
15254 1
15257 0
15263 1
15270 0
15279 1
15288 1
15292 1
15307 1
15309 1
15315 0
15317 0
15333 0
15337 1
15340 1
15344 0
15357 0
15361 1
15376 0
15380 0
15385 0
15388 0
15399 0
15414 0
15417 1
15423 0
15432 1
15444 1
15448 0
15455 0
15461 1
15463 0
15470 1
15481 0
15492 0
15505 1
15506 1
15514 1
15518 0
15520 1
15534 1
15538 0
15549 1
15554 1
15555 0
15566 0
15569 1
15574 0
15577 0
15589 1
15596 1
15607 0
15608 1
15609 0
15613 1
15624 1
15626 1
15637 0
15639 0
15650 0
15657 1
15658 1
15659 0
15667 0
15674 1
15675 1
15686 0
15693 0
15708 0
15720 0
15729 1
15742 0
15749 1
15763 0
15771 0
15777 1
15793 1
15798 0
15828 0
15839 0
15840 1
15841 0
15846 0
15854 0
15857 0
15864 0
15878 1
15886 0
15887 1
15890 0
15896 1
15897 0
15904 0
15911 1
15925 0
15927 0
15939 1
15948 1
15959 0
15962 0
15973 0
15985 1
15996 0
16011 1
16017 1
16031 1
16032 1
16036 0
16050 0
16065 1
16069 1
16074 0
16088 0
16090 1
16103 0
16110 0
16111 0
16112 0
16123 0
16130 1
16134 0
16138 1
16152 1
16159 1
16167 0
16173 1
16178 1
16187 1
16194 0
16200 1
16211 0
16226 0
16227 0
16236 1
16242 0
16256 0
16263 0
16265 0
16267 1
16273 0
16274 0
16282 0
16293 0
16307 0
16311 0
16318 0
16329 1
16338 1
16341 1
16353 0
16358 0
16365 1
16371 0
16372 1
16379 0
16386 1
16390 1
16399 1
16403 1
16410 1
16421 1
16422 1
16427 1
16438 1
16447 0
16452 1
16466 0
16480 0
16486 0
16494 1
16507 1
16519 0
16520 0
16533 0
16539 1
16542 0
16557 0
16559 1
16565 0
16571 0
16574 1
16586 0
16592 0
16605 1
16606 0
16621 1
16626 0
16641 0
16649 1
16654 1
16659 0
16663 0
16666 0
16680 1
16687 0
16701 1
16702 1
16715 1
16716 0
16728 0
16733 0
16741 0
16744 1
16758 0
16774 1
16789 1
16793 0
16804 1
16813 1
16818 1
16823 1
16826 0
16831 1
16838 0
16849 1
16855 1
16860 1
16867 1
16868 0
16873 0
16888 0
16889 1
16890 0
16898 1
16904 0
16912 1
16915 0
16920 1
16933 1
16946 1
16960 0
16967 1
16976 0
16991 0
17005 0
17013 0
17017 0
17019 0
17031 1
17046 1
17059 1
17071 1
17075 0
17079 1
17087 0
17093 1
17105 1
17106 0
17119 1
17132 1
17138 1
17150 0
17165 0
17173 0
17178 0
17184 0
17191 1
17206 1
17207 1
17220 0
17231 1
17235 1
17236 1
17245 0
17259 1
17267 0
17270 1
17282 0
17286 0
17291 1
17292 0
17299 0
17314 0
17338 0
17344 0
17345 0
17359 1
17370 1
17371 1
17380 0
17386 1
17394 0
17395 0
17408 1
17422 0
17428 1
17430 1
17431 0
17432 1
17437 1
17443 1
17445 1
17446 0
17459 0
17460 1
17461 1
17465 0
17477 1
17491 0
17495 0
17507 1
17515 0
17521 1
17535 0
17548 0
17554 0
17568 0
17572 0
17580 0
17581 0
17583 0
17586 0
17588 1
17593 1
17594 1
17605 1
17609 1
17617 1
17626 1
17638 1
17653 0
17662 1
17668 1
17682 0
17684 0
17690 0
17693 0
17697 0
17698 0
17707 1
17722 1
17729 0
17730 0
17741 1
17756 0
17758 0
17760 1
17772 1
17776 0
17784 1
17797 0
17804 0
17815 0
17817 1
17824 0
17830 1
17845 0
17858 0
17859 0
17864 1
17866 1
17878 1
17887 1
17900 1
17906 1
17911 1
17920 0
17933 0
17941 0
17947 0
17951 0
17964 1
17979 0
17983 1
17984 0
17998 1
18002 1
18009 1
18012 0
18025 1
18026 1
18030 1
18042 1
18046 0
18053 0
18059 0
18065 0
18073 1
18084 0
18087 0
18091 0
18098 1
18107 0
18122 0
18124 1
18127 0
18128 1
18135 1
18149 0
18164 1
18170 1
18176 1
18181 0
18190 1
18197 1
18199 0
18204 0
18211 1
18226 0
18232 0
18233 0
18247 0
18260 0
18264 1
18276 1
18282 0
18293 0
18302 0
18303 1
18304 0
18311 1
18331 1
18340 0
18344 1
18349 1
18362 1
18363 0
18367 0
18371 1
18375 1
18383 1
18395 1
18410 0
18437 1
18449 0
18458 1
18464 0
18488 1
18497 1
18501 1
18513 0
18525 1
18539 0
18542 1
18555 1
18568 0
18569 1
18576 1
18583 1
18597 0
18608 0
18611 1
18620 0
18642 0
18645 1
18653 1
18655 1
18667 0
18682 0
18695 1
18707 1
18715 1
18720 0
18724 0
18727 1
18742 0
18763 1
18766 1
18771 1
18784 0
18797 0
18800 1
18801 1
18803 1
18806 1
18809 0
18821 1
18835 0
18850 1
18862 1
18869 1
18872 1
18879 0
18903 1
18907 0
18911 1
18915 1
18919 1
18927 0
18936 0
18943 0
18951 1
18952 0
18953 1
18957 1
18969 1
18976 0
19004 1
19011 1
19016 0
19017 1
19018 1
19023 0
19034 0
19041 0
19048 0
19049 1
19054 1
19062 1
19063 0
19066 1
19072 1
19077 1
19090 0
19098 0
19102 0
19103 1
19110 0
19121 1
19132 1
19137 0
19143 1
19145 1
19159 0
19164 1
19167 0
19171 1
19183 1
19195 1
19204 0
19208 1
19212 1
19216 1
19228 1
19236 0
19245 1
19256 1
19262 0
19285 1
19292 0
19297 1
19306 0
19309 0
19323 1
19338 0
19350 1
19362 1
19368 0
19376 0
19380 1
19384 0
19392 0
19405 1
19416 0
19429 1
19432 1
19441 1
19453 1
19464 0
19465 0
19470 1
19481 1
19484 0
19497 0
19505 0
19514 1
19521 1
19534 0
19549 1
19550 1
19562 1
19564 0
19566 1
19572 0
19574 1
19585 0
19591 1
19597 0
19610 0
19618 1
19631 1
19633 1
19646 0
19661 1
19664 0
19676 0
19681 1
19692 0
19707 0
19710 1
19722 0
19730 0
19742 1
19756 0
19768 1
19779 0
19793 0
19806 1
19809 1
19815 1
19818 0
19827 0
19838 0
19849 0
19856 1
19868 0
19874 1
19882 1
19885 1
19898 1
19910 0
19922 1
19925 0
19940 0
19946 0
19954 0
19955 0
19967 1
19972 0
19983 0
19997 1
20002 0
20016 0
20019 1
20027 0
20032 1
20047 1
20064 1
20067 0
20078 0
20089 1
20093 0
20104 1
20111 0
20116 1
20117 0
20129 0
20144 0
20147 0
20158 1
20172 1
20183 1
20186 1
20195 0
20199 0
20207 0
20220 0
20229 0
20241 1
20253 0
20258 0
20262 0
20274 0
20278 0
20281 0
20290 0
20293 0
20308 0
20312 1
20325 0
20327 0
20336 1
20351 0
20357 0
20364 1
20376 0
20391 0
20394 1
20409 1
20424 1
20435 1
20446 0
20448 0
20460 1
20461 0
20462 1
20467 0
20479 0
20490 1
20502 1
20506 1
20514 0
20527 1
20533 1
20548 0
20554 0
20568 0
20582 1
20593 0
20606 1
20618 0
20620 1
20629 1
20643 0
20647 0
20652 1
20666 0
20668 1
20672 1
20681 0
20692 0
20706 1
20720 0
20723 0
20727 0
20728 0
20743 0
20752 1
20765 1
20774 0
20782 0
20796 0
20811 0
20819 0
20826 1
20841 0
20855 1
20859 1
20870 1
20871 1
20877 1
20882 1
20896 1
20897 0
20912 1
20927 0
20936 1
20948 1
20963 1
20972 0
20977 0
20986 1
20992 0
21004 1
21005 0
21009 1
21024 1
21025 1
21038 0
21050 1
21064 1
21069 1
21071 0
21083 1
21096 1
21101 1
21114 0
21128 0
21132 1
21137 0
21140 1
21142 0
21146 1
21149 0
21154 1
21165 1
21180 0
21194 0
21198 0
21209 0
21220 0
21223 1
21225 0
21234 1
21238 1
21250 0
21262 0
21267 1
21276 1
21289 0
21292 1
21300 0
21315 0
21319 1
21332 0
21346 0
21357 0
21371 0
21373 1
21376 0
21382 0
21384 0
21387 1
21398 1
21402 0
21417 0
21430 1
21442 0
21443 1
21445 0
21446 0
21451 1
21459 0
21471 0
21478 1
21482 0
21495 1
21506 1
21517 0
21519 0
21533 1
21537 1
21552 0
21554 0
21568 1
21572 0
21584 1
21599 1
21604 0
21605 1
21606 1
21613 0
21628 1
21629 0
21631 0
21635 1
21644 0
21653 1
21666 0
21673 0
21688 0
21701 1
21712 0
21713 1
21728 0
21737 1
21746 1
21749 1
21757 0
21768 1
21791 0
21797 1
21809 1
21812 0
21821 0
21827 0
21836 1
21838 1
21853 0
21861 1
21867 1
21875 0
21883 0
21889 1
21902 1
21906 0
21907 1
21922 1
21929 0
21936 0
21939 1
21945 1
21954 1
21960 1
21968 1
21979 1
21992 0
21997 0
22006 0
22009 1
22024 0
22031 1
22035 0
22050 0
22063 0
22072 1
22086 1
22097 1
22102 0
22106 1
22115 0
22120 0
22133 0
22137 0
22142 0
22155 0
22167 1
22171 1
22182 0
22194 0
22200 1
22215 0
22216 1
22220 1
22227 1
22240 1
22246 0
22253 0
22264 0
22277 1
22291 1
22292 0
22300 1
22303 0
22317 1
22325 1
22339 0
22341 1
22342 1
22345 0
22357 1
22362 0
22375 0
22387 1
22395 1
22409 0
22421 0
22422 0
22434 1
22440 0
22442 0
22456 0
22471 1
22483 1
22492 0
22507 1
22509 0
22518 0
22529 1
22534 0
22536 0
22562 0
22563 1
22565 0
22568 1
22577 1
22579 1
22594 1
22603 0
22617 0
22623 1
22632 0
22644 0
22653 0
22659 0
22661 1
22668 1
22673 0
22685 0
22689 1
22702 0
22714 0
22721 1
22728 1
22730 1
22741 0
22744 0
22753 0
22766 0
22778 1
22781 1
22790 0
22797 0
22810 1
22818 0
22831 0
22842 0
22844 0
22859 0
22864 1
22875 1
22878 1
22887 1
22898 1
22907 0
22910 0
22917 0
22924 0
22936 0
22937 1
22948 1
22951 0
22963 1
22969 1
22977 1
22985 0
22993 1
23008 1
23014 0
23043 0
23051 1
23072 0
23083 0
23085 1
23096 0
23098 0
23111 0
23120 1
23124 0
23125 0
23133 0
23146 1
23159 1
23160 1
23173 0
23178 1
23206 1
23212 1
23219 1
23226 0
23241 1
23248 0
23254 0
23267 1
23268 1
23271 0
23279 0
23287 0
23290 0
23305 1
23308 1
23311 0
23313 0
23317 1
23326 0
23328 1
23333 0
23336 1
23337 1
23349 1
23358 1
23361 1
23368 0
23370 1
23379 0
23384 0
23391 0
23399 1
23406 1
23410 1
23417 0
23421 0
23432 1
23435 0
23444 1
23450 0
23464 1
23472 1
23487 1
23488 1
23499 0
23507 0
23521 0
23530 0
23539 0
23541 1
23546 1
23548 1
23551 1
23562 1
23568 1
23576 0
23587 1
23595 1
23603 0
23628 1
23641 0
23649 1
23662 1
23671 0
23677 1
23679 1
23685 0
23694 0
23699 0
23713 1
23726 1
23732 0
23737 1
23739 0
23746 0
23751 0
23758 1
23773 0
23784 0
23789 0
23794 1
23816 0
23822 1
23834 1
23841 1
23848 1
23853 1
23855 1
23867 0
23882 1
23884 0
23898 0
23909 1
23918 1
23933 0
23947 1
23949 0
23954 0
23961 0
23972 0
23985 0
23990 1
23991 1
24004 0
24017 0
24020 1
24023 0
24026 0
24029 0
24043 1
24058 1
24066 0
24082 0
24084 1
24085 1
24093 0
24106 0
24109 0
24114 0
24123 0
24134 0
24146 0
24148 0
24153 0
24160 1
24175 0
24176 0
24189 1
24194 0
24211 1
24225 0
24228 1
24241 1
24248 0
24252 1
24262 1
24274 0
24275 1
24279 0
24281 0
24284 1
24290 0
24297 0
24310 0
24311 0
24318 1
24325 0
24329 0
24334 1
24335 0
24342 1
24351 1
24363 0
24375 1
24376 1
24389 0
24397 0
24408 0
24411 0
24424 0
24433 0
24434 0
24436 1
24438 1
24450 1
24462 1
24465 0
24467 0
24469 1
24470 1
24471 0
24475 0
24489 1
24494 0
24509 1
24522 0
24527 1
24534 1
24538 0
24553 0
24562 1
24567 1
24570 1
24581 0
24596 1
24599 0
24607 1
24620 1
24634 1
24637 0
24643 0
24647 1
24662 1
24673 0
24679 0
24691 1
24706 1
24714 1
24720 0
24733 0
24748 0
24755 1
24782 1
24786 0
24795 1
24809 1
24818 1
24829 1
24831 1
24837 1
24840 0
24846 0
24859 1
24867 1
24880 0
24891 1
24898 0
24905 0
24906 1
24919 1
24922 1
24929 1
24936 1
24937 0
24951 0
24953 0
24965 1
24969 0
24978 1
24984 1
24991 1
25003 1
25005 0
25009 1
25014 1
25020 0
25027 0
25033 0
25041 0
25052 0
25060 0
25069 1
25081 0
25093 0
25104 1
25118 1
25127 1
25130 0
25135 0
25148 1
25155 0
25156 0
25160 1
25173 0
25203 1
25211 0
25224 1
25237 0
25242 1
25251 0
25260 1
25262 0
25265 0
25279 1
25284 0
25313 1
25324 0
25338 0
25346 1
25355 1
25370 1
25377 0
25384 0
25388 1
25392 0
25393 0
25407 0
25418 1
25427 0
25442 1
25447 1
25456 0
25458 1
25460 0
25463 0
25467 0
25482 0
25508 0
25516 0
25529 1
25540 0
25554 1
25559 0
25563 1
25578 0
25591 0
25604 1
25619 1
25630 0
25635 0
25641 1
25646 1
25647 1
25650 1
25656 0
25663 1
25675 1
25681 1
25692 0
25707 0
25718 1
25727 1
25731 0
25736 0
25750 1
25757 0
25761 0
25765 1
25780 0
25793 1
25795 0
25799 1
25811 0
25826 0
25829 0
25831 0
25832 1
25835 1
25839 1
25847 0
25854 1
25859 1
25876 0
25878 0
25891 0
25906 1
25920 1
25923 0
25929 0
25941 1
25942 1
25944 0
25956 1
25964 0
25979 0
25986 1
25992 1
25998 0
26010 0
26017 1
26023 1
26036 0
26044 0
26050 1
26055 1
26058 0
26067 1
26073 0
26078 1
26092 0
26105 0
26109 1
26121 0
26136 1
26140 0
26151 1
26163 1
26165 0
26171 0
26178 1
26189 0
26192 0
26196 0
26208 1
26214 0
26229 1
26242 0
26255 1
26267 1
26272 1
26276 0
26283 0
26285 0
26296 1
26305 1
26307 1
26312 1
26324 0
26333 1
26339 0
26347 1
26368 1
26383 1
26398 0
26403 1
26407 0
26410 1
26416 1
26421 0
26441 0
26455 1
26463 1
26466 1
26468 0
26470 0
26479 1
26484 1
26502 1
26506 0
26518 0
26525 1
26531 1
26545 0
26548 1
26561 0
26569 1
26578 1
26583 1
26591 1
26597 1
26605 1
26620 1
26635 0
26644 1
26650 0
26673 1
26674 0
26682 0
26691 0
26700 0
26703 1
26708 1
26722 1
26730 1
26735 0
26746 1
26749 1
26761 1
26763 1
26777 1
26782 0
26790 1
26804 1
26811 1
26826 0
26834 0
26839 1
26846 0
26858 1
26870 1
26874 0
26879 1
26892 1
26896 0
26907 0
26910 0
26923 1
26929 0
26931 0
26935 0
26940 0
26948 0
26951 1
26959 1
26971 1
26977 0
26986 1
27016 0
27030 1
27032 1
27045 0
27054 1
27060 1
27069 0
27083 0
27091 1
27094 1
27096 0
27103 0
27116 0
27118 1
27119 1
27127 0
27131 1
27133 0
27140 1
27149 1
27153 0
27168 0
27169 0
27182 0
27185 0
27190 0
27196 0
27208 1
27213 1
27225 0
27238 0
27239 0
27240 0
27249 0
27256 1
27268 0
27272 1
27274 1
27283 0
27285 0
27287 0
27290 0
27304 1
27316 1
27329 1
27332 0
27345 0
27347 0
27351 0
27353 0
27365 0
27369 1
27376 1
27390 1
27399 1
27403 1
27412 0
27418 0
27425 0
27436 0
27448 1
27459 1
27466 1
27480 1
27482 0
27491 1
27494 1
27501 1
27509 0
27510 1
27525 1
27531 0
27533 0
27538 1
27539 0
27550 0
27556 1
27564 1
27577 0
27583 0
27588 1
27602 0
27609 1
27612 1
27619 1
27621 1
27626 1
27629 1
27642 0
27657 1
27664 0
27665 0
27673 1
27681 1
27693 0
27705 0
27716 0
27723 1
27728 0
27740 1
27747 0
27770 0
27772 0
27785 0
27799 0
27806 1
27808 0
27821 1
27827 0
27836 1
27838 0
27843 0
27849 1
27852 1
27856 0
27859 1
27860 0
27867 1
27869 0
27883 0
27890 1
27904 1
27906 1
27914 1
27917 1
27928 0
27942 1
27954 1
27959 1
27971 1
27979 1
27987 0
28001 1
28012 1
28018 1
28032 0
28040 0
28044 0
28045 0
28048 1
28049 0
28054 1
28066 0
28067 1
28079 0
28085 1
28097 0
28100 0
28112 0
28120 1
28134 1
28147 0
28153 1
28162 0
28164 1
28177 1
28186 1
28192 1
28203 1
28216 1
28223 0
28225 1
28238 0
28249 1
28253 1
28260 0
28274 0
28276 1
28281 0
28282 0
28293 0
28301 0
28324 0
28331 1
28343 1
28356 1
28360 0
28367 0
28372 0
28378 0
28380 0
28394 0
28400 1
28401 0
28415 1
28424 1
28432 0
28440 1
28455 0
28464 1
28467 0
28468 0
28470 0
28481 0
28492 1
28498 1
28500 1
28509 1
28514 1
28519 1
28522 1
28524 0
28533 1
28546 0
28557 0
28570 1
28573 0
28578 1
28580 0
28595 0
28608 1
28616 1
28631 0
28636 0
28638 0
28653 0
28659 0
28661 0
28662 0
28676 1
28685 0
28688 0
28692 0
28706 1
28715 1
28724 1
28730 0
28737 1
28748 1
28754 0
28766 0
28774 1
28775 0
28788 0
28790 0
28802 0
28810 0
28824 1
28825 0
28837 0
28839 1
28845 1
28856 1
28867 0
28880 0
28891 1
28905 1
28909 0
28923 1
28927 1
28932 0
28934 0
28935 0
28948 0
28959 0
28971 0
28985 1
28999 0
29002 1
29008 1
29011 1
29025 0
29031 0
29034 1
29047 0
29049 0
29058 0
29061 1
29067 0
29080 0
29081 0
29089 1
29101 1
29107 1
29116 1
29120 1
29134 0
29138 0
29145 0
29160 0
29161 0
29164 0
29179 0
29188 1
29192 0
29204 1
29206 1
29215 0
29218 0
29230 1
29237 1
29238 0
29251 1
29252 1
29264 1
29276 0
29280 1
29292 0
29298 0
29313 0
29318 0
29329 0
29330 1
29334 0
29339 1
29342 1
29357 0
29358 1
29364 1
29371 1
29382 0
29396 1
29411 0
29424 1
29431 1
29443 1
29449 1
29458 0
29467 1
29481 0
29483 0
29497 1
29509 0
29514 0
29519 1
29530 0
29553 0
29556 1
29571 1
29575 0
29580 1
29591 0
29593 0
29600 1
29607 1
29608 1
29614 0
29622 1
29633 1
29641 1
29650 0
29654 0
29656 1
29657 0
29659 0
29674 0
29678 0
29686 0
29690 0
29695 1
29702 1
29710 1
29718 0
29731 1
29745 1
29756 1
29767 0
29769 1
29775 1
29780 1
29782 1
29793 0
29797 1
29802 1
29809 0
29810 0
29816 0
29823 1
29842 1
29843 0
29849 0
29860 0
29874 1
29878 0
29879 0
29882 0
29886 0
29893 1
29902 0
29907 1
29913 1
29918 0
29931 1
29944 0
29959 1
29974 1
29983 0
29988 0
30003 0
30004 0
30005 1
30012 0
30023 0
30025 1
30037 1
30051 0
30062 1
30073 1
30087 0
30090 0
30098 1
30101 0
30102 1
30116 0
30125 0
30130 0
30139 0
30142 1
30150 1
30163 0
30171 1
30179 0
30195 1
30207 1
30209 0
30218 1
30224 1
30238 0
30250 1
30265 0
30267 0
30272 0
30283 0
30292 0
30299 0
30307 1
30322 1
30328 0
30343 1
30351 1
30363 0
30371 0
30376 1
30378 1
30396 1
30408 1
30422 0
30431 0
30446 0
30457 1
30470 1
30484 0
30492 1
30495 1
30500 1
30502 1
30509 0
30520 1
30547 1
30548 0
30555 1
30567 0
30572 0
30579 0
30591 0
30592 1
30596 0
30604 1
30619 1
30631 1
30643 1
30654 1
30665 0
30678 1
30686 1
30697 1
30703 0
30710 1
30725 0
30739 1
30744 1
30758 1
30762 1
30776 0
30785 0
30791 1
30797 0
30810 1
30824 1
30838 1
30853 1
30865 1
30878 1
30879 0
30890 1
30907 1
30910 0
30925 1
30934 0
30943 0
30949 1
30965 1
30976 0
30985 0
30996 1
31009 1
31012 0
31026 1
31040 1
31043 0
31054 1
31055 0
31057 0
31065 1
31066 0
31080 1
31086 1
31095 0
31107 0
31120 1
31132 0
31141 0
31147 0
31149 1
31152 1
31153 0
31158 1
31166 1
31180 0
31183 0
31191 1
31200 0
31208 0
31212 1
31226 0
31230 1
31243 1
31256 0
31269 0
31276 0
31278 0
31289 1
31302 1
31309 1
31320 0
31333 1
31338 0
31339 0
31341 1
31345 1
31346 1
31351 1
31358 1
31370 1
31379 0
31401 0
31402 0
31404 0
31408 1
31420 1
31423 0
31431 0
31446 1
31455 1
31470 1
31479 1
31486 1
31501 1
31502 1
31508 1
31523 1
31538 0
31542 0
31546 0
31559 0
31571 0
31577 0
31582 1
31583 1
31595 0
31606 0
31612 0
31614 0
31629 0
31637 0
31641 1
31652 0
31665 1
31668 1
31671 1
31673 0
31675 1
31681 0
31694 1
31699 1
31704 1
31713 1
31726 1
31732 0
31755 1
31757 1
31769 0
31770 0
31771 1
31777 0
31780 0
31783 0
31798 0
31807 0
31821 1
31824 1
31825 0
31840 1
31853 1
31866 1
31869 0
31872 0
31877 1
31884 0
31899 0
31903 0
31916 1
31918 1
31933 0
31947 0
31959 1
31972 1
31976 1
31983 0
31995 1
32007 1
32016 1
32029 0
32031 0
32040 0
32044 1
32057 0
32072 0
32080 1
32083 0
32095 1
32109 0
32118 0
32131 1
32142 1
32157 0
32163 1
32170 0
32175 0
32188 1
32194 1
32206 1
32214 0
32228 1
32243 1
32258 0
32264 1
32272 1
32281 0
32295 0
32298 0
32304 0
32316 0
32322 0
32336 1
32337 1
32338 0
32353 0
32357 0
32360 1
32361 1
32368 0
32370 0
32384 0
32389 1
32396 0
32402 1
32405 1
32407 1
32422 1
32426 0
32429 1
32432 0
32447 0
32449 1
32452 0
32460 1
32472 0
32474 1
32488 0
32501 0
32507 0
32521 0
32525 1
32539 1
32551 1
32562 1
32577 1
32583 1
32598 0
32613 1
32620 1
32621 1
32636 0
32647 0
32648 1
32650 1
32661 1
32665 1
32673 0
32686 0
32689 1
32695 1
32698 1
32706 0
32712 0
32717 0
32723 0
32725 0
32726 1
32739 1
32751 1
32759 0
32764 1
32768 0
32777 0
32779 0
32782 1
32783 0
32796 0
32808 0
32816 1
32820 1
32827 0
32838 0
32843 0
32847 0
32862 1
32870 0
32884 0
32887 0
32899 1
32907 0
32915 1
32927 1
32932 1
32937 1
32940 0
32954 1
32955 1
32961 1
32974 0
32983 0
32991 1
32992 0
33000 0
33004 0
33009 1
33011 1
33037 0
33052 1
33067 1
33079 0
33087 1
33095 1
33097 1
33110 0
33111 0
33126 1
33135 1
33143 0
33150 1
33161 0
33173 0
33181 0
33193 0
33195 0
33208 0
33220 1
33232 1
33244 0
33252 1
33273 1
33278 0
33280 1
33282 1
33297 1
33305 1
33311 0
33318 0
33319 1
33326 0
33334 1
33335 0
33350 1
33361 0
33374 1
33375 1
33390 1
33397 0
33406 0
33415 0
33428 0
33435 1
33449 1
33462 1
33463 0
33477 0
33488 1
33492 1
33493 1
33504 0
33506 1
33510 0
33523 0
33537 1
33543 0
33545 1
33551 0
33552 0
33566 1
33573 0
33578 1
33582 0
33597 1
33598 0
33609 1
33618 0
33624 1
33639 1
33648 0
33663 1
33675 1
33682 0
33691 1
33710 1
33714 0
33718 0
33723 1
33737 1
33741 1
33742 0
33754 0
33760 1
33771 0
33786 1
33792 0
33794 1
33795 1
33804 0
33808 0
33814 1
33822 0
33825 0
33831 1
33849 0
33857 0
33863 0
33875 0
33889 1
33900 0
33913 1
33915 0
33929 0
33943 0
33949 0
33950 1
33953 0
33964 0
33972 1
33986 0
33989 1
33993 0
34001 0
34013 1
34018 0
34032 0
34041 0
34049 1
34062 1
34064 0
34073 1
34089 1
34098 1
34106 0
34112 0
34116 0
34130 0
34144 1
34151 0
34160 0
34173 1
34175 0
34184 0
34191 1
34203 1
34204 0
34217 1
34220 1
34227 0
34234 0
34236 1
34248 0
34257 1
34261 1
34265 0
34279 1
34280 1
34282 0
34291 1
34306 1
34315 0
34318 1
34319 0
34320 1
34331 1
34333 1
34337 1
34339 0
34352 0
34355 0
34356 1
34371 0
34386 1
34391 0
34398 1
34402 1
34413 0
34414 1
34418 0
34421 0
34427 0
34442 0
34448 0
34451 0
34463 1
34467 0
34474 1
34489 1
34504 1
34505 1
34508 1
34521 1
34534 1
34549 0
34564 0
34571 1
34575 1
34581 0
34592 0
34601 1
34603 1
34605 0
34610 1
34625 0
34632 1
34634 0
34641 1
34645 0
34649 0
34658 1
34668 1
34676 1
34689 1
34701 0
34714 0
34718 1
34730 1
34731 0
34746 0
34749 1
34763 0
34771 1
34794 1
34807 1
34814 0
34829 1
34840 0
34847 0
34848 0
34861 1
34864 0
34876 1
34885 0
34900 1
34906 0
34920 1
34934 0
34939 0
34947 1
34960 0
34971 1
34976 0
34979 1
34991 1
35002 0
35003 0
35006 0
35030 0
35037 0
35049 0
35051 0
35054 1
35056 1
35067 0
35082 0
35097 0
35098 1
35113 0
35128 1
35139 1
35144 0
35152 1
35163 0
35175 0
35186 1
35191 0
35205 0
35217 0
35223 0
35234 0
35245 0
35257 0
35265 1
35280 1
35292 1
35297 0
35301 1
35315 1
35324 1
35330 0
35343 1
35347 1
35351 1
35362 1
35366 1
35368 0
35381 1
35384 0
35397 1
35400 0
35401 1
35409 0
35423 0
35424 1
35432 0
35444 0
35449 1
35452 1
35457 0
35464 0
35475 1
35488 1
35489 0
35502 0
35506 0
35511 1
35524 0
35527 0
35535 1
35536 0
35543 0
35548 0
35550 0
35552 0
35553 0
35558 1
35570 0
35587 1
35599 0
35602 0
35607 1
35620 0
35621 0
35634 0
35647 1
35662 1
35671 0
35679 0
35690 1
35702 0
35713 0
35716 1
35722 1
35727 1
35735 1
35743 0
35757 0
35771 1
35785 0
35800 0
35801 1
35802 1
35803 0
35815 1
35818 1
35831 1
35837 0
35839 0
35863 1
35868 1
35869 0
35883 0
35895 1
35901 1
35916 0
35929 1
35937 0
35938 0
35940 1
35947 1
35960 1
35973 0
35988 0
35997 1
36000 1
36015 0
36027 0
36033 0
36048 1
36063 1
36078 0
36083 1
36090 0
36102 0
36108 1
36110 0
36121 0
36127 1
36130 1
36132 1
36140 1
36147 1
36152 1
36167 1
36191 1
36198 1
36210 0
36212 0
36226 1
36229 1
36232 1
36234 0
36236 1
36247 1
36259 1
36273 1
36276 0
36287 1
36301 0
36304 0
36305 1
36309 0
36320 0
36332 1
36338 1
36341 0
36350 0
36364 1
36378 1
36393 0
36396 1
36397 1
36400 1
36416 1
36427 0
36438 1
36452 1
36466 0
36480 1
36491 0
36495 1
36507 0
36510 0
36525 0
36538 0
36544 0
36557 1
36558 1
36565 0
36576 1
36602 1
36610 1
36622 0
36626 0
36640 0
36644 1
36649 1
36663 0
36672 1
36686 0
36691 0
36694 1
36707 0
36710 0
36719 0
36727 0
36738 0
36745 1
36752 0
36764 0
36773 1
36775 0
36786 0
36787 0
36795 1
36801 0
36813 1
36816 1
36831 1
36844 1
36856 0
36867 0
36882 0
36893 0
36902 0
36905 1
36907 0
36913 1
36920 0
36921 0
36929 0
36931 0
36943 1
36947 1
36962 0
36976 0
36991 0
37000 0
37009 1
37016 1
37017 1
37020 1
37026 1
37030 1
37036 0
37051 0
37064 0
37068 1
37071 0
37073 0
37074 1
37081 1
37088 1
37099 1
37104 1
37118 0
37121 0
37135 0
37150 1
37151 0
37163 0
37167 0
37168 1
37181 0
37188 1
37203 0
37220 1
37231 0
37235 1
37250 0
37253 1
37256 1
37267 0
37280 0
37289 1
37298 1
37313 1
37328 1
37335 1
37339 1
37347 0
37368 0
37381 0
37392 0
37407 0
37414 1
37428 0
37433 1
37440 1
37448 1
37453 1
37454 1
37469 0
37477 0
37490 1
37496 1
37504 1
37513 1
37521 1
37523 1
37537 0
37538 1
37545 1
37551 1
37556 0
37559 0
37560 0
37565 1
37579 0
37590 0
37604 0
37607 0
37613 0
37624 0
37635 1
37636 0
37642 0
37647 0
37655 1
37660 0
37672 1
37674 1
37693 1
37696 1
37698 0
37705 0
37708 1
37710 1
37725 1
37734 0
37742 1
37751 1
37762 0
37773 1
37776 0
37791 1
37795 1
37804 1
37817 0
37830 0
37833 0
37848 1
37859 1
37865 0
37877 0
37885 1
37892 1
37901 1
37906 0
37918 0
37925 0
37932 1
37938 1
37951 1
37964 1
37975 0
37982 1
37996 1
38011 1
38018 0
38032 1
38033 1
38036 0
38045 1
38060 1
38065 0
38068 0
38082 1
38086 0
38100 1
38107 1
38110 1
38124 0
38136 0
38151 1
38152 0
38154 0
38169 0
38173 0
38180 1
38185 1
38188 1
38192 0
38193 1
38196 1
38199 1
38205 0
38216 0
38223 0
38225 0
38227 0
38242 0
38253 1
38255 0
38258 0
38266 1
38279 1
38290 0
38301 0
38310 0
38315 0
38324 1
38329 1
38334 1
38348 0
38352 1
38361 1
38367 1
38381 0
38392 0
38397 0
38409 0
38417 1
38421 0
38424 1
38435 1
38447 0
38466 1
38471 0
38477 0
38478 1
38484 0
38493 0
38506 1
38513 0
38539 0
38544 1
38558 1
38560 1
38574 0
38576 1
38590 0
38599 1
38628 0
38637 0
38642 0
38648 1
38653 1
38668 0
38674 0
38675 1
38683 0
38696 1
38707 0
38713 0
38726 1
38734 1
38742 0
38748 0
38754 1
38757 0
38766 1
38778 1
38783 0
38786 1
38801 1
38804 0
38812 1
38821 0
38833 0
38839 1
38854 1
38867 1
38879 1
38893 1
38907 1
38912 0
38926 1
38932 0
38934 0
38942 1
38954 0
38968 1
38976 1
38990 0
38997 1
39003 0
39009 0
39022 0
39037 1
39048 0
39057 1
39061 0
39074 0
39080 1
39089 0
39106 1
39120 0
39132 0
39139 0
39148 0
39152 1
39161 0
39176 0
39177 1
39192 0
39200 1
39212 0
39221 0
39229 0
39235 1
39248 1
39249 0
39253 1
39258 0
39269 1
39280 0
39289 1
39298 0
39300 1
39303 0
39306 0
39313 1
39328 1
39342 0
39357 1
39370 1
39371 1
39385 1
39389 1
39402 0
39408 1
39421 1
39425 1
39427 0
39434 1
39440 0
39451 0
39457 0
39458 1
39471 0
39483 0
39491 0
39498 1
39518 0
39522 1
39536 0
39541 0
39554 0
39569 0
39580 0
39581 0
39586 1
39593 0
39597 1
39601 0
39609 0
39624 1
39628 1
39631 1
39632 0
39636 0
39640 1
39649 1
39664 0
39667 1
39669 0
39682 0
39686 1
39698 1
39699 1
39702 0
39713 1
39715 0
39729 1
39748 0
39749 1
39752 0
39767 0
39789 1
39803 1
39815 0
39823 0
39826 0
39841 1
39852 1
39866 0
39870 1
39884 0
39887 0
39900 0
39902 0
39911 0
39913 1
39925 1
39929 0
39930 1
39942 1
39953 0
39964 1
39971 0
39985 1
39989 1
39991 0
40004 0
40009 1
40023 0
40038 0
40047 0
40060 1
40064 1
40065 1
40072 1
40080 0
40085 0
40097 0
40102 0
40116 0
40127 0
40138 0
40150 0
40163 0
40177 1
40183 1
40187 1
40193 0
40204 1
40206 1
40209 1
40213 0
40226 0
40239 1
40253 0
40256 0
40260 1
40273 1
40280 0
40284 1
40299 0
40308 1
40319 0
40327 1
40336 0
40349 1
40356 1
40371 0
40376 0
40389 1
40395 1
40403 0
40410 0
40421 0
40423 1
40430 1
40434 0
40448 1
40463 1
40466 0
40469 1
40483 0
40489 0
40494 0
40498 1
40505 1
40516 1
40524 1
40525 1
40526 1
40530 1
40538 1
40546 0
40551 0
40554 1
40563 1
40564 0
40570 1
40583 1
40587 1
40593 1
40597 1
40604 1
40618 0
40626 1
40632 0
40651 0
40655 1
40659 1
40686 0
40690 0
40692 0
40698 0
40712 0
40724 1
40725 0
40736 1
40737 1
40743 0
40752 0
40766 1
40781 0
40794 1
40803 0
40808 0
40810 0
40812 1
40826 1
40828 0
40834 1
40842 0
40853 1
40858 0
40872 1
40875 1
40887 1
40902 1
40914 0
40927 0
40935 0
40950 0
40965 1
40971 1
40984 0
40990 0
40992 0
40998 0
41010 0
41014 1
41028 0
41035 1
41046 1
41053 0
41061 0
41062 0
41063 1
41066 1
41080 0
41095 1
41110 1
41115 1
41126 0
41141 1
41150 0
41158 1
41167 1
41178 0
41192 0
41197 0
41199 1
41204 0
41206 1
41208 1
41223 1
41227 0
41238 1
41251 1
41254 1
41255 1
41264 1
41270 0
41276 1
41285 1
41296 1
41308 1
41312 0
41315 1
41324 0
41339 1
41353 1
41356 1
41370 1
41378 0
41387 0
41394 1
41405 1
41406 1
41408 1
41413 0
41425 1
41427 0
41438 1
41446 0
41461 1
41475 1
41484 1
41492 0
41497 1
41509 0
41520 1
41533 0
41546 1
41558 0
41561 1
41564 0
41565 0
41574 1
41581 1
41588 1
41603 0
41615 0
41619 1
41624 1
41628 1
41633 0
41637 1
41646 1
41651 0
41658 0
41672 1
41686 0
41698 0
41711 0
41716 0
41721 1
41723 1
41741 1
41742 1
41748 1
41756 1
41764 0
41779 1
41790 1
41796 1
41799 0
41800 0
41802 1
41817 0
41825 1
41840 0
41849 0
41861 0
41870 1
41884 1
41895 0
41896 1
41900 1
41918 1
41919 1
41934 0
41942 0
41956 0
41957 1
41968 0
41974 0
41985 0
41988 0
41994 0
41996 1
41997 1
42011 0
42015 1
42030 1
42042 1
42050 1
42056 0
42057 1
42059 0
42072 0
42076 0
42083 0
42098 1
42105 1
42108 1
42117 1
42129 0
42142 1
42146 0
42160 1
42166 1
42181 0
42195 1
42206 0
42212 0
42216 1
42227 1
42242 1
42246 1
42259 1
42261 0
42275 0
42287 1
42291 0
42303 1
42308 0
42322 1
42334 0
42350 0
42351 0
42355 0
42359 0
42370 0
42376 1
42381 0
42405 0
42413 1
42421 1
42426 0
42440 0
42453 1
42467 1
42469 0
42483 0
42491 0
42498 1
42504 0
42519 0
42534 0
42537 0
42538 1
42540 0
42546 1
42557 1
42558 0
42570 1
42583 1
42597 0
42600 1
42604 0
42606 1
42618 0
42631 0
42634 1
42640 0
42655 0
42668 1
42673 1
42682 0
42684 0
42685 0
42690 0
42698 0
42710 1
42716 0
42717 0
42723 0
42735 1
42750 1
42756 0
42765 1
42783 1
42796 0
42797 0
42811 0
42812 0
42824 0
42838 1
42840 1
42843 0
42847 1
42858 1
42860 0
42869 0
42877 0
42881 0
42888 1
42894 0
42903 0
42916 1
42925 1
42938 0
42953 1
42968 0
42971 0
42984 0
42998 1
43007 0
43009 1
43011 1
43012 1
43014 0
43020 1
43029 1
43033 0
43048 1
43051 0
43052 0
43055 1
43066 1
43068 1
43083 1
43089 0
43104 0
43108 0
43120 0
43132 0
43144 1
43153 1
43162 1
43173 0
43174 0
43177 0
43179 1
43182 1
43189 1
43194 0
43196 1
43209 1
43224 1
43227 1
43234 0
43242 0
43254 0
43269 0
43284 0
43293 1
43297 1
43300 0
43315 0
43327 0
43328 1
43343 0
43366 1
43370 0
43384 1
43385 0
43390 1
43398 1
43405 0
43411 1
43416 1
43427 0
43444 1
43449 1
43463 0
43477 0
43481 0
43486 0
43488 1
43497 0
43508 1
43509 1
43522 0
43525 0
43529 0
43533 1
43545 1
43550 0
43552 0
43553 1
43560 0
43566 1
43575 1
43578 0
43581 0
43589 0
43592 1
43607 0
43616 0
43630 0
43641 1
43653 1
43655 0
43658 1
43670 0
43683 1
43688 1
43689 1
43693 0
43698 0
43710 1
43713 1
43719 1
43730 0
43743 1
43744 1
43756 1
43758 0
43771 1
43774 0
43785 0
43790 0
43802 0
43804 0
43805 1
43812 0
43827 0
43840 0
43849 0
43850 0
43858 0
43869 1
43876 0
43881 1
43893 0
43904 0
43912 0
43926 0
43931 1
43933 1
43948 1
43956 0
43961 0
43964 0
43967 0
43981 0
43984 0
43993 1
44008 1
44019 1
44024 0
44040 1
44055 0
44070 1
44078 0
44089 0
44098 1
44113 0
44121 0
44134 1
44137 0
44145 1
44152 1
44159 1
44171 0
44179 0
44180 0
44184 1
44199 1
44201 1
44202 0
44207 1
44215 0
44230 0
44245 0
44253 0
44262 0
44273 0
44278 0
44283 1
44292 0
44303 1
44305 0
44318 1
44323 0
44330 1
44344 0
44352 0
44365 1
44376 1
44381 1
44388 1
44390 1
44393 1
44407 1
44420 1
44428 1
44429 0
44441 0
44446 1
44453 0
44459 1
44467 0
44481 0
44489 0
44502 0
44515 1
44518 0
44524 1
44533 0
44547 1
44559 1
44562 1
44563 1
44577 1
44584 1
44593 1
44605 0
44612 1
44614 1
44626 0
44631 1
44634 1
44642 1
44656 0
44665 1
44670 0
44682 1
44683 1
44692 0
44699 0
44702 0
44711 0
44719 0
44731 0
44735 1
44747 0
44760 0
44765 1
44779 1
44783 0
44791 1
44800 1
44809 0
44822 1
44823 0
44834 0
44840 0
44844 1
44853 1
44858 1
44867 1
44873 1
44884 0
44890 1
44899 1
44904 1
44910 0
44923 0
44937 0
44948 0
44949 1
44950 1
44959 1
44967 0
44972 0
44973 1
44975 1
44978 1
44985 1
44991 0
44993 1
45006 1
45015 1
45016 1
45027 0
45038 0
45039 1
45047 0
45053 0
45066 0
45079 1
45087 1
45088 1
45091 1
45097 0
45125 1
45126 0
45128 0
45137 0
45139 1
45148 1
45149 1
45158 1
45165 1
45171 1
45173 1
45175 0
45189 1
45200 0
45214 1
45227 1
45234 0
45236 0
45243 0
45244 0
45251 1
45266 1
45277 1
45278 0
45290 1
45299 1
45304 0
45318 1
45324 1
45327 0
45335 1
45341 0
45352 1
45363 0
45371 0
45378 1
45385 1
45398 1
45409 1
45423 0
45424 1
45436 1
45444 1
45453 0
45457 1
45472 1
45480 1
45492 0
45503 0
45509 1
45531 0
45545 1
45548 0
45551 1
45554 0
45556 1
45567 0
45580 1
45585 1
45599 1
45613 1
45618 0
45630 0
45632 1
45637 0
45652 0
45659 1
45674 1
45688 0
45700 0
45714 1
45729 0
45731 0
45736 0
45745 0
45752 0
45757 1
45761 1
45774 1
45778 1
45782 1
45784 1
45798 0
45813 0
45825 0
45837 1
45842 0
45849 0
45863 1
45868 0
45874 1
45882 1
45889 0
45911 0
45919 1
45928 0
45945 0
45948 1
45952 1
45953 1
45958 0
45966 0
45978 0
45984 0
45986 1
46001 1
46004 1
46013 0
46018 0
46019 1
46023 0
46031 0
46046 0
46049 1
46064 1
46073 0
46077 1
46090 0
46101 0
46104 1
46118 1
46132 0
46137 1
46144 0
46146 0
46163 0
46164 1
46166 1
46177 1
46188 0
46201 1
46203 0
46205 0
46208 1
46221 0
46222 0
46236 1
46248 1
46255 0
46262 1
46277 1
46278 1
46281 0
46289 1
46300 0
46309 1
46313 1
46317 1
46330 1
46337 0
46342 0
46349 1
46367 0
46370 0
46379 0
46380 1
46393 0
46394 0
46398 0
46413 1
46415 1
46423 1
46437 1
46450 0
46465 0
46479 1
46482 0
46496 1
46504 1
46513 0
46521 1
46536 0
46538 0
46542 1
46553 0
46560 1
46571 1
46586 0
46601 0
46607 0
46608 1
46614 0
46629 0
46651 0
46652 1
46658 1
46676 0
46688 1
46700 0
46709 0
46716 1
46721 1
46735 0
46744 1
46758 1
46767 1
46769 0
46775 0
46784 1
46798 0
46813 0
46816 1
46817 0
46825 1
46833 0
46844 1
46849 1
46864 1
46877 0
46881 0
46892 0
46906 1
46912 1
46918 0
46920 0
46933 0
46940 1
46944 1
46949 1
46952 1
46967 1
46975 1
46979 0
46980 1
46988 0
46997 1
47011 0
47025 0
47033 1
47034 0
47039 0
47047 0
47052 1
47061 0
47064 1
47067 0
47078 0
47081 1
47096 0
47110 0
47112 0
47115 0
47128 1
47131 0
47135 1
47146 1
47153 1
47160 0
47172 0
47180 0
47185 1
47189 0
47201 1
47215 1
47230 1
47239 1
47254 0
47255 0
47270 1
47273 1
47274 1
47282 0
47286 1
47297 1
47302 0
47326 0
47340 1
47347 0
47353 0
47356 0
47371 1
47383 0
47390 1
47405 1
47412 0
47413 1
47419 1
47433 0
47435 0
47443 0
47452 1
47455 1
47462 0
47464 0
47471 1
47486 0
47501 0
47514 0
47529 0
47532 0
47539 1
47544 0
47547 0
47561 1
47568 1
47575 1
47587 0
47592 0
47598 0
47605 1
47616 0
47643 1
47652 0
47659 1
47666 0
47671 1
47680 0
47693 0
47705 0
47718 0
47724 1
47729 0
47741 1
47745 1
47762 1
47765 0
47773 0
47776 1
47778 1
47787 0
47794 0
47805 0
47814 1
47817 0
47818 1
47832 1
47836 0
47847 0
47851 1
47858 1
47865 0
47880 0
47884 0
47890 1
47891 1
47903 0
47905 1
47911 0
47923 1
47932 1
47934 0
47945 0
47954 1
47969 1
47980 1
47986 1
47993 0
47994 1
47998 1
48007 0
48010 0
48022 1
48034 0
48043 0
48049 1
48055 1
48060 1
48074 1
48085 0
48093 1
48098 0
48111 1
48118 0
48122 1
48123 1
48136 0
48148 1
48157 0
48172 0
48181 1
48193 1
48195 1
48209 1
48222 0
48231 1
48243 1
48256 0
48257 0
48266 1
48272 0
48278 1
48286 1
48298 0
48304 0
48315 0
48319 0
48321 1
48326 1
48331 0
48338 0
48343 0
48355 0
48359 0
48360 1
48366 1
48370 1
48379 0
48381 1
48392 1
48399 0
48405 1
48411 0
48414 0
48423 1
48426 1
48434 1
48449 1
48454 1
48461 1
48466 0
48467 1
48478 0
48485 1
48499 1
48507 1
48522 1
48523 1
48535 1
48543 1
48556 0
48568 0
48583 1
48598 0
48602 1
48603 0
48616 0
48630 0
48641 0
48650 1
48656 0
48658 0
48670 1
48682 0
48694 1
48705 1
48709 1
48718 1
48730 1
48744 1
48746 1
48758 1
48763 0
48771 0
48784 0
48790 0
48803 1
48811 1
48825 1
48839 1
48841 1
48847 1
48849 1
48856 1
48863 0
48872 1
48885 0
48887 1
48901 1
48905 0
48918 0
48920 0
48924 1
48932 1
48945 1
48947 0
48950 1
48952 1
48953 0
48954 0
48956 1
48969 0
48974 0
48978 0
48985 1
48997 0
49011 1
49026 1
49029 1
49038 1
49053 1
49064 0
49066 0
49081 1
49086 1
49088 0
49089 0
49092 1
49101 1
49103 1
49115 0
49127 0
49138 0
49150 1
49161 1
49173 0
49176 0
49191 0
49206 0
49221 1
49232 1
49245 0
49260 0
49275 1
49279 0
49282 0
49286 1
49291 1
49298 1
49306 1
49310 0
49312 0
49323 1
49329 0
49343 1
49357 1
49370 1
49371 0
49384 0
49392 0
49396 1
49407 1
49415 1
49424 0
49430 1
49442 1
49447 1
49453 1
49467 0
49472 0
49475 0
49478 0
49481 0
49496 1
49497 0
49501 0
49503 1
49514 0
49519 1
49531 0
49540 1
49552 0
49567 1
49581 0
49583 0
49587 1
49600 1
49608 0
49611 1
49626 1
49634 1
49643 1
49645 0
49654 0
49655 0
49660 0
49662 0
49674 1
49678 1
49689 1
49696 1
49700 1
49705 0
49713 0
49728 0
49741 0
49748 0
49753 1
49764 0
49772 1
49775 0
49786 1
49792 0
49807 1
49816 1
49818 1
49831 1
49835 1
49849 0
49864 0
49866 1
49868 1
49870 0
49872 0
49880 1
49887 1
49890 1
49899 0
49912 0
49924 1
49936 1
49949 1
49952 0
49954 1
49960 1
49972 0
49976 1
49983 1
49985 0
49987 0
50002 1
50006 1
50021 0
50033 1
50046 1
50060 1
50066 0
50085 0
50096 1
50102 1
50104 1
50109 0
50111 0
50119 0
50121 1
50122 1
50133 0
50134 0
50138 0
50150 0
50156 1
50164 0
50177 1
50192 0
50199 0
50205 1
50212 0
50227 0
50229 0
50231 1
50233 1
50247 1
50252 0
50264 0
50266 0
50281 1
50293 1
50305 0
50312 1
50319 0
50331 0
50333 0
50339 1
50342 0
50343 0
50352 1
50361 1
50366 1
50370 1
50377 1
50392 0
50406 0
50413 0
50422 1
50431 1
50439 1
50440 1
50446 0
50454 0
50456 0
50468 1
50472 1
50481 0
50505 0
50517 0
50519 0
50533 0
50541 0
50544 0
50551 0
50555 1
50569 1
50577 1
50585 0
50593 0
50605 0
50611 1
50614 1
50622 1
50630 0
50644 0
50651 0
50662 0
50670 1
50671 0
50683 0
50695 1
50706 0
50714 1
50720 0
50723 0
50728 1
50737 1
50744 1
50758 0
50764 1
50776 1
50778 0
50780 1
50784 1
50797 0
50805 0
50816 1
50824 0
50825 0
50839 0
50847 1
50852 1
50865 1
50879 0
50891 1
50897 0
50902 0
50905 1
50916 1
50919 1
50934 1
50935 0
50947 0
50961 0
50963 1
50969 0
50981 1
50992 0
51005 0
51016 0
51028 1
51032 0
51043 1
51051 0
51066 1
51081 1
51084 0
51087 1
51091 0
51102 1
51111 1
51117 0
51118 1
51123 0
51126 0
51135 1
51141 0
51156 1
51170 1
51171 1
51180 1
51185 0
51186 0
51191 0
51193 1
51204 1
51207 0
51213 0
51222 0
51228 0
51239 0
51240 1
51251 1
51259 1
51271 1
51277 0
51292 0
51300 1
51314 0
51326 0
51331 0
51337 0
51338 0
51339 1
51351 1
51365 0
51380 1
51392 1
51398 1
51399 1
51406 1
51410 0
51419 0
51426 0
51432 0
51444 1
51458 0
51469 1
51474 1
51475 1
51482 0
51483 0
51484 1
51498 1
51507 1
51519 0
51533 1
51542 0
51544 0
51550 1
51553 0
51554 1
51560 0
51566 1
51571 1
51586 0
51590 1
51605 1
51616 0
51628 0
51637 0
51638 1
51649 0
51660 0
51669 1
51684 0
51698 1
51705 0
51713 0
51716 1
51730 0
51736 1
51744 1
51749 0
51756 0
51760 1
51761 1
51772 1
51776 1
51779 1
51787 1
51802 0
51813 1
51822 1
51825 0
51830 1
51843 0
51854 1
51857 0
51868 0
51871 0
51882 1
51891 1
51902 0
51916 0
51931 1
51944 0
51959 0
51972 1
51976 1
51980 0
51993 0
52002 0
52004 0
52005 0
52011 0
52016 1
52019 0
52028 0
52036 0
52048 0
52063 1
52077 0
52089 1
52098 1
52109 1
52113 0
52118 0
52132 0
52145 1
52150 1
52165 0
52171 0
52174 0
52185 0
52197 1
52198 0
52205 0
52230 0
52243 0
52246 1
52255 1
52269 0
52280 0
52291 0
52298 0
52299 1
52307 1
52314 1
52315 0
52327 0
52328 1
52331 1
52338 0
52358 1
52363 1
52374 0
52379 1
52391 0
52405 1
52408 0
52413 1
52427 0
52428 0
52440 0
52452 1
52455 0
52460 0
52475 0
52489 1
52490 0
52501 1
52503 1
52507 0
52512 1
52515 0
52517 1
52522 1
52523 0
52527 0
52534 1
52539 0
52554 0
52558 0
52567 1
52569 1
52575 0
52586 0
52591 1
52598 1
52600 0
52613 1
52619 0
52620 1
52631 1
52644 1
52647 1
52654 0
52658 1
52660 0
52662 1
52676 1
52678 1
52690 0
52692 1
52703 1
52716 1
52731 1
52733 1
52740 0
52745 0
52750 1
52751 0
52765 0
52766 1
52781 0
52789 0
52794 1
52798 0
52811 0
52816 1
52822 0
52828 0
52839 1
52845 1
52846 1
52859 1
52866 1
52869 1
52870 1
52882 1
52896 0
52908 1
52914 0
52929 0
52942 0
52955 0
52958 1
52963 1
52970 1
52977 1
52989 1
52990 1
52992 1
52999 0
53000 1
53002 0
53009 0
53013 1
53027 1
53030 1
53041 1
53050 0
53057 0
53061 0
53065 1
53080 0
53088 0
53094 1
53106 1
53111 0
53118 0
53133 1
53145 0
53160 1
53172 1
53179 1
53183 1
53198 0
53201 1
53204 1
53212 0
53219 0
53224 0
53233 0
53235 0
53239 0
53244 1
53245 0
53250 0
53255 1
53256 1
53262 0
53271 1
53279 0
53291 1
53292 0
53295 0
53310 0
53312 1
53316 0
53329 0
53337 0
53352 0
53363 1
53367 0
53380 1
53384 1
53397 1
53402 1
53403 0
53418 0
53422 0
53435 1
53447 1
53451 0
53453 0
53456 0
53463 1
53478 0
53485 0
53491 1
53504 0
53516 1
53528 1
53530 1
53537 0
53556 0
53570 1
53583 1
53588 0
53609 0
53616 0
53630 1
53635 0
53642 0
53654 0
53667 1
53670 1
53685 0
53699 1
53710 0
53725 0
53727 1
53739 1
53745 0
53748 0
53753 1
53774 1
53777 1
53778 0
53784 0
53811 1
53812 1
53823 1
53826 1
53827 1
53834 0
53839 0
53840 1
53843 1
53855 1
53857 0
53863 1
53872 1
53884 0
53887 1
53900 1
53907 1
53908 1
53913 1
53928 1
53933 1
53937 1
53939 0
53953 0
53965 0
53978 0
53980 0
53986 0
53995 0
54001 0
54009 1
54016 1
54023 0
54025 1
54034 0
54049 1
54064 0
54065 0
54079 1
54085 1
54092 1
54094 1
54105 1
54110 0
54122 1
54140 1
54154 1
54165 1
54177 1
54186 1
54193 0
54194 1
54208 0
54217 0
54229 0
54234 0
54239 1
54241 0
54255 1
54267 1
54278 1
54285 0
54290 0
54299 0
54305 0
54308 0
54312 0
54317 1
54318 0
54320 0
54334 1
54335 1
54338 0
54341 0
54352 0
54356 1
54368 1
54375 0
54382 1
54394 0
54399 0
54404 1
54411 1
54418 0
54430 0
54437 1
54443 0
54462 0
54467 0
54475 0
54486 1
54489 0
54502 0
54516 1
54519 1
54521 0
54525 1
54540 0
54555 1
54567 1
54572 1
54583 1
54597 0
54605 0
54607 1
54620 0
54629 0
54644 0
54657 0
54661 1
54664 0
54669 1
54672 0
54680 1
54684 1
54688 1
54693 1
54701 0
54714 0
54718 1
54729 1
54735 0
54742 1
54755 0
54764 1
54770 0
54782 0
54783 1
54786 1
54788 1
54794 1
54797 1
54806 0
54819 1
54826 0
54837 0
54844 1
54852 1
54863 1
54867 0
54882 0
54887 0
54901 0
54915 1
54916 0
54923 1
54932 1
54944 1
54951 0
54960 0
54965 0
54978 0
54981 1
54995 0
55002 1
55014 0
55020 1
55023 1
55034 0
55040 1
55042 1
55057 1
55066 1
55073 0
55087 1
55094 1
55099 1
55102 1
55105 1
55111 0
55124 0
55127 0
55139 1
55153 0
55158 0
55163 0
55168 1
55175 0
55184 0
55192 0
55195 0
55209 0
55224 1
55226 0
55230 1
55235 1
55248 0
55253 1
55256 1
55263 0
55276 1
55283 1
55297 0
55306 1
55314 0
55323 1
55338 1
55353 0
55361 0
55372 0
55386 1
55389 1
55395 1
55398 0
55402 0
55409 1
55420 0
55433 0
55440 0
55447 1
55473 0
55479 0
55484 1
55496 0
55508 0
55515 1
55529 0
55537 1
55548 0
55552 1
55553 0
55566 1
55581 1
55588 1
55599 1
55608 1
55619 0
55631 1
55640 0
55653 1
55655 1
55668 1
55669 1
55675 0
55686 0
55700 1
55708 0
55721 1
55728 0
55733 1
55742 0
55757 1
55760 0
55775 0
55789 0
55796 1
55802 0
55808 0
55815 1
55826 0
55833 0
55844 0
55849 1
55879 0
55888 1
55894 1
55899 0
55903 1
55917 1
55922 0
55925 0
55936 0
55949 0
55951 0
55955 1
55957 1
55968 0
55980 0
55982 1
55984 0
55995 1
55996 1
56000 1
56002 0
56016 1
56041 0
56047 1
56056 0
56069 0
56072 1
56084 0
56092 1
56107 0
56111 1
56126 0
56132 1
56146 1
56151 1
56162 0
56177 0
56178 1
56180 0
56184 1
56188 1
56203 0
56210 0
56218 0
56232 1
56239 0
56254 1
56256 1
56258 1
56264 1
56278 0
56293 1
56295 0
56297 1
56303 1
56316 1
56328 1
56341 0
56347 1
56362 0
56363 1
56364 1
56376 0
56391 0
56398 0
56409 0
56422 1
56436 0
56450 1
56451 1
56454 0
56463 0
56475 1
56478 0
56484 1
56498 1
56507 0
56521 0
56530 0
56534 1
56549 1
56560 1
56571 0
56583 0
56597 0
56611 0
56612 0
56614 0
56620 1
56632 0
56635 1
56650 0
56662 0
56664 0
56676 1
56680 1
56682 0
56696 1
56724 1
56735 0
56743 0
56751 1
56760 0
56772 0
56777 0
56786 0
56790 1
56798 0
56805 1
56818 1
56819 0
56822 0
56824 1
56836 1
56845 0
56861 0
56863 0
56876 0
56879 1
56892 0
56895 1
56900 0
56908 0
56916 1
56922 1
56928 0
56936 0
56948 1
56949 1
56954 1
56966 1
56975 0
56978 1
56993 1
57007 1
57011 0
57012 0
57021 1
57023 1
57031 1
57044 0
57049 0
57051 0
57056 0
57057 0
57065 0
57071 1
57082 0
57088 0
57089 0
57095 0
57097 0
57106 1
57114 1
57118 1
57133 1
57147 0
57155 1
57169 0
57173 0
57176 0
57183 0
57189 1
57198 0
57201 0
57205 0
57210 1
57221 1
57229 0
57236 0
57249 0
57262 0
57277 1
57290 1
57292 0
57294 0
57299 0
57301 1
57306 1
57312 0
57317 0
57323 1
57337 0
57338 0
57342 0
57343 0
57357 0
57366 0
57374 0
57375 1
57387 1
57393 0
57401 1
57402 1
57414 1
57426 0
57439 0
57447 1
57455 1
57460 0
57469 0
57481 1
57486 0
57500 0
57503 1
57506 1
57515 0
57528 0
57530 0
57538 1
57543 1
57558 1
57571 1
57572 0
57584 0
57585 1
57593 1
57595 1
57610 1
57619 0
57624 1
57625 0
57628 0
57633 1
57640 0
57652 0
57659 1
57663 1
57671 1
57685 1
57687 0
57700 1
57707 0
57708 1
57721 0
57735 0
57737 0
57749 0
57753 1
57764 0
57784 1
57797 1
57812 0
57827 1
57840 1
57846 1
57857 0
57858 0
57867 0
57870 1
57879 0
57886 1
57901 0
57907 1
57909 1
57912 0
57924 0
57926 0
57941 0
57947 1
57955 1
57967 1
57979 1
57991 1
58005 0
58010 1
58024 1
58028 1
58031 0
58045 1
58056 0
58071 1
58072 0
58086 0
58092 1
58105 1
58113 0
58119 1
58132 0
58144 1
58156 0
58168 1
58175 1
58180 0
58194 0
58201 0
58215 1
58228 0
58233 1
58247 1
58251 0
58258 0
58269 0
58272 0
58279 0
58292 1
58299 0
58304 1
58308 0
58309 1
58317 0
58318 1
58319 0
58323 1
58335 1
58338 1
58351 1
58352 0
58356 1
58370 1
58385 0
58389 1
58402 1
58408 0
58413 0
58416 1
58420 1
58424 1
58431 1
58443 0
58452 0
58467 0
58473 0
58478 0
58483 1
58497 1
58503 0
58528 0
58536 0
58538 0
58547 1
58560 1
58571 1
58585 0
58592 0
58593 0
58602 1
58610 1
58621 1
58634 0
58643 0
58645 1
58648 1
58659 0
58674 0
58685 0
58692 1
58706 0
58714 1
58721 0
58732 0
58734 0
58739 1
58742 0
58755 1
58758 0
58769 1
58778 0
58789 0
58798 0
58803 0
58814 1
58826 0
58832 0
58840 0
58854 0
58862 1
58877 1
58890 0
58891 1
58894 0
58895 0
58899 0
58900 1
58902 1
58915 0
58916 0
58937 1
58951 1
58964 1
58967 0
58975 0
58976 1
58989 1
59001 1
59007 1
59012 1
59018 1
59032 0
59036 1
59049 0
59053 0
59066 1
59069 1
59075 1
59088 0
59090 1
59096 0
59108 1
59121 1
59129 0
59134 0
59145 1
59146 0
59153 1
59162 1
59167 0
59171 0
59186 0
59189 0
59196 1
59205 1
59206 1
59220 1
59224 1
59231 0
59240 0
59251 1
59256 0
59258 1
59264 0
59270 1
59273 1
59286 1
59291 0
59305 1
59317 1
59322 0
59330 0
59338 0
59351 1
59357 1
59362 1
59366 0
59368 0
59370 0
59371 1
59382 0
59391 1
59409 1
59423 1
59424 0
59437 0
59445 1
59446 1
59453 1
59468 0
59483 1
59491 1
59503 1
59504 0
59510 1
59522 1
59525 0
59528 1
59529 0
59535 0
59537 0
59544 1
59548 0
59555 0
59559 0
59560 1
59573 0
59577 1
59580 1
59581 0
59586 1
59597 1
59601 0
59603 1
59616 1
59631 0
59636 1
59653 1
59668 1
59670 1
59682 0
59686 0
59698 0
59702 1
59707 0
59711 0
59720 0
59734 0
59735 0
59743 0
59758 1
59759 1
59773 1
59776 1
59779 1
59781 1
59783 1
59794 0
59800 1
59802 0
59817 0
59818 1
59821 1
59822 0
59824 1
59829 1
59841 0
59853 1
59857 0
59871 1
59896 0
59908 0
59913 1
59917 0
59925 1
59949 0
59960 1
59965 1
59974 1
59989 0
59996 1
60008 0
60017 1
60027 1
60041 0
60048 0
60056 0
60067 0
60074 1
60075 0
60087 0
60096 1
60110 1
60124 0
60138 1
60153 1
60162 1
60170 1
60171 1
60180 0
60183 0
60185 1
60187 1
60191 1
60195 0
60208 1
60214 0
60225 1
60227 0
60230 0
60234 1
60243 0
60247 1
60256 1
60263 0
60269 1
60283 1
60290 0
60305 0
60318 1
60321 1
60336 0
60342 0
60350 0
60363 0
60369 0
60381 0
60394 0
60399 0
60413 1
60420 1
60422 0
60435 0
60441 1
60450 0
60453 1
60466 1
60480 1
60492 0
60504 1
60507 1
60510 1
60524 1
60536 0
60537 0
60549 1
60550 1
60557 1
60558 0
60563 0
60565 0
60570 0
60575 1
60577 1
60583 1
60586 0
60595 1
60597 0
60604 1
60609 1
60622 1
60628 0
60631 1
60633 0
60635 1
60648 0
60660 0
60664 1
60675 1
60684 0
60689 1
60701 0
60707 1
60714 1
60728 1
60741 1
60755 1
60759 0
60774 1
60796 1
60808 0
60809 1
60813 0
60822 1
60825 1
60839 0
60853 1
60859 1
60861 1
60863 1
60866 0
60869 0
60877 0
60892 0
60893 1
60908 0
60928 1
60936 0
60937 1
60942 0
60943 1
60949 0
60950 0
60954 1
60956 1
60964 1
60979 1
60983 1
60991 0
61000 1
61007 1
61012 0
61020 1
61028 0
61033 0
61039 1
61042 0
61053 0
61064 0
61078 0
61085 0
61091 1
61098 1
61106 1
61117 1
61125 0
61144 1
61151 0
61152 0
61156 1
61167 1
61181 0
61192 0
61206 0
61221 1
61222 0
61237 1
61239 1
61253 0
61267 0
61279 0
61293 1
61295 0
61307 1
61310 0
61315 1
61321 1
61334 1
61346 1
61354 1
61365 0
61374 0
61389 0
61392 0
61403 1
61404 1
61406 0
61412 0
61427 1
61431 0
61436 1
61447 0
61454 1
61466 1
61473 1
61485 0
61489 0
61498 0
61505 0
61512 1
61520 0
61529 0
61532 0
61545 0
61560 1
61565 1
61580 0
61593 0
61600 1
61605 1
61614 1
61616 0
61628 0
61630 1
61639 1
61641 1
61650 1
61654 1
61662 0
61667 1
61681 1
61692 1
61694 0
61706 0
61719 0
61720 1
61731 1
61735 0
61739 1
61753 1
61760 0
61761 1
61768 1
61782 0
61785 0
61798 1
61806 1
61807 0
61818 1
61819 1
61830 1
61838 0
61856 1
61857 1
61859 1
61865 1
61878 0
61882 0
61883 1
61885 0
61897 0
61901 1
61908 0
61913 0
61920 1
61927 1
61933 1
61939 0
61945 0
61958 1
61961 0
61973 0
61984 0
61991 0
61995 1
62003 1
62007 0
62011 0
62025 0
62038 1
62043 1
62055 1
62063 0
62078 1
62085 1
62089 1
62094 1
62103 0
62107 1
62121 0
62136 1
62139 1
62153 0
62162 0
62173 1
62188 1
62197 1
62201 0
62212 1
62239 0
62247 1
62248 0
62251 0
62258 0
62265 0
62278 1
62291 0
62302 1
62305 0
62319 1
62333 0
62339 1
62341 0
62342 1
62350 0
62353 0
62354 0
62363 1
62386 0
62395 0
62396 1
62403 0
62412 0
62420 0
62431 0
62442 1
62457 0
62469 0
62478 0
62491 0
62496 1
62499 0
62500 0
62511 1
62517 1
62523 0
62524 1
62525 0
62526 0
62537 1
62547 1
62555 1
62568 1
62583 0
62594 0
62599 1
62611 0
62620 0
62625 1
62632 1
62643 1
62652 1
62656 1
62660 1
62671 1
62685 0
62692 1
62699 1
62704 1
62711 0
62719 1
62726 1
62731 1
62736 1
62737 1
62742 0
62748 1
62759 1
62762 0
62776 1
62788 1
62800 1
62809 0
62813 0
62824 0
62832 0
62838 0
62844 0
62852 0
62859 0
62863 1
62874 0
62875 1
62880 0
62881 0
62910 1
62912 1
62927 0
62928 1
62934 1
62945 0
62946 0
62952 1
62963 1
62968 1
62970 1
62979 0
62993 0
63008 0
63014 1
63016 0
63018 0
63032 1
63036 1
63037 1
63049 0
63057 1
63066 1
63077 0
63092 1
63095 1
63106 1
63107 0
63120 0
63128 1
63149 1
63156 0
63163 0
63178 1
63186 0
63194 0
63209 1
63214 0
63244 0
63247 1
63256 0
63265 1
63267 1
63268 0
63283 0
63285 1
63294 0
63311 1
63320 0
63333 0
63348 1
63353 1
63362 0
63368 1
63370 1
63384 1
63399 0
63402 1
63404 1
63413 1
63414 0
63422 1
63436 1
63440 0
63448 0
63454 0
63456 0
63468 1
63483 1
63488 1
63503 1
63510 0
63521 1
63534 0
63535 0
63539 0
63546 0
63557 1
63563 1
63576 1
63585 0
63599 0
63610 1
63624 0
63631 0
63646 0
63652 0
63666 0
63668 0
63675 1
63676 0
63684 1
63687 1
63702 1
63714 0
63725 1
63728 1
63743 0
63754 1
63762 0
63763 1
63769 0
63781 1
63789 1
63791 0
63800 1
63802 0
63807 1
63829 0
63831 0
63834 0
63839 0
63851 1
63857 1
63861 1
63872 1
63885 1
63886 1
63889 1
63891 1
63893 1
63904 0
63916 0
63929 0
63932 1
63941 1
63955 0
63960 1
63973 0
63984 0
63990 0
63996 1
64007 1
64016 0
64019 1
64025 1
64039 0
64053 1
64065 1
64077 1
64090 1
64098 1
64103 0
64116 0
64125 1
64138 1
64142 1
64156 1
64165 1
64167 0
64171 1
64173 1
64182 0
64191 1
64206 0
64213 0
64222 0
64229 1
64236 1
64250 0
64264 0
64269 1
64272 1
64283 1
64285 1
64292 0
64297 1
64298 0
64309 0
64314 1
64321 0
64330 0
64333 1
64341 1
64349 0
64354 1
64367 0
64380 1
64395 1
64399 0
64406 0
64415 0
64421 1
64434 0
64438 0
64446 0
64449 1
64464 0
64472 1
64478 1
64484 0
64492 0
64507 0
64521 0
64529 1
64544 1
64550 1
64553 1
64561 1
64563 0
64577 1
64583 0
64585 1
64598 0
64604 1
64611 1
64626 0
64627 0
64635 0
64639 1
64640 0
64643 0
64648 0
64660 1
64672 0
64674 0
64680 0
64692 0
64704 0
64719 1
64723 0
64732 0
64744 0
64751 0
64758 0
64760 1
64773 1
64774 0
64787 1
64799 0
64810 1
64822 1
64829 1
64831 1
64834 1
64843 1
64850 0
64854 0
64865 0
64873 1
64878 1
64880 0
64882 0
64883 1
64896 0
64901 0
64907 0
64910 1
64912 0
64926 0
64935 0
64937 0
64939 1
64940 1
64949 1
64963 0
64972 0
64983 0
64986 1
64994 1
65007 0
65009 1
65023 0
65036 1
65045 1
65046 1
65054 1
65067 0
65080 1
65093 0
65099 0
65111 0
65112 0
65117 0
65120 1
65134 0
65145 0
65152 0
65164 0
65165 1
65178 0
65185 0
65198 0
65213 0
65222 0
65235 1
65249 0
65264 1
65276 0
65277 0
65284 0
65291 0
65303 0
65309 1
65322 1
65336 0
65348 0
65350 0
65355 1
65368 0
65379 0
65385 1
65398 1
65402 0
65409 1
65423 1
65432 0
65434 0
65441 1
65446 1
65450 1
65459 1
65474 1
65488 1
65491 1
65492 1
65504 1
65507 0
65518 1
65519 1
65528 0
65531 1
65542 0
65554 0
65557 1
65570 0
65585 1
65591 1
65593 1
65600 1
65608 1
65616 0
65637 0
65648 1
65649 0
65654 0
65660 0
65667 1
65681 0
65686 1
65699 0
65714 1
65721 1
65725 0
65732 0
65746 1
65759 1
65763 0
65772 0
65784 0
65786 1
65800 0
65816 0
65821 1
65835 0
65838 1
65849 0
65851 0
65864 1
65871 0
65883 0
65884 0
65898 1
65900 0
65902 0
65905 0
65914 0
65917 0
65923 1
65936 0
65948 1
65952 1
65967 1
65979 0
65992 1
66001 0
66007 0
66021 0
66023 0
66024 1
66039 0
66045 0
66059 1
66070 1
66073 0
66082 0
66089 0
66096 1
66104 0
66105 1
66119 0
66133 1
66137 1
66142 0
66151 1
66158 0
66164 1
66178 1
66189 1
66192 0
66203 1
66215 0
66234 1
66243 0
66257 1
66260 0
66269 0
66272 1
66283 0
66292 1
66303 1
66307 1
66308 0
66310 1
66316 1
66322 0
66337 0
66343 0
66352 1
66365 0
66376 1
66390 0
66396 1
66411 1
66417 0
66420 0
66434 1
66437 0
66449 0
66460 0
66474 0
66476 1
66483 0
66498 1
66507 1
66508 1
66510 0
66516 1
66517 0
66532 0
66534 0
66549 1
66563 1
66566 1
66580 1
66586 0
66593 0
66595 0
66597 1
66599 1
66601 0
66605 1
66613 0
66625 1
66632 1
66637 1
66645 1
66648 1
66657 1
66663 1
66671 1
66683 1
66689 1
66703 1
66705 0
66712 0
66724 1
66732 0
66741 0
66743 0
66749 1
66752 0
66754 0
66768 1
66775 0
66781 1
66784 1
66793 0
66796 1
66801 1
66807 1
66810 1
66817 1
66822 0
66833 0
66835 0
66838 1
66847 0
66856 1
66863 0
66868 1
66871 0
66874 0
66889 0
66902 1
66907 0
66920 1
66921 0
66926 1
66940 1
66944 1
66953 1
66962 0
66977 1
66978 0
66989 0
67003 0
67018 1
67022 0
67027 1
67029 1
67041 0
67054 1
67068 1
67072 0
67074 1
67086 0
67087 1
67091 0
67100 1
67112 1
67123 0
67125 1
67127 1
67136 1
67138 0
67143 1
67151 0
67155 1
67162 0
67171 1
67175 0
67179 0
67184 1
67186 1
67199 1
67207 0
67222 0
67226 1
67240 0
67253 0
67268 0
67276 0
67277 1
67288 0
67303 1
67312 1
67315 0
67327 1
67331 0
67342 0
67353 0
67367 0
67370 1
67373 0
67385 0
67391 1
67393 1
67405 1
67411 1
67427 0
67431 1
67440 0
67449 1
67452 0
67457 1
67460 1
67471 1
67474 0
67479 1
67482 0
67485 0
67492 1
67496 1
67497 1
67502 1
67514 1
67522 0
67536 0
67549 1
67556 1
67558 0
67561 0
67565 1
67574 1
67586 0
67601 0
67606 0
67613 1
67621 1
67632 1
67644 1
67646 1
67661 0
67668 0
67677 1
67679 0
67681 1
67692 0
67699 1
67706 1
67712 1
67713 1
67719 0
67724 1
67730 1
67736 0
67744 0
67748 1
67751 0
67762 0
67765 1
67766 0
67769 0
67773 1
67782 0
67787 1
67790 0
67799 1
67804 1
67811 1
67820 0
67824 0
67836 0
67841 0
67843 0
67847 0
67860 0
67871 0
67884 0
67887 0
67890 0
67898 0
67900 0
67909 1
67912 1
67914 0
67919 1
67934 0
67945 1
67957 1
67965 1
67979 0
67993 1
67998 0
68001 0
68015 1
68029 0
68040 1
68055 0
68062 1
68077 0
68090 1
68095 0
68103 1
68108 1
68116 1
68127 1
68135 0
68138 0
68151 0
68152 1
68157 0
68171 1
68174 1
68179 1
68183 0
68187 0
68198 0
68203 1
68204 1
68209 1
68212 0
68220 0
68231 1
68246 0
68255 1
68260 1
68266 0
68275 1
68279 0
68280 1
68287 1
68293 0
68300 0
68305 0
68313 1
68324 0
68331 1
68344 1
68359 0
68373 0
68384 1
68387 1
68396 1
68408 1
68409 0
68412 1
68418 1
68432 1
68446 1
68457 1
68463 1
68467 1
68469 1
68481 1
68495 0
68509 1
68513 1
68521 1
68530 0
68533 0
68546 0
68551 0
68556 0
68563 1
68577 0
68592 1
68596 0
68601 1
68603 1
68605 0
68608 1
68623 1
68637 1
68640 0
68643 0
68656 0
68665 0
68674 0
68675 1
68679 0
68691 1
68692 0
68696 0
68703 1
68708 1
68720 1
68728 0
68729 0
68737 0
68751 0
68753 0
68756 0
68760 0
68766 0
68769 1
68782 1
68785 1
68792 1
68799 0
68804 0
68811 1
68825 0
68840 0
68845 1
68864 1
68872 0
68876 1
68878 1
68881 0
68893 0
68902 0
68909 1
68910 0
68922 0
68937 1
68938 0
68944 0
68953 1
68967 1
68980 0
68991 1
68998 1
69009 0
69024 1
69027 0
69039 1
69052 1
69057 0
69063 1
69066 0
69071 0
69085 1
69092 1
69096 0
69109 1
69120 1
69132 0
69143 1
69152 1
69155 0
69160 0
69166 0
69177 1
69185 0
69194 0
69200 0
69212 1
69220 0
69244 0
69249 0
69260 1
69263 0
69275 1
69282 1
69291 1
69294 0
69298 1
69303 0
69324 0
69330 0
69335 1
69349 1
69357 0
69371 1
69379 0
69387 0
69393 1
69410 1
69413 1
69428 0
69430 1
69436 1
69449 0
69455 0
69467 1
69476 0
69480 0
69482 0
69493 1
69507 1
69522 0
69529 1
69540 0
69543 1
69547 1
69566 1
69569 0
69570 0
69584 1
69587 0
69598 1
69612 1
69621 0
69626 1
69627 1
69641 0
69655 0
69667 1
69674 1
69682 1
69691 0
69693 1
69698 0
69705 1
69727 0
69733 1
69741 0
69754 1
69761 0
69766 1
69779 0
69793 0
69802 0
69809 0
69815 1
69822 1
69831 0
69844 1
69845 1
69859 1
69860 0
69865 0
69874 0
69877 0
69881 0
69887 1
69898 1
69912 0
69918 0
69930 0
69944 1
69945 1
69949 0
69957 1
69964 0
69972 0
69979 0
69980 1
69995 0
70006 1
70014 1
70019 1
70031 0
70036 0
70045 1
70052 1
70063 1
70071 1
70075 0
70090 0
70099 1
70101 0
70115 0
70126 0
70141 1
70146 1
70152 0
70161 1
70173 0
70181 0
70185 1
70196 0
70202 1
70217 1
70220 0
70228 0
70236 0
70251 0
70255 0
70264 1
70279 0
70288 1
70297 1
70299 1
70307 1
70320 0
70324 0
70331 1
70336 1
70351 1
70356 1
70361 0
70364 0
70372 1
70387 1
70394 0
70403 1
70410 1
70411 0
70416 0
70427 0
70433 0
70446 1
70455 0
70468 0
70479 0
70494 1
70503 0
70515 0
70526 1
70541 1
70555 0
70557 0
70562 1
70575 1
70589 1
70595 0
70597 1
70601 0
70610 1
70613 1
70614 0
70616 1
70619 0
70628 1
70633 0
70648 0
70660 1
70672 0
70684 1
70690 1
70696 1
70705 0
70714 1
70727 1
70733 1
70736 0
70739 1
70741 1
70748 1
70763 1
70771 0
70774 0
70780 1
70786 0
70801 0
70813 0
70815 1
70826 1
70828 0
70834 1
70843 1
70844 1
70848 1
70850 1
70853 1
70857 1
70862 1
70874 1
70885 0
70907 0
70919 0
70924 0
70938 0
70950 1
70954 1
70955 0
70968 0
70977 0
70986 1
70989 0
71001 0
71009 1
71022 1
71027 0
71031 0
71043 1
71045 1
71060 0
71068 1
71081 1
71094 1
71100 0
71103 1
71106 1
71117 1
71123 0
71126 1
71130 0
71144 1
71148 0
71157 0
71168 1
71171 0
71185 0
71197 1
71198 1
71202 0
71213 1
71215 0
71227 0
71239 0
71248 0
71259 1
71264 0
71277 0
71288 1
71300 1
71312 1
71316 0
71331 0
71343 0
71344 0
71359 0
71360 1
71371 1
71378 0
71382 1
71395 0
71408 1
71422 0
71424 0
71435 0
71448 1
71451 1
71462 0
71475 1
71480 0
71488 1
71499 0
71506 1
71520 1
71533 0
71539 1
71551 0
71560 0
71566 0
71573 0
71579 1
71591 1
71596 0
71600 1
71602 1
71617 1
71618 1
71630 1
71633 1
71639 1
71653 0
71657 0
71663 1
71669 1
71682 0
71695 0
71704 1
71709 0
71717 0
71724 1
71725 0
71728 1
71739 0
71742 1
71750 1
71751 1
71754 0
71768 1
71774 1
71775 1
71786 0
71793 1
71800 0
71813 1
71815 0
71817 1
71830 1
71837 1
71843 1
71858 1
71869 1
71882 0
71889 1
71898 1
71907 0
71911 1
71915 0
71922 1
71929 1
71944 0
71950 1
71952 0
71959 0
71973 0
71986 1
71992 1
72004 0
72007 0
72015 1
72019 0
72033 0
72042 0
72047 0
72060 1
72063 0
72077 1
72091 1
72092 0
72094 1
72101 1
72110 1
72117 0
72128 0
72133 1
72137 0
72146 0
72149 1
72163 0
72171 1
72194 1
72202 1
72216 0
72220 1
72224 1
72232 0
72241 1
72254 0
72263 1
72274 0
72277 1
72282 0
72296 0
72301 1
72302 1
72311 0
72325 1
72334 0
72348 1
72355 1
72361 0
72363 0
72378 1
72389 1
72397 0
72403 1
72408 0
72419 0
72431 1
72444 0
72447 0
72456 1
72471 0
72478 1
72487 0
72489 1
72504 0
72519 0
72521 0
72524 0
72539 0
72546 0
72559 1
72571 0
72584 0
72587 0
72596 0
72600 0
72609 0
72612 0
72619 0
72624 0
72638 1
72647 1
72652 0
72653 0
72666 1
72681 0
72683 1
72689 0
72694 0
72699 1
72703 1
72715 1
72724 1
72725 1
72739 1
72747 1
72754 0
72758 0
72770 1
72782 0
72794 0
72809 1
72812 0
72825 1
72832 1
72835 0
72846 1
72859 0
72860 1
72868 0
72877 1
72891 1
72892 0
72900 0
72915 0
72923 0
72925 0
72936 1
72939 0
72942 0
72968 1
72969 1
72972 0
72976 0
72983 1
72991 0
73000 0
73002 0
73011 0
73017 0
73019 0
73022 1
73031 0
73042 1
73047 0
73049 1
73063 1
73068 1
73069 1
73077 1
73084 1
73098 1
73102 0
73117 1
73122 0
73123 1
73128 0
73135 1
73148 1
73154 0
73157 1
73158 0
73165 0
73169 0
73177 1
73186 1
73194 0
73203 1
73209 1
73222 0
73233 1
73237 1
73241 0
73256 1
73269 1
73273 1
73277 1
73290 1
73294 0
73295 1
73296 0
73300 0
73306 0
73308 1
73311 1
73313 0
73328 1
73339 0
73348 0
73362 0
73367 1
73378 1
73391 1
73393 1
73405 0
73411 0
73416 1
73430 1
73437 1
73449 1
73453 0
73455 0
73470 0
73482 0
73490 1
73505 1
73518 1
73526 0
73539 1
73553 1
73557 0
73566 0
73570 1
73575 1
73579 0
73581 0
73583 0
73588 1
73589 1
73598 1
73613 0
73621 1
73636 0
73643 0
73649 0
73658 0
73673 1
73687 0
73689 1
73704 0
73718 1
73720 0
73726 0
73735 0
73747 1
73753 0
73760 0
73771 0
73775 1
73790 0
73804 1
73819 0
73834 0
73839 0
73852 0
73856 0
73857 0
73862 1
73868 0
73883 1
73894 1
73898 1
73910 0
73918 0
73924 1
73937 1
73942 1
73951 1
73953 1
73954 0
73961 1
73963 0
73972 0
73983 1
73996 1
74011 1
74016 1
74017 1
74021 1
74033 0
74034 0
74042 0
74048 1
74074 1
74085 0
74090 0
74102 1
74117 0
74128 0
74141 0
74145 0
74158 1
74171 0
74174 0
74188 1
74189 1
74193 0
74205 1
74214 1
74217 0
74223 1
74236 0
74249 0
74262 0
74275 1
74284 0
74293 1
74297 1
74309 1
74313 0
74318 1
74330 1
74336 1
74343 1
74356 0
74365 1
74373 0
74374 0
74381 1
74385 1
74393 0
74407 0
74416 1
74418 1
74432 1
74437 0
74446 0
74450 0
74461 1
74474 1
74485 0
74492 0
74496 0
74500 0
74512 1
74523 0
74531 1
74546 1
74560 0
74574 1
74589 1
74590 1
74593 0
74595 1
74601 1
74605 1
74620 0
74622 1
74634 0
74643 1
74651 0
74658 1
74659 0
74661 0
74664 1
74668 0
74670 0
74672 0
74687 0
74698 1
74699 1
74708 0
74714 0
74720 0
74722 0
74728 0
74730 1
74741 0
74742 1
74750 1
74754 1
74756 0
74762 0
74767 0
74778 1
74782 0
74790 1
74796 1
74797 0
74804 1
74806 0
74811 0
74817 0
74822 1
74840 0
74842 0
74856 1
74861 1
74867 1
74872 0
74874 1
74883 0
74887 1
74899 0
74908 1
74911 1
74917 1
74919 1
74924 1
74930 0
74938 1
74939 0
74954 0
74966 0
74981 1
74984 0
74987 1
74998 0
75009 1
75017 1
75026 0
75028 0
75043 0
75049 1
75061 0
75064 0
75075 0
75090 1
75097 0
75103 1
75105 1
75109 1
75118 1
75133 0
75144 1
75146 0
75147 0
75160 0
75173 0
75178 1
75189 1
75198 1
75213 1
75218 1
75223 0
75231 1
75243 1
75248 1
75262 0
75270 0
75274 1
75279 0
75291 0
75293 0
75304 1
75317 1
75332 0
75343 1
75352 0
75355 1
75361 1
75367 1
75375 0
75383 1
75388 1
75397 0
75400 1
75411 0
75416 1
75431 0
75437 0
75440 1
75449 0
75461 0
75473 1
75475 0
75479 1
75493 1
75495 1
75496 0
75498 1
75509 1
75512 1
75516 1
75518 1
75529 1
75530 1
75532 1
75539 1
75544 0
75551 1
75555 0
75558 1
75561 1
75574 0
75586 1
75601 0
75606 0
75615 0
75630 0
75638 1
75645 0
75652 1
75656 0
75657 1
75669 0
75681 1
75709 1
75722 1
75729 0
75737 0
75745 1
75754 0
75762 1
75776 1
75788 1
75800 1
75811 0
75813 0
75826 1
75840 0
75849 1
75863 0
75865 0
75874 0
75889 1
75891 0
75895 0
75904 0
75906 1
75908 0
75919 1
75924 0
75926 1
75935 0
75939 0
75941 0
75955 1
75956 0
75968 0
75971 1
75972 0
75987 0
75998 0
76009 1
76023 1
76037 1
76040 1
76049 1
76050 0
76051 1
76054 1
76066 1
76075 0
76077 0
76092 1
76095 0
76109 0
76113 0
76121 1
76125 1
76130 1
76134 1
76149 0
76153 1
76158 0
76171 0
76180 1
76182 1
76185 1
76199 0
76206 1
76218 1
76220 1
76222 1
76225 0
76228 0
76240 0
76252 0
76263 0
76271 1
76295 0
76302 1
76304 0
76309 0
76323 1
76328 0
76334 0
76340 0
76348 1
76366 0
76380 0
76386 1
76394 0
76403 0
76416 0
76427 0
76428 0
76436 1
76444 0
76447 1
76455 1
76470 0
76481 1
76482 1
76487 0
76508 0
76517 1
76526 0
76541 0
76553 1
76564 0
76577 0
76578 1
76585 0
76594 1
76607 1
76618 1
76626 1
76628 1
76630 1
76643 1
76648 1
76652 0
76656 0
76671 0
76676 0
76678 1
76687 0
76699 0
76707 1
76721 1
76722 1
76728 1
76732 0
76733 1
76735 1
76746 1
76761 1
76773 1
76784 0
76798 1
76811 0
76812 1
76820 1
76824 1
76829 0
76858 0
76861 0
76867 1
76878 1
76884 0
76893 0
76905 1
76906 0
76912 0
76919 0
76928 1
76933 0
76953 1
76961 0
76975 0
76986 1
76997 1
76999 0
77006 0
77009 1
77014 1
77035 1
77039 0
77051 0
77060 0
77068 1
77074 1
77075 1
77081 1
77089 1
77097 1
77101 0
77114 1
77123 0
77129 1
77136 1
77141 0
77144 1
77158 1
77173 1
77181 0
77182 1
77186 1
77190 1
77198 0
77199 1
77212 0
77225 0
77228 1
77232 0
77244 1
77246 0
77261 0
77270 1
77272 0
77276 1
77281 0
77284 0
77288 1
77292 1
77307 0
77308 0
77317 1
77331 0
77346 1
77349 0
77364 1
77375 1
77384 0
77398 1
77411 0
77413 0
77422 0
77429 1
77437 0
77446 1
77448 1
77468 1
77472 0
77480 0
77482 1
77493 1
77494 0
77501 1
77509 0
77518 1
77524 1
77525 1
77527 0
77542 1
77543 0
77544 1
77556 0
77559 1
77567 0
77572 0
77583 0
77594 0
77595 1
77606 0
77609 0
77612 1
77616 0
77617 0
77631 0
77644 1
77646 0
77650 1
77659 1
77662 1
77676 0
77677 0
77681 0
77688 1
77695 0
77703 0
77708 0
77720 0
77728 0
77734 1
77736 0
77743 1
77754 0
77763 0
77771 1
77790 1
77804 0
77817 0
77830 1
77833 1
77846 1
77849 0
77855 0
77870 1
77875 0
77877 1
77888 1
77894 0
77896 0
77908 1
77920 1
77928 1
77937 1
77943 0
77950 0
77958 0
77965 1
77989 1
77996 0
78007 1
78013 1
78020 0
78022 0
78027 0
78032 0
78046 0
78061 1
78067 1
78071 0
78084 0
78091 0
78104 1
78105 0
78108 0
78121 0
78123 0
78134 1
78149 0
78157 1
78182 1
78196 0
78211 0
78216 1
78230 1
78236 1
78245 0
78252 1
78260 1
78262 1
78274 1
78279 1
78292 1
78294 1
78307 0
78313 0
78325 0
78333 1
78348 1
78352 1
78353 0
78358 1
78366 1
78377 0
78382 0
78389 0
78400 0
78403 0
78412 1
78421 1
78430 0
78445 0
78448 0
78460 1
78461 0
78472 1
78483 1
78497 0
78498 0
78503 0
78514 0
78526 1
78532 1
78540 0
78549 1
78559 1
78563 0
78577 1
78592 1
78595 0
78609 1
78620 0
78621 1
78624 0
78637 0
78640 1
78644 0
78652 0
78664 0
78671 0
78676 0
78678 0
78679 1
78687 0
78700 1
78713 0
78718 0
78721 0
78735 1
78750 1
78751 1
78764 1
78778 0
78787 1
78799 1
78800 0
78808 1
78819 0
78824 0
78836 1
78840 0
78852 0
78866 1
78881 0
78884 1
78896 0
78900 1
78911 0
78922 1
