9784
2 0
6 1
18 1
23 0
29 1
31 1
45 1
54 1
68 1
82 1
84 0
90 0
105 0
116 0
128 1
132 1
133 0
147 0
162 1
170 0
184 1
188 1
197 0
206 1
221 0
226 1
232 1
247 0
262 0
264 1
265 1
269 1
281 0
295 0
306 0
310 1
324 1
328 1
343 1
358 1
361 0
363 0
372 0
378 0
384 0
398 1
409 0
422 1
434 0
446 1
457 1
471 1
484 0
491 0
497 1
499 1
503 0
506 0
527 0
529 0
537 0
540 1
554 0
562 1
565 1
566 1
579 1
586 1
597 0
605 0
607 1
609 0
610 0
619 1
621 1
630 1
634 0
643 1
647 0
650 1
654 1
658 1
664 0
672 0
676 0
685 1
699 1
711 0
724 1
733 1
746 0
754 0
759 1
773 1
776 0
790 0
805 1
812 1
814 0
825 1
838 0
851 0
857 0
863 1
876 0
882 0
891 0
904 1
911 0
913 1
918 1
932 1
943 1
947 0
950 0
955 1
962 0
973 0
976 0
989 1
990 1
1006 0
1014 1
1015 1
1030 0
1035 1
1036 0
1050 0
1063 1
1069 0
1084 1
1095 0
1110 0
1121 0
1124 1
1129 0
1142 0
1153 0
1160 1
1171 1
1186 0
1192 0
1197 1
1205 0
1218 0
1230 0
1237 1
1243 0
1251 0
1262 1
1269 0
1271 1
1286 1
1300 0
1303 1
1307 1
1314 1
1319 1
1327 0
1338 1
1343 0
1350 0
1359 0
1367 1
1376 0
1383 0
1391 0
1396 0
1399 0
1400 0
1415 0
1423 1
1437 1
1442 1
1445 1
1453 1
1456 0
1469 0
1478 1
1491 1
1498 1
1506 1
1514 1
1527 0
1540 1
1551 1
1555 0
1569 1
1580 0
1582 0
1586 0
1589 0
1602 0
1607 0
1621 1
1632 1
1633 0
1645 1
1647 1
1659 1
1668 0
1674 0
1679 0
1680 0
1691 1
1693 1
1694 1
1697 0
1702 0
1716 1
1724 0
1728 0
1737 1
1739 1
1748 0
1756 0
1770 0
1783 0
1797 0
1811 0
1819 1
1820 0
1823 1
1827 1
1833 1
1838 0
1844 1
1851 1
1858 1
1864 0
1870 1
1883 1
1897 1
1898 1
1907 0
1916 1
1923 1
1934 1
1948 1
1960 1
1973 1
1976 1
1978 0
1981 0
1987 1
1990 1
2002 1
2004 1
2016 0
2019 1
2022 0
2035 1
2041 1
2054 0
2060 0
2061 0
2065 1
2077 1
2078 0
2093 0
2097 1
2108 1
2117 1
2125 1
2137 1
2152 0
2155 0
2164 1
2177 0
2190 0
2202 0
2215 0
2227 0
2233 0
2240 0
2251 0
2260 1
2274 0
2285 0
2296 0
2301 0
2305 0
2312 0
2324 1
2339 1
2351 0
2363 0
2370 1
2378 1
2384 0
2392 0
2405 0
2420 1
2421 1
2434 0
2447 0
2448 1
2454 0
2463 1
2471 0
2472 0
2479 0
2491 0
2503 0
2515 1
2521 0
2528 1
2532 1
2536 0
2559 1
2562 1
2567 0
2571 1
2580 0
2585 0
2598 1
2605 1
2613 0
2618 1
2631 1
2640 1
2644 1
2646 1
2660 0
2675 1
2689 1
2701 1
2704 1
2705 1
2709 1
2723 1
2732 0
2745 1
2751 1
2759 1
2770 1
2774 0
2785 0
2798 1
2811 0
2823 1
2834 0
2847 1
2859 0
2864 1
2877 0
2886 1
2898 1
2905 0
2920 1
2928 1
2943 0
2945 0
2948 0
2961 1
2976 0
2987 0
2998 1
3007 1
3016 1
3025 1
3039 0
3042 0
3044 1
3047 0
3048 1
3056 1
3062 0
3069 1
3075 0
3090 1
3097 0
3101 0
3103 1
3106 0
3115 0
3124 1
3128 1
3136 1
3141 0
3142 1
3149 0
3156 0
3162 0
3171 0
3183 0
3196 1
3198 1
3205 1
3214 0
3216 0
3227 1
3236 0
3240 0
3243 1
3244 0
3247 1
3260 0
3265 0
3270 0
3276 1
3292 0
3307 0
3320 0
3323 0
3335 0
3340 0
3354 0
3356 0
3365 1
3370 1
3371 0
3379 1
3393 1
3396 1
3405 0
3415 0
3423 1
3426 1
3429 0
3435 0
3450 1
3453 1
3457 0
3471 0
3483 0
3490 1
3505 1
3506 1
3511 1
3522 0
3537 1
3538 0
3544 1
3552 0
3561 0
3573 1
3574 1
3576 1
3585 1
3587 0
3594 0
3603 1
3607 0
3622 1
3636 1
3648 1
3653 0
3657 1
3671 1
3682 0
3695 0
3704 0
3717 1
3731 0
3746 1
3748 0
3750 1
3762 0
3773 0
3781 0
3783 0
3784 1
3789 0
3800 1
3807 1
3816 0
3828 0
3836 0
3841 0
3849 1
3860 0
3874 1
3879 0
3890 1
3892 1
3907 1
3908 0
3922 0
3936 0
3943 0
3945 1
3952 1
3956 0
3971 1
3984 1
3991 1
3994 1
3998 1
4013 0
4022 1
4026 1
4029 1
4036 1
4039 0
4043 1
4052 0
4061 0
4066 1
4079 1
4091 0
4092 0
4106 1
4115 1
4126 1
4130 1
4131 1
4146 0
4154 1
4157 0
4170 1
4188 1
4196 0
4211 0
4212 1
4215 1
4223 1
4224 1
4238 0
4253 1
4258 1
4270 1
4275 0
4288 1
4296 1
4310 1
4324 0
4329 1
4355 0
4368 0
4374 1
4380 1
4393 1
4406 1
4412 0
4417 0
4429 0
4441 0
4452 0
4457 0
4459 0
4460 0
4462 1
4467 1
4479 1
4491 1
4506 0
4514 0
4528 1
4537 0
4540 1
4554 1
4556 1
4558 0
4567 1
4578 0
4581 1
4584 0
4585 1
4586 1
4591 1
4599 0
4603 0
4611 1
4612 1
4615 1
4623 1
4627 1
4631 1
4637 1
4650 0
4656 0
4670 1
4676 1
4685 1
4700 0
4705 0
4710 0
4712 0
4725 0
4726 1
4727 1
4728 1
4743 0
4744 1
4746 1
4749 1
4758 1
4773 1
4780 1
4782 1
4793 0
4802 0
4807 0
4811 0
4817 0
4826 0
4840 1
4846 1
4860 0
4861 1
4872 0
4878 0
4889 1
4892 1
4895 1
4897 1
4909 0
4918 1
4931 1
4939 1
4952 1
4966 1
4970 0
4984 1
4991 0
4999 1
5012 0
5019 1
5031 0
5045 1
5058 1
5073 0
5080 0
5081 1
5094 0
5106 0
5112 1
5120 1
5133 1
5138 1
5141 0
5142 1
5156 1
5160 1
5169 1
5181 0
5192 0
5207 1
5211 0
5222 0
5233 0
5237 0
5239 1
5248 1
5255 1
5258 0
5261 1
5262 1
5263 0
5271 0
5274 0
5286 1
5301 0
5314 0
5317 1
5320 1
5322 0
5335 0
5337 0
5349 0
5363 0
5366 0
5377 1
5378 0
5384 1
5387 1
5399 1
5403 0
5406 1
5419 0
5421 1
5425 1
5428 1
5436 1
5448 1
5461 0
5483 1
5491 1
5500 1
5506 1
5511 1
5520 1
5522 1
5536 0
5545 0
5559 1
5562 1
5576 1
5580 0
5594 1
5603 0
5609 0
5613 1
5622 0
5628 0
5635 0
5637 0
5639 1
5641 1
5656 0
5661 1
5668 1
5682 0
5684 1
5690 1
5693 1
5704 1
5709 0
5722 0
5735 1
5743 0
5756 1
5761 1
5770 1
5784 1
5795 0
5798 1
5811 1
5823 1
5824 0
5838 1
5840 0
5844 1
5853 1
5867 0
5876 1
5884 1
5887 0
5895 1
5902 1
5911 1
5923 1
5930 0
5939 0
5948 1
5963 1
5969 0
5971 0
5976 1
5991 1
5998 0
6002 1
6014 1
6020 0
6022 1
6031 1
6044 0
6057 1
6066 0
6068 0
6073 0
6079 0
6080 0
6092 0
6093 1
6106 1
6107 0
6121 1
6134 1
6142 1
6145 1
6151 1
6163 0
6165 1
6179 1
6180 1
6192 1
6195 0
6196 1
6199 0
6202 0
6207 0
6214 0
6227 1
6235 1
6250 1
6258 1
6262 1
6275 0
6288 0
6303 1
6307 1
6309 0
6315 1
6317 0
6332 0
6337 0
6345 0
6347 0
6351 1
6363 0
6374 0
6386 0
6397 0
6398 1
6406 0
6413 0
6418 1
6446 0
6457 1
6461 1
6473 0
6486 1
6491 1
6497 0
6502 0
6510 0
6524 0
6526 1
6541 0
6546 1
6547 1
6562 1
6576 1
6577 0
6579 1
6585 0
6594 1
6605 0
6613 1
6614 0
6618 0
6622 0
6631 1
6633 1
6637 1
6640 0
6644 1
6649 0
6657 1
6660 1
6679 0
6691 1
6700 1
6706 1
6709 1
6717 0
6725 0
6739 1
6748 1
6760 1
6762 1
6767 0
6771 0
6777 1
6796 0
6800 0
6804 0
6806 0
6808 1
6809 0
6822 0
6830 0
6845 0
6854 0
6862 0
6874 0
6882 0
6896 0
6898 1
6905 1
6917 1
6932 1
6937 1
6945 1
6960 0
6969 1
6982 1
6993 0
7005 1
7006 0
7014 1
7018 0
7026 0
7029 0
7034 0
7038 0
7044 1
7049 0
7057 1
7060 1
7074 0
7083 1
7097 0
7098 1
7109 1
7111 0
7117 0
7132 0
7140 1
7149 1
7155 1
7170 0
7176 1
7182 0
7188 0
7189 0
7208 0
7222 1
7235 1
7249 0
7261 0
7276 0
7280 1
7291 1
7296 0
7308 1
7313 1
7327 0
7333 0
7348 0
7349 1
7362 1
7364 1
7372 0
7387 0
7395 0
7407 1
7419 1
7420 0
7423 1
7437 0
7451 0
7457 0
7471 1
7482 0
7496 0
7510 1
7515 1
7521 1
7534 0
7537 0
7552 1
7558 0
7569 1
7583 0
7586 0
7587 0
7595 0
7609 1
7618 0
7620 0
7631 0
7635 1
7637 0
7638 1
7644 1
7645 1
7658 0
7671 1
7686 0
7690 1
7697 0
7702 1
7705 1
7711 1
7719 0
7727 1
7733 0
7748 0
7756 1
7760 0
7774 0
7785 0
7792 1
7794 0
7796 1
7810 0
7823 1
7827 0
7841 1
7849 0
7861 1
7868 1
7875 1
7877 0
7878 0
7879 0
7887 0
7896 0
7909 1
7921 0
7934 1
7939 1
7954 0
7959 0
7962 0
7976 0
7982 1
7989 1
8004 1
8013 0
8028 1
8032 1
8045 0
8057 1
8072 0
8081 1
8083 0
8087 0
8111 1
8119 0
8127 1
8130 0
8138 0
8139 0
8151 0
8158 0
8178 1
8192 1
8203 1
8212 1
8214 1
8218 0
8226 1
8243 1
8255 0
8257 1
8266 1
8269 0
8272 0
8279 0
8282 1
8291 0
8306 0
8318 1
8324 0
8332 1
8341 0
8349 1
8357 1
8362 1
8374 0
8388 1
8390 0
8391 0
8395 0
8401 0
8407 1
8419 0
8433 0
8439 1
8441 0
8452 0
8453 0
8454 1
8469 1
8483 1
8495 0
8498 1
8501 0
8503 0
8512 1
8525 0
8534 0
8538 0
8543 1
8564 1
8566 0
8580 0
8583 1
8589 0
8597 0
8602 0
8608 0
8617 1
8629 0
8642 1
8643 1
8655 1
8668 0
8683 1
8698 1
8702 1
8707 1
8708 0
8713 0
8715 1
8719 1
8733 1
8735 1
8743 0
8746 0
8750 1
8752 1
8754 1
8765 1
8778 1
8781 1
8783 0
8788 0
8816 0
8820 0
8833 1
8834 0
8837 0
8841 1
8845 0
8856 1
8863 0
8870 0
8877 1
8886 1
8892 1
8907 0
8914 0
8918 1
8925 1
8938 1
8942 1
8950 1
8961 0
8962 0
8967 0
8979 1
8986 0
9000 0
9001 1
9015 1
9019 0
9026 0
9028 1
9029 1
9035 0
9049 1
9051 0
9052 1
9067 1
9080 1
9095 1
9098 1
9103 0
9109 0
9111 1
9115 1
9130 0
9135 0
9146 1
9148 0
9163 0
9166 1
9175 0
9189 1
9194 0
9205 1
9217 1
9232 0
9236 1
9240 1
9244 1
9248 0
9261 1
9270 0
9279 1
9288 1
9292 0
9307 1
9310 0
9316 0
9327 1
9331 0
9340 0
9351 1
9353 0
9355 0
9369 1
9375 0
9389 0
9397 1
9405 1
9418 1
9423 1
9435 1
9449 0
9453 1
9466 1
9469 1
9480 1
9491 0
9495 1
9502 1
9503 1
9506 1
9510 0
9512 1
9519 1
9525 0
9526 0
9531 1
9534 0
9542 1
9556 0
9561 1
9564 1
9568 1
9577 1
9582 1
9588 0
9603 0
9611 1
9615 0
9617 0
9626 1
9634 0
9638 1
9651 0
9666 1
9672 0
9679 0
9680 0
9692 1
9699 0
9704 0
9708 1
9715 1
9727 1
9732 1
9739 0
9765 1
9777 0
9779 1
9780 0
9793 0
9794 0
9801 0
9816 1
9831 0
9835 0
9838 1
9849 0
9850 1
9857 0
9864 0
9868 1
9875 1
9876 0
9884 0
9892 1
9900 1
9902 0
9915 0
9923 0
9924 1
9928 0
9933 0
9936 0
9942 1
9954 0
9959 0
9963 1
9976 1
9978 1
9993 1
9995 0
10002 0
10004 1
10015 1
10023 0
10036 1
10049 1
10053 1
10059 1
10060 1
10069 1
10074 1
10075 1
10087 0
10099 0
10107 1
10122 1
10135 1
10143 0
10163 0
10169 0
10171 0
10180 0
10181 0
10192 0
10194 1
10208 0
10220 0
10227 1
10251 0
10257 0
10262 1
10271 0
10278 0
10286 1
10291 0
10304 0
10319 0
10330 0
10335 1
10348 1
10355 1
10361 1
10375 0
10383 1
10398 1
10403 1
10406 0
10407 1
10419 1
10424 1
10425 0
10432 0
10436 1
10440 1
10443 0
10444 0
10456 0
10470 0
10483 0
10485 0
10500 0
10501 0
10510 0
10517 0
10518 0
10521 0
10527 1
10534 0
10542 1
10553 0
10560 0
10568 0
10580 0
10581 0
10596 1
10604 1
10617 0
10629 0
10644 1
10646 0
10660 1
10668 0
10675 1
10682 0
10687 0
10700 1
10711 1
10714 0
10715 0
10729 1
10737 1
10741 0
10749 1
10755 0
10760 0
10775 0
10786 0
10793 0
10794 1
10801 1
10805 1
10819 0
10821 0
10824 0
10835 0
10848 1
10860 1
10863 0
10869 0
10873 1
10887 1
10901 1
10914 0
10919 0
10922 0
10933 1
10947 0
10958 0
10971 1
10973 0
10975 1
10977 1
10981 0
10982 0
10988 0
10992 1
10994 1
11003 0
11023 0
11031 1
11044 0
11053 0
11056 0
11070 1
11084 1
11087 1
11088 1
11089 1
11097 0
11118 1
11133 0
11140 1
11145 1
11148 1
11162 1
11167 0
11180 0
11191 1
11194 0
11203 0
11216 1
11230 0
11238 1
11241 0
11253 0
11264 1
11266 1
11271 1
11279 0
11288 0
11300 0
11307 1
11319 0
11333 1
11338 1
11343 0
11347 0
11362 1
11363 1
11371 1
11379 1
11388 0
11392 0
11397 1
11410 0
11414 0
11416 0
11417 0
11426 0
11431 0
11445 0
11453 0
11464 1
11469 1
11478 1
11480 0
11487 0
11496 0
11498 0
11510 1
11516 1
11518 0
11531 0
11534 1
11535 1
11543 1
11556 1
11561 1
11569 1
11577 0
11581 0
11594 0
11607 0
11609 0
11620 0
11628 1
11635 0
11642 1
11648 0
11653 0
11665 0
11681 1
11688 1
11690 0
11697 1
11710 0
11722 1
11734 1
11742 0
11748 0
11753 0
11758 0
11763 0
11770 1
11782 0
11797 1
11809 0
11813 1
11828 1
11833 1
11834 1
11849 0
11860 1
11866 1
11877 0
11878 1
11880 0
11882 1
11889 1
11907 1
11912 1
11918 1
11919 1
11923 0
11938 1
11945 0
11958 1
11973 0
11982 1
11995 1
11999 0
12014 1
12022 1
12030 1
12035 1
12046 1
12057 1
12072 1
12080 0
12083 1
12087 0
12098 0
12109 0
12121 0
12133 0
12145 1
12151 0
12156 1
12157 0
12159 0
12172 1
12183 0
12189 1
12204 1
12210 0
12225 1
12231 1
12242 0
12244 0
12256 0
12258 1
12262 0
12273 0
12287 0
12291 0
12297 1
12310 0
12323 1
12331 1
12335 1
12348 0
12361 1
12363 1
12376 0
12387 0
12402 0
12410 1
12417 1
12424 0
12433 0
12444 1
12453 1
12459 1
12467 1
12479 1
12480 0
12482 1
12491 0
12514 0
12525 0
12533 0
12548 0
12562 1
12577 0
12578 0
12585 1
12591 0
12606 1
12620 0
12622 1
12633 1
12640 0
12641 0
12664 0
12679 0
12681 0
12688 1
12696 1
12710 1
12711 0
12716 0
12731 1
12732 1
12734 1
12749 0
12758 0
12762 1
12777 1
12792 0
12805 1
12812 1
12825 0
12826 1
12837 1
12842 1
12846 1
12855 1
12857 1
12866 1
12881 0
12890 1
12894 1
12909 0
12910 0
12914 1
12922 1
12931 0
12938 1
12940 0
12943 1
12949 0
12956 0
12964 1
12969 0
12984 1
12992 0
12993 1
12995 0
12997 0
13008 1
13010 1
13034 0
13041 0
13043 0
13047 1
13055 0
13059 1
13062 1
13074 1
13088 1
13096 1
13111 1
13117 0
13120 0
13124 1
13137 1
13140 1
13154 1
13157 1
13163 0
13168 1
13169 1
13181 0
13188 1
13192 0
13201 1
13206 0
13221 1
13227 1
13231 0
13243 0
13256 0
13263 0
13268 0
13273 0
13287 1
13293 0
13296 1
13309 0
13324 0
13327 1
13328 1
13335 0
13337 1
13344 1
13359 0
13374 1
13378 1
13390 0
13402 0
13403 1
13414 0
13425 1
13438 1
13445 1
13451 0
13452 1
13457 1
13471 0
13484 1
13485 0
13496 0
13501 0
13504 0
13507 1
13513 0
13522 0
13531 1
13544 0
13546 1
13555 1
13567 1
13573 0
13575 0
13578 1
13581 1
13590 0
13603 1
13608 0
13615 1
13622 1
13625 0
13634 1
13639 0
13643 0
13650 0
13663 0
13675 1
13682 1
13696 0
13710 0
13715 1
13722 1
13735 1
13736 1
13740 1
13748 0
13762 0
13769 0
13782 0
13785 0
13787 1
13794 1
13808 0
13810 0
13819 1
13828 1
13832 0
13833 1
13844 0
13855 1
13857 1
13863 1
13865 0
13876 0
13877 0
13891 0
13903 0
13914 0
13928 1
13943 1
13945 1
13960 0
13966 0
13967 1
13968 0
13969 0
13971 1
13973 0
13987 1
13989 0
13992 0
13998 1
14012 1
14017 0
14018 0
14020 1
14035 0
14040 1
14048 0
14062 1
14071 0
14097 1
14102 1
14116 1
14118 1
14127 1
14139 0
14146 0
14152 0
14161 0
14174 0
14188 0
14197 1
14203 1
14217 0
14231 0
14234 1
14247 0
14255 0
14262 1
14273 1
14275 0
14287 1
14302 1
14307 1
14312 0
14318 0
14326 1
14331 0
14344 1
14346 1
14352 0
14353 0
14357 1
14364 0
14376 1
14390 1
14399 1
14412 0
14415 1
14429 0
14454 1
14465 1
14469 1
14478 0
14487 1
14494 0
14501 0
14508 0
14510 1
14521 0
14530 1
14543 1
14555 1
14561 0
14567 0
14570 0
14576 0
14579 1
14584 1
14590 0
14605 0
14614 0
14626 1
14630 0
14643 1
14654 0
14667 1
14668 1
14680 1
14694 1
14708 1
14713 1
14728 1
14742 0
14755 1
14759 0
14761 1
14766 1
14773 1
14784 1
14786 1
14800 0
14811 0
14814 0
14816 0
14817 0
14828 0
14829 1
14837 1
14843 0
14861 0
14863 0
14867 0
14870 0
14882 0
14891 0
14896 1
14913 1
14928 1
14942 0
14950 1
14959 1
14968 0
14982 1
14994 1
15005 1
15020 0
15031 1
15036 1
15041 0
15053 0
15059 0
15070 0
15072 0
15086 1
15094 1
15102 1
15113 1
15116 1
15120 0
15134 0
15142 0
15143 1
15150 0
15154 1
15161 1
15172 0
15186 0
15197 1
15204 0
15212 0
15223 1
15225 1
15232 1
15243 1
15245 1
15247 1
15258 0
15270 1
15285 1
15291 0
15300 0
15301 0
15313 0
15328 0
15343 0
15355 0
15357 0
15369 0
15374 1
15377 1
15386 1
15394 1
15395 1
15402 1
15411 1
15419 0
15426 0
15439 0
15445 0
15460 1
15467 1
15472 1
15473 0
15474 1
15488 1
15490 1
15492 1
15500 1
15515 1
15517 0
15519 1
15525 1
15536 1
15539 0
15540 0
15555 1
15567 0
15575 0
15584 1
15591 1
15604 1
15617 0
15618 0
15622 1
15623 1
15632 1
15641 0
15645 0
15659 1
15665 1
15667 0
15669 1
15678 1
15689 1
15701 0
15705 1
15712 0
15721 1
15729 1
15733 1
15741 1
15752 0
15767 1
15771 0
15775 0
15788 1
15796 1
15798 0
15811 1
15817 1
15829 1
15837 0
15851 0
15866 0
15880 1
15884 0
15888 1
15902 0
15916 1
15923 1
15930 1
15931 1
15938 1
15940 0
15946 0
15947 1
15962 0
15975 1
15984 1
15990 1
16003 0
16010 0
16019 0
16023 0
16032 0
16045 1
16059 1
16068 1
16072 1
16076 0
16090 0
16095 0
16109 0
16121 0
16122 1
16125 0
16136 1
16150 0
16161 0
16176 0
16177 1
16185 1
16202 0
16204 0
16218 1
16227 1
16231 1
16235 1
16238 0
16241 0
16256 1
16263 0
16270 0
16275 0
16287 1
16301 1
16302 1
16309 0
16321 1
16335 0
16346 1
16359 1
16374 0
16388 1
16400 0
16409 1
16422 0
16423 0
16431 0
16438 1
16447 0
16459 1
16465 0
16467 0
16474 1
16480 0
16481 0
16494 1
16501 1
16512 0
16521 1
16526 0
16538 0
16547 0
16558 1
16569 1
16572 0
16574 1
16581 1
16583 0
16592 1
16599 0
16601 1
16603 1
16611 0
16626 1
16644 1
16657 1
16671 1
16676 1
16691 0
16695 1
16703 0
16709 1
16715 1
16722 0
16730 0
16731 1
16746 0
16749 1
16763 0
16774 0
16775 0
16778 1
16793 1
16802 1
16813 1
16819 1
16827 1
16832 0
16835 1
16840 1
16852 1
16863 1
16870 0
16877 0
16880 0
16894 1
16908 1
16914 1
16927 1
16934 0
16948 1
16949 0
16951 1
16965 1
16980 1
16982 1
16991 1
17003 0
17015 1
17017 0
17031 1
17043 0
17052 1
17079 1
17092 0
17098 1
17099 0
17110 1
17119 1
17124 0
17127 1
17135 0
17140 1
17144 1
17161 1
17164 1
17176 0
17178 1
17185 1
17187 0
17188 1
17199 1
17213 0
17215 0
17227 0
17234 1
17245 0
17264 0
17271 0
17276 1
17279 1
17294 1
17309 0
17318 1
17326 1
17332 0
17343 1
17348 1
17354 0
17359 0
17365 1
17366 0
17371 1
17378 1
17384 1
17395 0
17402 0
17408 0
17411 0
17416 0
17428 0
17441 1
17456 1
17469 0
17483 0
17497 1
17512 0
17513 1
17524 1
17530 1
17534 1
17543 1
17552 1
17555 1
17570 1
17573 0
17588 0
17600 1
17603 1
17615 1
17622 1
17627 1
17634 1
17636 1
17650 1
17655 0
17669 0
17676 1
17677 0
17680 0
17681 0
17682 0
17696 0
17700 1
17714 0
17721 1
17723 0
17736 0
17744 0
17750 1
17755 0
17771 0
17780 1
17784 1
17793 0
17795 1
17808 1
17816 0
17821 0
17826 0
17840 0
17852 0
17858 1
17859 1
17864 1
17879 1
17894 0
17908 1
17909 1
17915 0
17920 1
17931 0
17938 1
17952 0
17958 1
17963 1
17976 1
17979 1
17994 0
17997 1
18000 1
18019 1
18030 1
18039 0
18052 0
18060 0
18075 1
18084 0
18102 1
18109 1
18122 1
18133 1
18144 1
18151 0
18157 0
18165 0
18179 1
18192 1
18197 0
18213 1
18227 0
18239 1
18241 0
18255 0
18258 1
18263 0
18276 1
18288 1
18293 0
18299 1
18312 1
18319 1
18328 1
18332 0
18346 0
18361 1
18373 1
18385 1
18387 1
18389 0
18398 1
18409 0
18423 0
18435 1
18443 0
18444 1
18448 1
18455 0
18469 0
18484 1
18495 1
18504 1
18511 1
18526 1
18531 0
18543 0
18546 1
18560 0
18575 1
18578 1
18591 0
18599 1
18614 1
18618 1
18620 1
18634 0
18637 1
18639 0
18651 0
18657 0
18662 1
18670 0
18673 0
18676 1
18685 0
18689 0
18692 1
18696 0
18699 1
18714 1
18727 0
18733 0
18738 1
18739 0
18751 1
18757 1
18771 0
18780 0
18786 1
18787 0
18791 1
18794 1
18795 0
18807 1
18813 0
18816 1
18827 0
18834 1
18842 1
18854 0
18868 1
18872 1
18881 1
18888 1
18899 0
18903 0
18904 0
18906 0
18918 0
18926 0
18928 1
18935 1
18938 1
18947 0
18955 1
18960 1
18961 0
18967 1
18975 0
18986 0
18997 1
19003 1
19007 0
19010 1
19022 0
19027 0
19032 1
19039 1
19048 0
19052 0
19060 0
19061 0
19073 1
19085 1
19091 0
19094 0
19102 0
19105 0
19113 0
19119 0
19123 1
19132 1
19147 1
19159 0
19164 0
19175 0
19190 1
19202 0
19217 0
19221 1
19236 0
19248 1
19257 0
19272 0
19279 0
19283 0
19292 0
19298 1
19304 1
19319 0
19321 1
19330 1
19342 0
19354 1
19360 1
19371 0
19374 0
19375 0
19381 1
19383 1
19387 1
19398 0
19404 1
19409 0
19413 1
19417 1
19420 0
19433 1
19453 1
19461 0
19476 1
19483 1
19495 0
19508 0
19510 0
19518 0
19521 1
19529 1
19533 1
19546 1
19547 1
19551 0
19559 0
19561 1
19567 0
19576 0
19585 1
19588 1
19601 1
19606 0
19630 1
19643 0
19655 1
19670 1
19681 1
19690 0
19694 1
19709 1
19720 1
19728 0
19731 0
19738 0
19739 0
19747 1
19754 1
19761 0
19772 0
19783 0
19788 0
19796 0
19801 0
19814 1
19820 1
19828 1
19829 1
19838 1
19847 1
19862 1
19864 0
19871 0
19878 0
19893 0
19907 0
19922 0
19935 0
19949 1
19963 0
19972 0
19985 0
19991 0
19996 1
20007 1
20022 0
20036 0
20045 0
20060 1
20064 1
20079 0
20094 0
20098 1
20113 0
20118 1
20133 0
20139 1
20150 0
20162 0
20164 1
20169 1
20174 0
20190 0
20199 1
20201 0
20213 0
20224 1
20225 0
20232 1
20247 1
20251 0
20264 1
20266 0
20269 1
20282 1
20297 1
20304 1
20319 0
20330 1
20332 0
20345 0
20356 1
20367 0
20374 0
20383 1
20391 1
20403 1
20411 1
20415 1
20423 1
20424 0
20428 1
20442 0
20450 1
20458 1
20461 0
20466 1
20467 0
20470 0
20483 0
20495 1
20496 1
20499 0
20508 1
20517 0
20521 0
20528 1
20529 0
20542 0
20553 0
20568 0
20581 1
20584 1
20595 1
20600 1
20614 0
20618 1
20627 1
20629 1
20633 1
20648 1
20662 1
20676 0
20687 0
20689 0
20695 1
20700 1
20709 0
20717 1
20723 1
20736 0
20738 0
20739 1
20744 1
20763 0
20764 1
20767 0
20772 1
20784 1
20787 1
20792 0
20794 1
20807 1
20811 0
20815 1
20819 0
20824 1
20831 1
20835 0
20846 1
20849 0
20863 1
20878 1
20883 1
20896 0
20900 1
20915 1
20919 1
20930 1
20932 1
20936 0
20944 0
20948 1
20953 1
20967 1
20975 0
20982 0
20983 0
20987 0
20994 0
20997 1
21001 0
21015 1
21021 1
21032 0
21035 0
21047 0
21055 0
21063 0
21074 1
21078 0
21092 0
21105 1
21114 1
21119 0
21130 0
21144 1
21159 0
21164 0
21166 0
21167 1
21168 1
21174 0
21187 1
21189 1
21204 1
21217 1
21219 0
21221 0
21234 1
21235 0
21242 1
21257 0
21271 1
21284 1
21286 0
21298 1
21311 0
21316 0
21329 1
21344 0
21359 1
21360 0
21361 1
21365 1
21367 0
21371 1
21374 0
21378 0
21393 1
21406 1
21407 1
21416 1
21419 0
21420 0
21427 0
21430 1
21435 1
21449 0
21450 1
21462 0
21477 0
21482 0
21495 1
21509 0
21513 0
21527 0
21533 1
21542 1
21557 0
21558 0
21567 0
21578 1
21592 0
21595 0
21610 1
21616 1
21622 0
21623 1
21638 0
21650 0
21664 1
21666 1
21674 0
21679 1
21688 1
21694 0
21707 1
21722 1
21723 0
21731 0
21733 0
21742 1
21748 1
21761 0
21770 1
21782 0
21787 0
21788 0
21799 0
21805 1
21820 1
21823 1
21834 1
21849 1
21860 1
21874 1
21880 0
21888 1
21903 1
21908 0
21916 1
21921 0
21933 1
21936 1
21949 1
21963 1
21964 1
21975 0
21983 0
21984 0
21999 0
22014 0
22020 0
22024 0
22035 0
22040 1
22042 1
22046 0
22060 0
22063 1
22075 1
22079 1
22093 0
22101 1
22102 1
22128 0
22142 0
22149 0
22155 0
22160 0
22168 0
22180 1
22195 0
22208 1
22215 0
22229 1
22242 1
22246 0
22251 1
22257 1
22269 0
22282 1
22285 1
22286 0
22287 1
22298 0
22311 1
22312 1
22324 0
22339 0
22351 0
22353 0
22366 1
22373 1
22377 0
22382 0
22397 0
22408 0
22419 1
22431 0
22435 1
22442 1
22455 1
22458 0
22472 0
22478 0
22489 0
22496 0
22505 1
22518 1
22531 1
22544 1
22556 1
22571 1
22577 0
22582 0
22595 0
22610 0
22613 1
22622 0
22634 1
22643 1
22656 0
22657 1
22669 1
22671 0
22683 0
22688 1
22700 0
22701 0
22727 0
22732 0
22747 1
22754 1
22762 1
22763 1
22778 0
22789 0
22794 0
22798 0
22809 0
22811 0
22812 1
22817 1
22824 1
22836 0
22851 1
22852 0
22866 0
22877 1
22890 0
22903 0
22911 0
22917 0
22929 1
22941 1
22945 0
22947 0
22948 0
22960 1
22962 0
22975 1
22984 1
22985 0
22992 0
22996 1
23011 1
23019 1
23021 1
23028 0
23029 1
23040 0
23047 0
23054 1
23056 1
23058 1
23073 0
23078 0
23082 0
23085 1
23094 0
23108 1
23121 1
23122 0
23137 1
23152 0
23156 0
23159 0
23168 1
23170 0
23177 1
23186 1
23194 1
23205 1
23209 1
23212 0
23218 0
23226 0
23237 1
23251 0
23264 1
23279 1
23291 1
23293 0
23294 0
23308 0
23323 1
23325 1
23328 1
23340 1
23342 1
23344 0
23346 1
23360 1
23365 1
23369 1
23372 0
23377 0
23392 0
23400 0
23408 0
23410 0
23416 1
23425 0
23439 1
23442 0
23453 0
23461 1
23465 0
23469 1
23471 1
23483 1
23497 0
23509 0
23523 0
23526 1
23537 1
23539 0
23542 0
23550 1
23562 1
23564 1
23578 0
23585 1
23597 0
23603 0
23609 1
23614 0
23615 1
23629 0
23637 1
23661 1
23673 0
23687 1
23691 0
23700 1
23702 1
23709 0
23713 0
23722 0
23725 0
23726 0
23738 1
23747 0
23755 0
23767 0
23775 1
23779 1
23793 1
23805 0
23820 0
23827 0
23833 1
23848 0
23859 0
23872 1
23879 1
23880 0
23886 1
23893 0
23897 0
23908 0
23910 0
23921 0
23925 0
23937 1
23950 1
23965 1
23968 1
23971 0
23986 0
23988 1
23997 0
23999 1
24006 1
24011 1
24020 0
24035 0
24043 1
24056 1
24058 0
24060 1
24071 0
24086 1
24088 1
24093 0
24106 0
24119 1
24128 0
24130 1
24134 0
24142 1
24156 0
24160 0
24166 0
24179 1
24180 0
24186 1
24194 0
24200 1
24209 0
24217 1
24239 0
24246 0
24247 1
24262 0
24288 0
24289 0
24303 1
24317 1
24331 1
24346 0
24361 1
24364 1
24370 0
24372 0
24379 0
24386 0
24389 1
24404 1
24408 1
24413 0
24421 0
24426 0
24429 0
24436 1
24458 1
24471 0
24486 1
24494 1
24498 0
24499 0
24513 0
24521 0
24534 0
24535 1
24543 0
24548 1
24557 0
24562 1
24564 1
24579 1
24587 0
24596 0
24599 0
24612 1
24613 1
24617 1
24620 0
24632 0
24633 1
24639 0
24642 1
24657 1
24661 1
24665 0
24668 0
24674 0
24685 0
24692 0
24707 1
24711 1
24720 1
24721 1
24732 1
24736 1
24745 0
24747 1
24748 1
24760 1
24765 1
24773 0
24788 1
24799 1
24804 0
24816 0
24827 1
24841 0
24855 0
24862 0
24875 1
24889 0
24901 0
24909 0
24915 0
24930 1
24943 1
24948 1
24950 0
24954 1
24957 1
24964 0
24971 1
24978 1
24984 1
24995 1
25000 1
25014 0
25025 0
25038 0
25043 1
25047 1
25061 1
25066 1
25067 0
25082 1
25095 0
25110 1
25124 0
25129 1
25143 0
25151 1
25155 1
25161 1
25169 1
25170 0
25172 1
25181 0
25194 1
25200 1
25215 0
25228 0
25237 0
25250 1
25264 1
25270 1
25282 1
25289 1
25290 0
25294 1
25298 0
25311 0
25325 0
25339 1
25343 1
25352 0
25365 1
25374 0
25380 1
25397 0
25399 0
25405 0
25407 1
25410 0
25423 0
25437 0
25444 0
25455 0
25460 0
25468 0
25479 1
25484 1
25485 0
25491 1
25494 0
25498 1
25502 1
25510 1
25519 0
25522 1
25528 1
25532 1
25533 0
25535 1
25549 1
25551 0
25552 1
25555 1
25564 0
25568 1
25583 0
25595 0
25607 0
25609 0
25623 1
25637 1
25646 1
25651 0
25665 1
25672 0
25681 1
25688 0
25692 0
25697 0
25698 0
25704 1
25705 0
25712 1
25724 1
25737 0
25750 0
25762 0
25776 1
25788 0
25802 0
25813 1
25821 1
25827 1
25832 1
25840 0
25846 1
25847 0
25854 0
25861 0
25867 1
25872 0
25886 0
25897 1
25911 0
25916 1
25930 1
25931 0
25943 1
25955 0
25967 0
25973 0
25979 1
25982 0
25991 1
25996 1
25997 1
25999 0
26008 1
26011 0
26022 1
26025 1
26034 1
26041 0
26067 1
26068 0
26079 1
26086 1
26101 0
26105 1
26120 0
26128 0
26129 1
26137 0
26140 0
26147 1
26167 0
26173 1
26178 1
26184 1
26191 0
26197 1
26200 1
26208 1
26222 1
26227 1
26232 1
26246 0
26258 1
26267 0
26274 0
26279 0
26293 0
26307 1
26308 1
26311 0
26322 1
26337 1
26352 1
26359 1
26362 0
26366 0
26391 0
26398 1
26410 1
26416 1
26420 1
26425 1
26436 0
26439 0
26447 1
26450 1
26465 0
26469 0
26470 1
26477 0
26485 1
26488 0
26492 1
26503 0
26514 1
26527 0
26539 1
26545 1
26552 0
26572 1
26576 1
26583 1
26585 1
26600 1
26607 0
26616 1
26641 0
26655 0
26662 1
26664 0
26667 0
26671 0
26684 1
26688 1
26694 1
26698 1
26699 0
26704 0
26716 0
26731 0
26745 0
26757 1
26770 0
26775 1
26777 1
26791 1
26796 0
26812 0
26817 1
26823 1
26827 1
26842 1
26846 1
26859 1
26864 1
26873 0
26886 0
26887 0
26898 0
26901 1
26909 0
26910 1
26918 0
26925 1
26932 0
26937 1
26945 1
26959 0
26966 0
26968 1
26977 0
26990 1
27010 1
27019 1
27028 1
27039 0
27042 0
27043 0
27054 1
27060 0
27072 0
27073 0
27076 1
27082 1
27088 1
27102 0
27107 0
27113 1
27116 0
27121 1
27130 0
27143 0
27157 0
27158 0
27164 0
27168 0
27174 0
27179 0
27181 1
27186 1
27188 1
27194 0
27202 1
27207 0
27214 1
27226 1
27237 1
27251 0
27254 0
27257 1
27259 0
27263 0
27266 1
27279 0
27290 0
27297 1
27311 0
27315 1
27322 0
27328 1
27335 1
27338 0
27347 1
27358 1
27370 0
27381 0
27394 0
27409 1
27418 1
27430 0
27438 1
27445 0
27454 1
27465 0
27472 1
27479 1
27486 1
27500 1
27505 0
27514 0
27519 1
27520 1
27532 0
27533 0
27541 1
27545 1
27550 0
27563 0
27564 0
27569 1
27572 0
27576 1
27580 0
27581 1
27586 1
27613 1
27617 1
27628 0
27632 1
27634 0
27643 0
27651 0
27652 1
27659 1
27666 1
27680 0
27691 1
27692 1
27697 1
27703 1
27717 0
27725 1
27732 0
27745 0
27752 0
27755 1
27763 0
27770 1
27781 0
27793 0
27794 0
27795 0
27801 1
27807 0
27819 1
27832 0
27836 0
27840 0
27849 1
27853 0
27864 1
27872 1
27879 0
27880 1
27881 1
27887 1
27895 0
27901 1
27913 0
27928 0
27936 0
27945 0
27948 0
27954 0
27960 0
27962 1
27976 1
27979 0
27984 0
27988 1
27997 1
28008 0
28012 1
28024 1
28037 1
28042 1
28044 0
28046 0
28055 0
28061 0
28075 1
28078 1
28086 0
28093 0
28096 0
28104 0
28107 0
28108 1
28120 0
28131 1
28132 0
28145 1
28153 0
28156 1
28158 0
28169 0
28170 0
28185 0
28193 1
28194 1
28206 0
28213 0
28225 1
28227 0
28232 1
28243 1
28247 1
28261 1
28276 0
28290 1
28296 1
28308 0
28319 1
28334 0
28349 1
28364 1
28377 0
28378 0
28389 1
28397 1
28401 1
28403 0
28410 1
28425 1
28438 0
28439 0
28456 0
28461 0
28465 0
28468 1
28479 1
28492 1
28503 0
28509 0
28522 0
28527 1
28538 1
28550 1
28562 0
28566 0
28567 1
28571 0
28584 1
28592 0
28600 1
28613 1
28625 0
28627 0
28630 1
28635 0
28638 1
28642 1
28653 1
28660 0
28667 1
28668 1
28669 0
28682 1
28696 0
28699 1
28701 0
28712 1
28716 1
28728 0
28729 1
28742 0
28744 1
28751 0
28756 0
28760 0
28771 1
28784 0
28788 0
28791 1
28794 0
28802 0
28806 1
28820 1
28827 1
28830 1
28845 0
28852 0
28858 1
28861 1
28876 0
28888 1
28897 1
28901 1
28902 1
28910 0
28923 1
28936 0
28948 1
28960 0
28961 0
28964 1
28978 0
28987 0
28995 0
29010 0
29013 0
29026 0
29030 1
29035 1
29039 0
29054 1
29057 1
29072 1
29079 1
29086 1
29095 0
29097 0
29104 1
29111 1
29122 0
29136 0
29140 1
29151 1
29156 1
29164 1
29178 1
29190 0
29203 1
29211 0
29212 1
29219 1
29222 0
29227 0
29232 0
29236 0
29249 0
29262 0
29273 1
29288 1
29296 1
29305 1
29313 1
29321 0
29328 0
29336 1
29342 1
29351 1
29354 0
29357 0
29366 0
29374 0
29381 0
29389 1
29400 1
29412 1
29423 1
29425 1
29429 1
29431 1
29436 0
29437 1
29443 0
29448 1
29462 0
29471 0
29480 0
29486 0
29489 0
29498 0
29509 0
29522 1
29524 0
29526 1
29541 0
29545 1
29556 1
29565 1
29580 1
29585 1
29598 0
29607 1
29616 1
29628 0
29631 1
29635 1
29636 1
29651 0
29652 1
29657 1
29665 1
29670 0
29683 0
29685 1
29696 0
29709 1
29710 1
29724 0
29738 0
29739 1
29746 1
29751 1
29753 0
29768 1
29773 0
29784 0
29787 1
29795 1
29809 0
29812 1
29818 0
29821 0
29833 1
29845 0
29856 1
29860 1
29866 1
29878 0
29882 0
29893 0
29905 1
29916 1
29930 0
29939 1
29952 0
29960 0
29962 0
29963 0
29966 0
29972 1
29975 0
29989 0
29996 0
29999 1
30007 1
30020 1
30034 1
30037 0
30049 0
30052 1
30055 1
30056 1
30058 1
30062 0
30066 1
30067 1
30073 1
30084 0
30093 1
30108 1
30117 0
30121 1
30125 0
30129 0
30132 0
30147 0
30160 0
30169 0
30181 0
30182 0
30186 0
30197 0
30208 1
30212 1
30227 0
30232 1
30233 1
30235 1
30236 1
30240 1
30243 0
30255 1
30268 1
30271 1
30286 1
30287 1
30300 1
30302 0
30304 0
30305 0
30306 0
30308 1
30311 1
30312 0
30319 1
30333 0
30336 0
30339 1
30353 1
30356 1
30363 1
30370 0
30384 1
30395 1
30406 1
30408 0
30420 0
30434 1
30446 1
30461 1
30467 0
30484 0
30490 0
30505 1
30508 1
30522 0
30535 0
30546 0
30561 0
30576 0
30587 1
30598 0
30609 0
30623 1
30630 1
30632 0
30646 1
30655 1
30660 0
30662 0
30668 1
30676 0
30684 1
30695 0
30703 0
30709 0
30714 0
30720 1
30726 1
30727 1
30732 0
30745 1
30758 1
30771 1
30786 0
30799 0
30802 0
30813 1
30822 0
30836 0
30847 0
30854 0
30858 1
30869 0
30882 0
30889 1
30890 1
30894 1
30908 0
30914 1
30922 1
30926 1
30931 1
30937 1
30944 1
30947 1
30951 0
30953 1
30966 1
30968 1
30969 1
30982 0
30989 0
30996 0
31000 1
31014 1
31025 1
31029 0
31038 1
31050 0
31057 0
31071 0
31082 1
31085 1
31087 0
31098 0
31111 0
31113 0
31122 1
31137 1
31142 0
31153 1
31156 1
31169 1
31177 1
31191 0
31194 1
31202 0
31216 0
31225 1
31234 1
31245 1
31257 0
31266 1
31278 0
31281 0
31290 0
31291 0
31295 1
31310 0
31319 0
31322 0
31328 0
31330 1
31333 1
31340 0
31345 0
31370 0
31375 1
31382 0
31389 1
31398 0
31413 1
31415 1
31430 1
31434 1
31441 1
31455 0
31468 0
31469 1
31472 0
31478 0
31493 1
31508 0
31509 0
31524 1
31529 1
31534 1
31542 0
31545 0
31550 0
31563 0
31568 1
31580 0
31582 1
31591 1
31595 1
31598 1
31610 1
31619 1
31630 0
31632 1
31644 1
31653 1
31664 1
31665 0
31673 1
31684 1
31690 1
31699 1
31710 1
31723 0
31730 1
31734 0
31747 1
31758 1
31770 1
31777 1
31778 1
31784 0
31787 0
31795 1
31823 0
31836 1
31838 0
31850 1
31855 0
31862 0
31863 0
31866 0
31873 1
31880 1
31892 0
31896 0
31909 0
31915 1
31916 0
31931 1
31945 1
31956 0
31959 1
31974 0
31991 1
31995 1
31999 0
32006 0
32009 1
32018 1
32020 0
32023 0
32031 1
32032 1
32039 1
32043 1
32049 1
32056 1
32069 1
32083 0
32096 1
32099 1
32105 1
32109 0
32113 1
32127 0
32141 1
32149 1
32151 0
32156 0
32162 0
32176 1
32177 0
32184 0
32185 1
32186 0
32191 1
32203 0
32211 0
32214 1
32219 0
32234 1
32241 0
32250 1
32253 1
32262 1
32271 0
32277 1
32285 0
32289 1
32304 0
32313 0
32326 0
32332 0
32341 1
32346 0
32357 0
32359 1
32372 0
32384 1
32388 0
32400 0
32412 0
32413 0
32424 1
32437 0
32449 0
32462 1
32471 0
32488 1
32494 0
32499 0
32500 0
32503 1
32518 0
32524 1
32525 1
32533 0
32541 0
32545 0
32550 0
32553 0
32559 1
32565 0
32571 1
32584 1
32589 0
32600 1
32609 1
32613 1
32614 0
32625 1
32631 0
32632 0
32643 1
32649 0
32662 0
32673 0
32676 1
32689 1
32696 0
32707 1
32716 1
32720 1
32731 0
32744 0
32759 0
32771 1
32776 0
32780 1
32791 0
32798 1
32805 1
32811 1
32819 0
32830 0
32831 1
32838 1
32841 0
32854 0
32866 0
32873 0
32875 0
32883 0
32896 0
32904 1
32907 0
32911 0
32937 1
32939 0
32950 1
32952 1
32960 1
32969 0
32982 1
32983 0
32996 0
33001 1
33009 1
33017 1
33026 1
33037 1
33051 0
33066 0
33067 0
33073 0
33088 0
33093 1
33102 1
33117 0
33131 1
33136 0
33150 1
33162 0
33171 1
33186 1
33201 1
33212 0
33225 1
33239 1
33250 1
33257 0
33264 1
33268 1
33271 1
33284 0
33288 1
33300 1
33313 1
33322 0
33336 1
33347 0
33349 0
33362 0
33371 1
33373 1
33382 1
33385 0
33400 1
33408 0
33421 0
33429 0
33442 1
33450 1
33454 0
33467 1
33475 0
33482 0
33483 0
33491 0
33494 1
33509 1
33510 1
33511 1
33520 1
33535 1
33542 0
33546 1
33558 0
33569 0
33583 1
33595 0
33603 1
33614 1
33619 1
33631 0
33646 0
33660 0
33667 0
33676 1
33681 0
33692 0
33695 0
33710 0
33717 0
33728 1
33741 1
33744 1
33759 1
33762 1
33767 0
33771 0
33780 1
33786 0
33793 0
33805 1
33808 0
33814 1
33817 1
33825 1
33833 1
33840 1
33842 0
33851 1
33854 0
33860 1
33869 0
33880 1
33888 0
33897 1
33906 0
33912 0
33920 0
33927 1
33938 0
33941 0
33943 0
33957 0
33971 0
33974 0
33977 1
33986 1
33993 0
34004 1
34007 0
34020 0
34035 0
34047 0
34051 0
34065 1
34066 0
34080 0
34087 0
34090 0
34102 1
34107 1
34119 0
34126 1
34137 1
34140 0
34141 0
34154 0
34169 1
34175 1
34184 0
34192 1
34196 1
34207 0
34219 1
34226 1
34229 1
34237 1
34241 1
34249 0
34252 0
34259 0
34273 1
34274 1
34287 0
34292 0
34299 0
34300 1
34315 1
34323 0
34332 1
34344 0
34357 1
34363 1
34369 0
34380 1
34391 0
34400 0
34401 1
34402 0
34414 0
34429 0
34440 1
34455 1
34460 1
34464 1
34466 1
34479 0
34481 0
34488 1
34499 1
34514 0
34522 0
34523 0
34525 1
34530 0
34544 0
34557 0
34568 1
34582 0
34590 0
34598 1
34603 0
34618 1
34629 0
34634 1
34638 0
34643 0
34651 0
34657 0
34660 1
34662 1
34671 0
34685 0
34692 0
34695 1
34700 0
34709 1
34717 0
34721 0
34734 0
34746 1
34759 1
34772 1
34776 0
34778 1
34781 1
34794 0
34798 1
34809 1
34820 1
34821 0
34829 0
34844 1
34851 1
34866 0
34874 0
34877 1
34880 1
34893 0
34898 1
34906 1
34909 1
34912 0
34916 1
34925 1
34933 1
34947 1
34956 1
34964 1
34979 0
34982 1
34995 0
35003 0
35012 1
35019 1
35024 0
35031 1
35044 1
35059 0
35070 1
35075 1
35090 0
35093 0
35106 1
35110 0
35114 0
35129 1
35137 1
35140 1
35147 1
35150 1
35156 1
35158 0
35159 1
35172 0
35176 1
35185 1
35200 0
35212 1
35214 0
35215 0
35226 0
35241 1
35253 1
35262 1
35274 1
35279 0
35287 0
35302 1
35317 0
35321 0
35324 0
35325 0
35332 0
35347 0
35360 0
35374 1
35388 1
35399 1
35404 0
35417 0
35421 1
35430 1
35442 1
35445 1
35459 1
35464 0
35467 0
35478 1
35491 0
35499 1
35514 1
35525 1
35529 0
35531 0
35533 0
35546 0
35554 0
35559 0
35562 0
35575 1
35586 0
35598 0
35611 0
35618 0
35621 0
35634 1
35641 1
35646 0
35654 0
35661 0
35662 0
35664 1
35675 1
35677 1
35691 1
35697 0
35703 1
35715 0
35726 0
35735 0
35739 0
35745 1
35754 1
35757 1
35772 0
35778 1
35790 1
35805 1
35813 1
35826 0
35839 1
35844 0
35858 0
35872 1
35885 0
35896 0
35905 0
35911 0
35923 1
35924 1
35925 0
35940 1
35946 1
35949 0
35955 1
35967 0
35975 0
35989 0
35991 1
35996 1
35998 1
36006 0
36021 1
36025 1
36027 1
36038 0
36051 1
36053 1
36061 0
36074 0
36077 0
36090 0
36097 1
36103 0
36106 1
36111 0
36117 1
36124 1
36132 1
36138 0
36151 1
36158 1
36171 0
36180 0
36186 1
36194 0
36199 0
36205 1
36232 1
36238 1
36244 0
36251 0
36257 0
36262 1
36268 0
36281 1
36282 1
36290 1
36293 1
36297 0
36298 1
36312 0
36318 1
36319 0
36323 1
36330 0
36332 1
36336 0
36341 1
36353 0
36356 1
36362 1
36369 0
36381 1
36382 1
36390 1
36401 0
36415 1
36422 1
36435 0
36443 0
36444 0
36458 0
36464 1
36472 0
36480 1
36493 0
36496 1
36498 1
36513 1
36515 1
36522 0
36531 1
36542 0
36551 1
36560 1
36571 0
36580 1
36595 1
36596 1
36605 0
36613 0
36625 0
36638 0
36653 1
36661 1
36672 0
36678 1
36680 1
36687 0
36701 1
36716 1
36731 0
36743 0
36744 0
36749 0
36751 0
36758 0
36767 0
36769 1
36770 1
36776 0
36788 1
36803 0
36815 0
36828 0
36843 0
36844 1
36851 1
36862 0
36874 0
36879 1
36892 1
36895 1
36897 1
36908 1
36921 1
36936 1
36951 1
36955 1
36970 0
36979 0
36985 1
37000 0
37013 1
37025 0
37026 1
37037 0
37051 0
37064 0
37065 0
37076 1
37078 1
37079 1
37086 0
37090 1
37093 0
37096 0
37110 1
37112 1
37127 0
37141 0
37155 1
37159 0
37172 0
37175 1
37184 0
37188 0
37200 1
37214 1
37222 0
37225 0
37231 0
37237 0
37240 0
37241 1
37242 0
37249 1
37263 0
37277 1
37290 0
37303 0
37305 1
37310 1
37318 0
37331 0
37334 0
37342 0
37348 1
37361 1
37368 0
37380 0
37383 1
37384 0
37391 1
37408 0
37409 0
37424 1
37429 0
37441 1
37449 0
37453 1
37457 1
37460 1
37463 1
37478 1
37485 0
37499 0
37507 1
37510 0
37518 1
37533 0
37535 1
37549 0
37556 0
37559 0
37562 0
37576 1
37581 0
37595 0
37601 1
37606 1
37607 1
37610 1
37616 0
37625 0
37631 0
37639 1
37643 0
37657 0
37662 0
37667 0
37670 1
37681 0
37694 0
37696 1
37707 1
37722 1
37731 1
37732 0
37737 1
37740 0
37754 1
37769 1
37780 0
37793 1
37804 1
37813 1
37820 1
37833 0
37839 1
37852 0
37867 1
37876 1
37882 0
37897 0
37906 0
37917 0
37932 1
37940 0
37948 0
37954 1
37969 1
37970 0
37971 0
37980 1
37985 1
37996 0
38002 1
38017 0
38018 0
38022 0
38029 1
38030 1
38031 1
38043 1
38058 0
38065 1
38077 1
38091 1
38099 1
38106 1
38112 0
38113 1
38117 0
38132 1
38147 0
38160 0
38171 1
38172 0
38179 0
38188 1
38203 0
38217 1
38224 1
38228 0
38241 0
38250 1
38264 0
38275 1
38284 1
38291 1
38304 0
38309 1
38321 1
38334 0
38349 0
38355 1
38360 0
38367 1
38379 0
38382 0
38394 0
38400 0
38406 1
38417 1
38424 1
38439 0
38451 1
38455 0
38469 0
38478 0
38489 0
38490 1
38498 0
38513 1
38526 0
38530 1
38533 0
38538 1
38540 1
38541 0
38546 1
38555 0
38570 1
38575 0
38588 0
38592 0
38595 1
38610 0
38619 0
38620 0
38632 1
38635 0
38640 1
38647 0
38654 0
38666 0
38671 1
38684 1
38693 0
38698 0
38709 0
38721 0
38733 0
38739 0
38743 0
38757 0
38766 0
38780 1
38794 1
38800 0
38825 0
38826 1
38838 1
38843 1
38845 0
38858 1
38871 0
38878 0
38886 1
38906 0
38918 0
38922 1
38931 0
38944 1
38950 0
38959 0
38960 0
38967 1
38969 0
38974 1
38985 1
38996 1
39002 0
39004 1
39011 0
39018 1
39027 1
39042 1
39056 0
39071 0
39079 0
39087 1
39100 0
39109 1
39123 1
39126 1
39128 1
39142 1
39151 0
39154 0
39169 1
39175 0
39182 1
39194 0
39211 0
39214 0
39215 1
39220 1
39233 1
39236 0
39249 1
39261 1
39267 0
39272 1
39273 1
39282 0
39295 0
39299 0
39310 1
39321 1
39324 0
39335 1
39338 0
39349 1
39351 0
39356 0
39365 0
39380 1
39381 1
39385 0
39387 1
39402 0
39410 0
39423 0
39425 1
39440 0
39454 1
39468 1
39474 0
39485 0
39497 0
39506 0
39508 0
39511 1
39525 1
39529 0
39530 1
39533 1
39547 0
39549 0
39563 0
39566 0
39569 0
39583 0
39584 1
39598 0
39599 1
39611 1
39620 1
39633 1
39641 1
39645 0
39652 0
39657 0
39669 1
39680 1
39692 0
39699 1
39701 0
39710 0
39717 0
39722 1
39724 0
39728 1
39731 0
39732 1
39739 0
39752 0
39761 0
39768 1
39780 1
39781 0
39794 1
39798 0
39811 1
39823 1
39836 0
39851 1
39866 0
39870 0
39885 1
39898 0
39900 1
39914 0
39915 1
39916 1
39928 1
39933 0
39936 1
39950 0
39962 0
39971 0
39976 0
39989 0
39992 1
40004 0
40017 1
40025 1
40029 1
40035 1
40037 0
40038 0
40052 0
40053 0
40066 0
40074 1
40081 0
40082 1
40093 1
40095 1
40096 0
40110 1
40122 1
40128 0
40136 1
40150 1
40165 0
40168 0
40172 1
40186 0
40189 0
40203 1
40209 0
40211 1
40215 0
40217 1
40224 1
40226 1
40240 1
40249 1
40261 0
40262 1
40266 0
40269 0
40280 1
40294 1
40299 1
40302 0
40303 1
40315 1
40329 0
40352 1
40366 0
40381 0
40387 0
40395 0
40401 0
40403 0
40404 0
40417 1
40421 1
40423 0
40427 0
40440 0
40445 0
40447 1
40461 0
40463 1
40478 1
40492 0
40507 0
40516 1
40525 1
40534 0
40543 1
40549 0
40563 1
40566 0
40581 0
40584 1
40585 1
40593 0
40605 1
40613 1
40616 1
40628 0
40630 0
40638 1
40645 1
40652 0
40666 1
40681 1
40682 1
40691 0
40704 0
40719 1
40726 1
40732 0
40740 0
40747 1
40759 1
40767 1
40775 0
40780 1
40781 1
40782 0
40785 0
40793 0
40802 1
40814 0
40827 1
40833 0
40835 1
40847 0
40860 0
40869 0
40877 0
40884 0
40898 1
40909 0
40912 0
40919 0
40928 0
40933 1
40946 0
40947 0
40959 0
40964 0
40979 0
40992 1
40994 1
41000 0
41011 0
41024 0
41028 1
41030 1
41037 1
41039 0
41050 0
41061 0
41074 1
41080 1
41091 1
41105 1
41114 0
41123 1
41136 1
41147 1
41161 0
41169 0
41171 0
41184 1
41186 1
41187 0
41193 1
41206 0
41211 1
41218 0
41231 1
41233 0
41235 1
41248 0
41262 0
41277 0
41291 1
41294 1
41298 1
41313 0
41315 0
41328 1
41343 0
41358 0
41369 1
41382 1
41391 1
41404 0
41417 1
41422 0
41435 1
41443 1
41446 0
41454 1
41458 0
41465 1
41476 0
41487 1
41502 0
41517 1
41529 1
41544 1
41557 1
41572 0
41573 1
41580 1
41586 1
41592 0
41604 1
41615 1
41619 0
41622 1
41633 0
41644 0
41649 0
41660 1
41669 1
41673 1
41682 1
41687 0
41700 0
41711 1
41725 1
41731 0
41744 1
41756 1
41765 0
41778 1
41784 0
41787 1
41793 0
41822 1
41830 0
41831 1
41844 1
41858 1
41869 1
41881 0
41889 0
41892 1
41900 1
41915 0
41926 1
41927 0
41932 1
41944 0
41950 0
41957 1
41964 0
41979 0
41985 1
41988 1
41994 0
42008 1
42020 0
42032 0
42039 0
42050 0
42057 0
42058 0
42071 1
42077 0
42092 0
42100 1
42113 0
42126 1
42139 1
42152 0
42166 0
42180 1
42188 0
42197 1
42202 1
42210 0
42219 0
42230 0
42242 0
42251 0
42260 1
42267 0
42269 1
42274 1
42287 1
42289 0
42300 0
42316 1
42322 0
42327 0
42340 1
42354 1
42359 1
42361 1
42368 1
42377 0
42385 0
42394 1
42403 1
42416 0
42428 0
42443 1
42444 0
42455 0
42460 0
42475 0
42479 0
42480 0
42493 1
42506 0
42513 0
42524 0
42539 1
42541 1
42543 1
42551 1
42559 0
42572 0
42575 1
42578 1
42583 1
42597 1
42608 1
42616 1
42624 0
42633 1
42639 0
42654 0
42667 1
42680 0
42694 0
42695 1
42710 1
42718 0
42721 1
42723 0
42725 1
42738 0
42752 0
42766 1
42769 1
42775 1
42781 1
42787 1
42793 0
42811 1
42825 0
42831 0
42835 0
42842 1
42857 0
42865 0
42880 1
42892 0
42894 0
42907 0
42913 1
42940 0
42941 1
42947 0
42950 0
42961 1
42976 1
42978 1
42989 0
42998 1
43000 1
43012 0
43013 1
43016 0
43031 0
43034 1
43039 1
43042 1
43043 0
43050 0
43054 1
43055 0
43057 0
43059 1
43063 0
43072 1
43081 0
43090 1
43104 0
43106 0
43109 0
43117 0
43120 0
43125 0
43126 1
43132 0
43133 1
43141 1
43143 0
43154 0
43157 0
43170 0
43172 1
43184 0
43198 1
43205 1
43214 0
43229 1
43236 0
43240 1
43245 0
43256 1
43270 0
43274 1
43282 0
43296 0
43311 0
43322 1
43331 0
43346 0
43355 1
43367 1
43374 1
43387 0
43389 0
43400 1
43407 1
43411 1
43422 0
43433 1
43447 0
43449 1
43450 1
43456 1
43469 1
43475 0
43487 0
43494 1
43495 1
43508 0
43521 0
43523 1
43524 0
43531 0
43542 0
43547 1
43553 1
43555 0
43557 0
43564 0
43572 1
43585 1
43597 0
43606 0
43609 1
43610 1
43619 0
43623 1
43626 1
43634 1
43645 1
43657 1
43661 0
43670 1
43684 1
43697 0
43699 0
43706 0
43718 0
43730 0
43744 0
43755 0
43770 0
43782 1
43796 1
43800 0
43809 0
43812 0
43816 1
43824 0
43838 0
43845 0
43857 1
43868 1
43879 0
43888 0
43897 0
43911 0
43914 0
43920 1
43921 0
43926 0
43935 1
43941 0
43948 1
43962 0
43970 0
43978 1
43994 0
44002 0
44006 1
44015 0
44017 1
44020 0
44021 1
44026 1
44038 0
44041 0
44052 0
44064 1
44068 0
44083 0
44095 0
44103 1
44118 0
44120 1
44127 1
44132 0
44146 0
44153 1
44167 1
44176 0
44184 1
44196 0
44205 0
44210 0
44219 0
44223 0
44226 1
44241 0
44256 1
44271 0
44273 1
44286 0
44292 1
44293 0
44307 0
44321 0
44325 1
44334 1
44337 0
44345 1
44346 0
44347 1
44348 1
44351 1
44359 1
44364 1
44378 1
44381 0
44396 0
44401 1
44407 0
44419 0
44427 0
44430 1
44438 1
44450 1
44458 1
44473 0
44488 1
44496 1
44504 1
44517 1
44531 0
44534 1
44535 1
44549 1
44560 0
44561 1
44568 0
44575 0
44576 1
44590 0
44599 1
44610 0
44612 1
44619 1
44628 0
44642 1
44657 1
44660 1
44674 1
44688 0
44695 0
44710 1
44715 1
44728 1
44733 0
44745 1
44756 1
44770 0
44775 0
44787 0
44801 0
44804 1
44818 0
44833 1
44841 1
44849 0
44855 1
44866 0
44875 1
44889 0
44894 0
44908 0
44919 1
44923 1
44928 1
44940 1
44944 0
44959 1
44984 1
44997 0
45004 1
45018 0
45026 1
45039 1
45042 1
45043 0
45055 1
45057 0
45060 0
45073 1
45075 1
45076 1
45078 1
45081 0
45090 1
45101 1
45113 0
45117 1
45129 1
45138 0
45150 1
45157 0
45164 0
45165 0
45178 0
45182 1
45190 1
45204 1
45208 0
45213 1
45219 0
45225 0
45234 1
45247 1
45255 0
45270 0
45272 0
45278 1
45280 1
45286 1
45301 1
45316 1
45323 1
45332 1
45347 1
45361 1
45362 0
45375 0
45381 1
45394 0
45409 1
45420 0
45429 0
45432 1
45441 0
45447 0
45455 1
45476 0
45487 0
45502 0
45505 1
45506 1
45514 0
45528 1
45535 1
45536 1
45544 0
45549 0
45553 0
45566 0
45568 1
45581 0
45593 0
45600 0
45608 1
45613 0
45622 0
45637 0
45644 0
45655 0
45667 0
45669 1
45681 0
45685 0
45693 1
45706 0
45711 0
45722 0
45729 0
45737 1
45764 0
45778 0
45790 1
45802 1
45811 1
45817 0
45830 0
45834 0
45848 1
45854 0
45865 1
45872 0
45877 0
45889 1
45900 0
45903 0
45904 0
45916 0
45928 0
45931 0
45940 0
45948 0
45961 0
45962 1
45969 0
45970 0
45971 0
45974 0
45975 1
45980 1
45981 1
45985 0
45992 1
45994 1
46006 0
46018 0
46023 1
46035 0
46046 1
46050 0
46052 1
46059 0
46067 0
46082 0
46093 1
46098 0
46101 0
46115 0
46130 0
46134 0
46149 0
46151 1
46163 1
46165 1
46177 0
46180 0
46183 1
46185 1
46205 1
46216 0
46231 1
46239 1
46248 1
46257 0
46263 0
46266 1
46269 1
46280 0
46281 1
46292 1
46293 1
46306 1
46309 1
46312 0
46320 1
46328 0
46332 0
46341 0
46350 0
46357 0
46365 1
46383 0
46398 0
46411 1
46419 0
46426 0
46431 0
46446 1
46455 1
46464 1
46471 1
46483 0
46497 1
46500 0
46508 1
46519 0
46528 0
46533 1
46539 1
46541 1
46554 0
46563 1
46575 0
46576 0
46591 1
46600 1
46603 0
46604 0
46612 0
46626 1
46637 0
46650 0
46664 0
46671 0
46680 0
46687 0
46700 0
46711 1
46716 0
46717 1
46723 1
46738 1
46740 1
46741 0
46749 0
46756 0
46763 0
46767 1
46772 0
46779 1
46794 1
46806 1
46808 1
46811 1
46812 1
46825 0
46834 1
46847 0
46859 1
46873 1
46877 1
46881 1
46888 1
46890 0
46905 1
46911 0
46922 1
46924 0
46935 0
46949 1
46960 0
46973 1
46977 0
46980 1
46988 0
46994 0
46998 1
47002 0
47017 0
47030 0
47031 0
47044 0
47045 1
47057 1
47062 1
47067 1
47079 1
47091 0
47106 1
47110 1
47117 0
47131 1
47132 0
47143 0
47157 1
47170 1
47175 1
47188 1
47194 1
47203 0
47207 0
47220 0
47227 0
47241 1
47248 0
47268 0
47273 1
47286 0
47293 1
47302 1
47304 1
47310 0
47312 1
47325 0
47332 0
47337 0
47352 1
47353 1
47367 0
47369 1
47382 1
47391 1
47403 0
47408 0
47414 0
47421 1
47435 0
47443 0
47449 1
47454 1
47455 0
47463 1
47474 0
47480 1
47483 1
47486 0
47492 1
47497 1
47503 0
47510 1
47521 0
47529 0
47543 0
47550 1
47562 0
47571 0
47574 0
47589 1
47601 0
47615 1
47620 1
47633 1
47647 0
47659 0
47671 1
47686 0
47692 0
47697 1
47700 0
47704 1
47719 0
47728 0
47739 0
47740 1
47751 0
47760 1
47774 0
47787 0
47789 0
47804 0
47805 1
47819 0
47821 1
47822 1
47836 1
47851 1
47864 0
47878 1
47886 1
47890 1
47894 1
47896 0
47910 0
47914 0
47929 0
47931 1
47943 0
47948 1
47957 1
47972 1
47983 1
47997 0
48000 0
48007 1
48022 0
48037 0
48049 0
48056 1
48070 0
48072 1
48073 1
48079 0
48085 1
48091 0
48098 0
48112 1
48115 0
48123 0
48138 0
48153 0
48156 1
48165 0
48176 0
48183 0
48192 0
48200 0
48207 1
48214 1
48216 0
48227 1
48236 0
48243 1
48251 1
48265 1
48278 0
48287 0
48289 1
48293 1
48299 1
48312 1
48314 1
48321 0
48332 1
48337 0
48341 1
48350 1
48363 0
48366 0
48372 1
48378 0
48381 0
48404 0
48405 1
48417 0
48429 0
48430 1
48432 1
48434 1
48448 1
48461 0
48474 1
48483 1
48491 0
48496 1
48511 0
48531 1
48537 0
48544 0
48546 0
48555 1
48570 0
48578 0
48590 1
48604 0
48613 0
48614 0
48620 1
48633 1
48641 0
48656 0
48669 0
48671 1
48676 0
48682 0
48689 1
48696 1
48701 1
48712 1
48714 1
48723 1
48734 1
48741 0
48747 1
48759 0
48771 0
48782 1
48794 1
48795 0
48810 1
48821 0
48833 0
48834 0
48848 1
48860 1
48867 0
48869 1
48876 0
48881 0
48886 1
48895 0
48904 0
48919 1
48921 0
48935 0
48941 0
48954 0
48969 1
48982 1
48996 1
49004 0
49013 1
49018 0
49030 0
49033 0
49044 1
49055 1
49059 0
49071 1
49084 0
49089 1
49091 0
49098 0
49109 1
49114 1
49117 0
49128 1
49140 1
49148 1
49156 0
49181 1
49192 1
49206 0
49212 1
49221 0
49225 1
49229 1
49237 0
49251 1
49263 0
49271 1
49280 0
49294 1
49300 0
49315 1
49321 0
49336 1
49338 0
49340 0
49349 1
49355 0
49361 1
49363 0
49372 0
49387 1
49388 0
49389 1
49400 1
49413 1
49428 1
49440 0
49443 0
49458 0
49467 0
49478 0
49486 0
49488 0
49494 1
49506 1
49519 1
49520 0
49533 1
49541 1
49549 1
49558 0
49563 1
49571 0
49575 1
49588 0
49592 0
49599 0
49605 0
49606 0
49609 0
49623 1
49638 1
49647 1
49661 0
49669 0
49684 1
49693 1
49708 0
49715 0
49718 1
49720 0
49732 1
49739 0
49751 0
49753 0
49759 0
49767 1
49771 1
49777 1
49780 0
49784 0
49791 0
49804 1
49815 0
49823 1
49827 0
49836 1
49847 0
49853 0
49870 0
49881 1
49895 1
49902 0
49904 1
49905 0
49911 1
49925 0
49938 1
49945 0
49950 0
49965 0
49980 1
49988 0
49994 1
50008 0
50012 1
50016 0
50019 1
50021 0
50032 1
50038 1
50043 1
50058 1
50066 1
50079 1
50085 1
50096 1
50109 1
50116 1
50130 0
50134 0
50140 0
50145 1
50151 1
50162 1
50170 0
50183 1
50196 0
50203 0
50204 1
50217 0
50226 1
50239 0
50252 0
50259 0
50274 1
50282 1
50293 1
50302 0
50308 1
50322 1
50336 1
50348 0
50351 1
50356 0
50357 1
50363 0
50370 1
50381 1
50386 1
50397 0
50406 1
50414 0
50420 1
50435 1
50447 1
50452 1
50466 1
50467 1
50481 0
50492 1
50504 0
50517 0
50529 0
50537 1
50546 1
50551 0
50552 0
50558 0
50564 1
50570 0
50577 1
50590 1
50603 1
50606 0
50618 1
50621 0
50633 1
50641 0
50642 0
50654 1
50661 0
50667 0
50682 1
50684 0
50691 0
50704 0
50712 1
50716 1
50723 0
50737 1
50752 0
50763 1
50769 0
50784 1
50786 0
50801 1
50806 1
50817 0
50821 1
50833 1
50848 0
50861 0
50863 0
50865 1
50870 0
50874 0
50878 1
50891 1
50896 1
50901 0
50904 0
50912 0
50915 0
50926 0
50940 0
50947 0
50953 0
50956 1
50957 1
50965 1
50976 1
50987 1
50988 0
51000 0
51001 1
51015 1
51024 1
51027 1
51028 1
51037 1
51042 0
51051 1
51064 0
51070 1
51078 0
51093 1
51108 0
51121 1
51132 1
51146 0
51153 0
51167 0
51176 1
51179 0
51183 1
51198 1
51212 0
51214 1
51226 0
51238 1
51245 1
51252 1
51253 1
51262 1
51265 1
51277 1
51280 0
51286 0
51288 0
51291 0
51306 1
51317 1
51331 1
51337 1
51338 0
51339 1
51347 1
51362 1
51368 0
51376 1
51383 0
51387 1
51398 1
51405 0
51407 1
51418 0
51425 1
51429 0
51442 0
51449 0
51462 0
51475 0
51483 1
51484 0
51485 1
51493 1
51507 1
51509 0
51514 0
51523 0
51537 0
51549 1
51552 0
51567 0
51571 1
51586 0
51595 1
51610 1
51622 0
51627 0
51629 1
51632 1
51635 1
51649 0
51651 1
51663 1
51666 1
51671 1
51672 0
51680 0
51686 1
51697 1
51698 1
51706 1
51707 1
51715 0
51724 0
51739 1
51741 0
51748 1
51754 0
51763 0
51767 1
51775 1
51780 0
51786 0
51795 0
51807 0
51811 0
51826 0
51833 0
51846 0
51859 0
51861 1
51864 1
51865 0
51879 1
51888 0
51903 1
51906 0
51921 1
51930 1
51941 0
51953 1
51955 1
51958 1
51965 1
51970 0
51978 0
51991 0
51999 0
52014 1
52022 1
52027 1
52028 1
52033 0
52036 0
52041 1
52055 0
52070 1
52082 0
52083 1
52086 0
52090 1
52094 1
52095 0
52097 1
52101 0
52114 0
52123 0
52137 0
52150 1
52162 0
52175 1
52190 0
52203 0
52206 1
52210 0
52217 0
52221 0
52233 1
52234 1
52248 0
52252 0
52266 0
52269 0
52276 1
52277 1
52284 0
52290 0
52296 0
52299 1
52312 0
52325 0
52328 1
52331 1
52333 1
52334 1
52341 0
52347 1
52361 0
52363 1
52365 1
52370 0
52372 0
52387 1
52396 0
52410 1
52413 1
52425 0
52433 1
52441 1
52449 0
52457 0
52464 0
52471 0
52475 0
52487 1
52488 0
52493 1
52502 0
52517 0
52530 1
52536 1
52538 0
52551 0
52555 1
52558 0
52572 1
52586 1
52601 0
52605 1
52614 0
52629 0
52631 0
52632 0
52637 0
52640 1
52641 1
52643 0
52649 0
52654 1
52658 1
52664 1
52668 1
52671 1
52679 1
52684 0
52696 1
52705 0
52707 1
52710 1
52713 0
52716 0
52723 1
52731 1
52743 1
52758 0
52763 1
52774 0
52783 1
52791 0
52796 0
52803 1
52807 0
52816 1
52821 0
52840 0
52842 0
52844 1
52849 0
52858 0
52870 0
52873 1
52879 0
52887 0
52901 1
52916 0
52931 1
52944 1
52946 0
52955 0
52962 0
52974 0
52982 1
52997 1
53002 1
53006 1
53012 0
53027 1
53039 1
53045 1
53053 0
53058 1
53070 1
53078 0
53083 1
53098 1
53110 1
53118 0
53122 0
53133 1
53134 1
53147 0
53153 0
53154 0
53157 1
53162 1
53168 1
53171 1
53172 1
53181 1
53192 1
53207 0
53208 0
53215 1
53219 1
53226 1
53241 0
53243 0
53247 1
53259 1
53263 0
53264 0
53271 0
53278 1
53285 1
53297 0
53308 0
53316 1
53319 0
53321 0
53323 0
53337 1
53339 0
53345 0
53350 1
53352 0
53367 1
53380 0
53394 0
53399 1
53410 1
53415 0
53418 1
53420 1
53433 0
53445 0
53446 1
53453 1
53456 0
53460 1
53464 0
53471 0
53476 0
53488 0
53499 1
53500 1
53505 0
53507 0
53508 0
53515 1
53522 0
53542 1
53549 1
53556 1
53571 1
53573 1
53585 1
53589 0
53591 1
53598 0
53604 0
53609 1
53622 1
53634 0
53638 1
53642 1
53657 1
53660 1
53665 1
53667 1
53671 1
53677 0
53684 1
53699 0
53713 0
53726 0
53727 0
53734 0
53743 0
53749 0
53755 1
53761 0
53768 0
53783 1
53784 1
53791 1
53793 0
53798 0
53804 1
53810 1
53812 1
53827 1
53836 0
53851 0
53862 1
53874 1
53880 0
53881 1
53882 1
53894 0
53902 0
53904 0
53909 0
53911 0
53926 1
53933 1
53947 0
53952 1
53958 0
53960 0
53968 1
53973 0
53981 1
53985 0
53992 0
54006 0
54012 1
54020 1
54021 1
54029 1
54033 0
54041 0
54046 0
54051 1
54054 1
54055 1
54061 1
54068 1
54072 0
54074 0
54079 1
54082 0
54091 0
54106 0
54119 0
54124 1
54131 0
54133 0
54136 1
54139 0
54152 1
54164 1
54165 1
54179 1
54190 1
54204 1
54215 0
54219 0
54221 1
54227 0
54239 1
54250 0
54257 1
54265 1
54266 1
54278 1
54290 1
54295 0
54315 1
54326 1
54335 0
54344 0
54349 1
54351 1
54365 0
54367 0
54368 0
54380 1
54388 1
54395 0
54404 0
54418 0
54427 0
54439 0
54441 0
54442 1
54454 0
54466 0
54469 0
54483 0
54497 1
54500 1
54511 0
54524 1
54536 1
54537 0
54544 0
54555 1
54562 1
54575 1
54576 1
54577 1
54580 1
54589 1
54590 0
54596 1
54607 1
54611 1
54623 0
54631 1
54640 1
54654 1
54663 0
54677 1
54685 1
54694 0
54700 1
54714 1
54721 1
54734 1
54743 0
54748 1
54759 1
54771 1
54786 1
54797 0
54805 0
54814 0
54818 0
54822 1
54835 0
54842 1
54849 0
54860 0
54873 0
54874 1
54880 1
54891 0
54897 1
54905 0
54910 1
54923 0
54938 1
54952 0
54965 1
54977 1
54983 0
54985 0
54994 1
55003 0
55006 1
55019 0
55030 1
55042 1
55050 1
55055 0
55062 0
55071 1
55080 0
55087 1
55091 1
55095 1
55102 1
55110 0
55115 0
55123 1
55137 0
55151 0
55153 1
55158 1
55163 1
55169 0
55172 1
55187 1
55209 1
55221 0
55222 0
55224 1
55239 0
55240 1
55247 1
55250 1
55264 0
55273 0
55279 1
55284 0
55288 1
55293 1
55306 0
55320 0
55332 0
55345 1
55347 1
55354 1
55369 0
55381 0
55385 0
55397 0
55402 0
55409 1
55421 0
55435 0
55440 0
55455 0
55463 1
55467 1
55472 0
55480 1
55493 1
55497 1
55506 1
55521 0
55530 1
55554 0
55558 0
55569 0
55578 1
55590 1
55591 1
55592 0
55606 0
55618 0
55630 1
55636 0
55638 1
55651 0
55659 0
55662 1
55673 0
55688 0
55695 1
55701 1
55702 0
55716 0
55729 0
55738 1
55743 1
55754 0
55761 0
55769 0
55782 0
55787 1
55794 1
55800 1
55814 1
55822 1
55826 1
55827 0
55831 1
55844 1
55847 1
55862 0
55867 1
55878 0
55904 1
55918 0
55929 1
55937 1
55945 1
55948 0
55953 1
55961 1
55975 1
55979 0
55986 0
55991 0
55993 1
55999 0
56011 1
56025 0
56034 1
56046 1
56060 0
56074 0
56083 1
56090 0
56095 0
56096 0
56110 0
56125 0
56134 0
56146 1
56154 0
56167 0
56173 0
56182 0
56197 1
56208 1
56222 1
56236 1
56243 0
56251 1
56254 0
56256 0
56259 1
56270 0
56281 0
56282 1
56289 1
56295 0
56306 0
56320 1
56327 0
56339 1
56342 0
56343 1
56354 1
56358 0
56372 1
56383 0
56384 0
56398 1
56410 1
56413 1
56427 1
56430 0
56433 1
56437 1
56443 0
56454 0
56463 1
56476 1
56483 1
56484 0
56498 1
56507 0
56510 1
56515 0
56536 1
56539 0
56552 0
56559 1
56565 0
56577 0
56580 0
56587 0
56588 0
56594 1
56601 1
56614 0
56615 1
56627 1
56638 1
56651 0
56657 1
56666 0
56669 0
56680 1
56682 1
56691 0
56697 1
56708 0
56709 0
56714 0
56717 1
56730 1
56744 1
56753 0
56767 0
56780 1
56786 0
56787 1
56799 1
56814 0
56825 1
56828 0
56843 1
56845 0
56848 0
56862 1
56870 1
56884 0
56890 1
56903 0
56918 0
56926 0
56935 0
56947 0
56961 1
56964 0
56978 1
56992 0
57006 1
57017 1
57025 1
57039 1
57048 0
57055 1
57060 0
57073 1
57082 0
57087 1
57099 1
57122 0
57124 0
57127 0
57139 1
57151 1
57164 0
57173 1
57175 1
57177 0
57182 1
57191 1
57194 1
57203 0
57215 1
57230 0
57234 1
57238 0
57249 1
57253 0
57261 1
57264 0
57272 1
57283 1
57294 1
57301 0
57308 1
57317 0
57325 0
57338 0
57352 0
57356 1
57357 1
57358 0
57370 0
57385 1
57394 1
57403 1
57407 0
57411 0
57414 1
57417 1
57432 1
57440 0
57447 1
57455 0
57463 0
57465 0
57471 1
57479 0
57482 0
57497 0
57508 0
57512 0
57520 1
57534 0
57547 1
57554 0
57566 0
57574 0
57576 1
57583 0
57598 1
57610 1
57615 1
57620 0
57632 1
57643 0
57650 1
57669 1
57672 1
57680 0
57684 1
57685 0
57699 0
57700 1
57707 1
57711 0
57724 1
57735 1
57741 0
57744 1
57746 0
57753 1
57758 1
57760 0
57771 1
57772 1
57779 1
57785 1
57788 1
57799 0
57802 0
57807 0
57809 1
57811 1
57812 1
57820 0
57834 1
57836 0
57840 0
57849 0
57850 0
57864 1
57872 0
57877 1
57889 0
57900 1
57911 1
57914 1
57926 0
57940 0
57943 1
57949 0
57952 1
57965 1
57973 0
57988 1
58000 1
58001 1
58014 1
58015 1
58019 0
58023 0
58029 0
58032 0
58033 0
58038 0
58042 1
58047 0
58048 0
58063 0
58074 0
58077 0
58090 0
58105 1
58117 0
58131 1
58135 1
58141 0
58154 1
58160 0
58171 1
58177 0
58190 0
58196 0
58203 1
58218 1
58232 1
58244 1
58252 0
58256 0
58271 0
58282 0
58294 1
58303 0
58312 1
58317 0
58332 0
58336 1
58349 0
58363 0
58366 1
58370 1
58377 1
58378 0
58381 1
58390 1
58392 1
58406 0
58415 1
58422 0
58430 0
58431 1
58433 1
58442 0
58456 1
58457 0
58458 0
58471 1
58485 1
58499 0
58505 1
58516 0
58525 0
58526 1
58527 0
58529 1
58544 0
58548 0
58561 1
58574 0
58587 0
58600 0
58609 1
58616 0
58618 0
58633 0
58646 0
58661 1
58673 1
58686 0
58687 0
58698 1
58699 0
58713 0
58714 0
58720 1
58729 0
58735 0
58748 1
58763 0
58770 1
58774 1
58782 1
58785 1
58799 0
58805 0
58818 1
58826 0
58827 1
58841 0
58849 1
58864 0
58876 1
58890 1
58905 0
58908 0
58920 0
58926 0
58929 1
58932 1
58935 1
58948 0
58963 0
58977 0
58981 1
58996 1
59001 0
59008 0
59015 0
59026 1
59039 0
59046 0
59054 0
59057 1
59071 1
59079 1
59084 0
59085 0
59100 0
59101 1
59103 1
59112 0
59126 0
59138 0
59145 0
59159 0
59162 0
59169 0
59176 1
59181 1
59188 0
59216 0
59218 0
59222 1
59234 1
59236 1
59251 1
59259 0
59274 0
59279 0
59294 1
59297 1
59311 0
59320 1
59334 0
59337 1
59338 1
59352 0
59356 1
59371 0
59382 1
59393 1
59398 1
59412 0
59413 0
59416 1
59420 0
59435 1
59437 1
59451 1
59465 0
59477 1
59481 1
59490 0
59504 0
59509 0
59523 0
59525 1
59529 1
59541 1
59547 0
59558 0
59572 1
59581 1
59594 0
59602 1
59605 0
59610 0
59618 1
59631 1
59642 1
59644 0
59659 1
59673 1
59684 1
59689 0
59698 1
59700 1
59702 1
59713 0
59718 0
59719 0
59733 1
59747 1
59750 1
59754 1
59769 1
59774 1
59786 1
59799 0
59806 1
59810 1
59813 1
59827 1
59842 1
59854 1
59869 1
59871 0
59880 1
59886 0
59899 0
59920 0
59924 0
59932 1
59935 1
59940 0
59954 1
59959 1
59971 0
59976 0
59982 1
59991 1
60002 0
60006 1
60010 1
60011 1
60020 0
60034 0
60040 0
60049 0
60050 0
60055 0
60063 0
60064 0
60070 1
60082 0
60087 0
60089 0
60092 1
60105 0
60117 0
60124 0
60129 0
60138 0
60150 0
60155 0
60160 1
60161 0
60175 1
60186 0
60195 0
60208 0
60213 0
60218 1
60232 1
60236 0
60238 0
60250 1
60251 0
60266 1
60271 1
60278 0
60279 0
60287 0
60302 0
60305 0
60318 1
60324 1
60337 1
60338 0
60342 1
60349 1
60352 0
60355 1
60356 1
60368 0
60370 0
60384 0
60386 0
60398 0
60404 1
60429 1
60434 1
60440 0
60445 0
60451 0
60452 1
60460 1
60463 1
60472 1
60483 0
60496 0
60508 0
60513 1
60526 0
60533 1
60540 1
60548 1
60562 0
60567 0
60575 1
60581 1
60586 1
60592 0
60594 1
60608 1
60623 1
60635 0
60646 0
60648 0
60652 0
60655 1
60663 1
60666 1
60670 1
60677 1
60690 0
60697 1
60703 1
60708 1
60714 1
60723 1
60738 1
60744 1
60751 1
60756 0
60762 0
60766 1
60777 1
60791 1
60793 0
60806 1
60819 0
60822 1
60828 0
60830 0
60831 1
60842 1
60847 1
60860 1
60873 0
60878 1
60880 1
60882 0
60884 1
60893 1
60908 1
60909 0
60923 1
60925 0
60930 1
60944 1
60952 0
60958 0
60959 0
60965 1
60976 1
60984 1
60999 0
61003 0
61012 0
61017 0
61030 0
61037 0
61051 0
61066 0
61068 0
61076 1
61084 1
61085 1
61097 1
61102 1
61116 0
61127 1
61135 0
61141 0
61153 1
61160 1
61161 0
61165 0
61173 1
61179 0
61194 0
61197 1
61210 1
61232 0
61243 0
61256 0
61259 1
61262 0
61277 0
61291 0
61303 0
61318 0
61320 0
61324 0
61333 0
61339 0
61351 0
61364 1
61372 0
61378 1
61389 1
61395 0
61402 1
61403 1
61416 0
61420 0
61435 1
61447 0
61458 0
61470 1
61478 0
61482 0
61490 0
61505 0
61512 1
61526 1
61532 0
61535 1
61536 0
61537 0
61546 0
61552 0
61555 1
61563 0
61566 0
61579 0
61594 0
61597 1
61606 1
61615 0
61628 1
61639 1
61642 0
61646 0
61647 1
61662 1
61673 0
61701 0
61705 1
61717 0
61723 0
61731 1
61735 1
61739 0
61746 1
61751 0
61758 1
61763 1
61769 0
61772 0
61775 1
61786 1
61787 0
61800 1
61811 0
61812 1
61815 0
61816 1
61827 1
61842 1
61845 1
61853 1
61868 1
61881 1
61884 1
61885 1
61887 1
61899 1
61902 1
61906 1
61911 1
61920 1
61931 0
61938 1
61943 1
61947 0
61948 0
61962 0
61965 0
61974 1
61982 1
61997 0
62003 1
62010 1
62016 0
62029 1
62044 0
62051 1
62056 1
62069 1
62082 1
62097 1
62110 0
62116 0
62125 0
62139 0
62153 1
62160 0
62164 0
62171 1
62183 0
62186 0
62191 0
62195 1
62210 1
62214 1
62227 0
62228 0
62241 1
62242 1
62254 0
62262 1
62287 0
62295 1
62301 0
62302 1
62303 0
62304 0
62306 0
62320 1
62325 1
62331 0
62338 0
62350 1
62364 0
62375 1
62389 1
62402 0
62403 0
62417 0
62420 1
62422 0
62423 1
62429 0
62441 1
62449 1
62460 0
62473 1
62488 0
62492 1
62504 0
62517 1
62530 1
62543 1
62552 0
62554 0
62557 0
62565 0
62576 1
62589 1
62603 0
62609 1
62610 1
62619 0
62631 1
62642 0
62655 1
62669 1
62683 1
62692 1
62697 0
62704 0
62705 1
62711 0
62717 0
62729 0
62733 0
62748 1
62756 0
62764 0
62771 1
62786 0
62794 1
62800 0
62802 1
62808 0
62823 0
62830 0
62832 1
62838 0
62852 0
62859 0
62870 0
62884 1
62892 0
62897 1
62908 1
62919 0
62921 1
62924 0
62925 1
62938 0
62950 0
62957 0
62958 1
62959 1
62963 0
62968 1
62982 1
62994 1
63003 1
63016 1
63024 0
63033 0
63035 1
63049 1
63062 1
63065 1
63070 0
63072 1
63087 1
63095 0
63110 0
63121 1
63124 1
63126 1
63134 1
63135 0
63137 1
63139 0
63151 0
63155 0
63157 0
63158 0
63165 1
63180 1
63187 0
63199 1
63201 0
63207 1
63214 1
63222 0
63229 1
63230 0
63233 0
63241 0
63254 0
63270 1
63284 1
63286 0
63287 0
63292 1
63299 1
63313 0
63319 1
63325 1
63333 0
63338 0
63341 1
63345 1
63351 0
63359 1
63366 1
63373 0
63377 0
63379 1
63391 1
63405 1
63414 0
63433 1
63447 0
63448 1
63461 1
63463 0
63467 0
63469 0
63484 1
63490 1
63499 0
63501 0
63513 0
63528 1
63540 1
63554 0
63557 0
63563 0
63570 1
63582 0
63604 1
63616 0
63630 1
63631 0
63636 0
63664 1
63679 0
63683 1
63695 1
63701 1
63703 0
63709 1
63715 0
63720 0
63735 0
63743 1
63746 1
63759 0
63766 1
63772 0
63778 0
63786 0
63798 0
63801 0
63807 1
63816 0
63829 1
63843 0
63844 0
63848 1
63853 0
63862 1
63876 1
63883 0
63892 0
63904 0
63908 1
63923 1
63934 0
63943 1
63945 1
63956 0
63963 0
63968 1
63977 0
63984 0
63991 1
64003 0
64011 0
64014 0
64029 1
64031 0
64038 1
64042 1
64051 1
64059 0
64062 0
64068 1
64073 1
64082 1
64097 0
64106 0
64117 1
64128 1
64139 1
64144 1
64153 1
64162 1
64168 0
64183 1
64187 0
64191 1
64199 0
64207 0
64219 1
64223 0
64228 1
64242 1
64255 0
64262 0
64266 1
64278 0
64283 1
64286 1
64300 1
64314 0
64316 1
64328 1
64334 1
64340 0
64347 0
64354 0
64358 1
64371 0
64379 1
64387 0
64401 0
64409 1
64423 0
64434 0
64440 0
64444 1
64453 0
64466 0
64471 0
64486 0
64490 1
64503 1
64508 1
64513 1
64522 1
64523 1
64531 1
64535 1
64543 0
64551 0
64560 0
64568 0
64573 1
64584 0
64586 0
64595 1
64603 0
64620 0
64622 0
64637 1
64652 0
64666 1
64669 0
64682 0
64690 1
64697 1
64709 1
64710 1
64717 1
64726 0
64734 1
64748 0
64755 1
64761 0
64775 0
64782 1
64796 0
64803 1
64819 0
64823 1
64827 1
64833 1
64834 0
64842 1
64857 0
64869 1
64878 1
64884 0
64893 1
64904 1
64912 1
64923 0
64926 0
64938 0
64949 1
64955 1
64966 1
64980 0
64982 0
64993 1
64995 1
64996 0
65003 0
65007 0
65011 1
65015 1
65028 1
65042 0
65049 0
65051 1
65062 0
65076 1
65087 0
65102 0
65115 0
65127 1
65132 1
65143 1
65146 1
65157 0
65162 1
65176 0
65185 0
65193 1
65200 0
65206 0
65209 0
65222 1
65225 1
65238 0
65250 0
65256 1
65261 1
65269 1
65283 1
65285 1
65291 0
65309 1
65313 0
65317 1
65326 1
65332 0
65344 1
65350 0
65357 1
65369 1
65382 0
65383 1
65397 0
65405 0
65409 1
65418 1
65431 1
65436 0
65440 0
65452 0
65454 0
65466 0
65472 0
65474 0
65489 1
65495 1
65506 0
65512 1
65519 1
65528 1
65530 0
65543 1
65550 1
65557 0
65564 0
65570 1
65578 0
65586 0
65595 1
65598 1
65600 1
65603 0
65614 0
65623 0
65625 0
65637 0
65645 1
65651 1
65652 0
65653 1
65661 0
65674 1
65676 1
65684 1
65686 1
65688 1
65691 1
65702 0
65704 0
65711 0
65726 1
65728 1
65730 1
65736 1
65741 1
65744 1
65752 0
65760 0
65774 1
65786 0
65792 0
65801 0
65815 1
65828 1
65832 0
65846 0
65854 0
65868 0
65883 0
65895 1
65901 1
65916 0
65931 1
65939 0
65943 0
65949 0
65950 1
65957 1
65971 0
65974 0
65980 0
65987 0
65990 0
65991 0
65999 1
66014 1
66016 1
66021 0
66024 1
66033 1
66046 0
66057 1
66061 1
66074 1
66087 1
66102 0
66109 0
66110 0
66125 0
66129 0
66134 1
66142 1
66154 0
66167 1
66168 0
66182 0
66193 0
66196 0
66203 0
66204 0
66208 1
66212 1
66226 1
66228 0
66240 1
66247 1
66260 1
66261 0
66273 1
66288 0
66301 0
66306 0
66319 1
66324 0
66325 1
66340 0
66354 1
66367 1
66370 0
66384 1
66398 0
66403 1
66409 1
66416 0
66431 0
66435 0
66441 1
66456 1
66470 1
66472 0
66483 1
66497 0
66502 0
66509 0
66513 0
66528 0
66540 1
66555 0
66559 0
66562 1
66577 1
66589 0
66594 0
66609 0
66614 0
66627 1
66636 1
66638 1
66651 0
66658 0
66660 0
66671 1
66676 1
66683 0
66695 0
66697 1
66703 1
66709 0
66722 0
66730 1
66746 1
66747 1
66750 0
66754 1
66769 0
66780 0
66794 1
66808 1
66816 1
66829 1
66831 1
66840 0
66847 1
66858 0
66860 0
66869 1
66874 1
66889 1
66900 1
66913 0
66920 1
66931 0
66935 1
66937 1
66945 0
66957 0
66961 0
66969 1
66992 1
67007 1
67013 1
67022 1
67033 1
67041 0
67052 1
67056 1
67070 0
67075 0
67090 0
67092 1
67093 1
67104 0
67112 1
67127 0
67138 1
67153 1
67161 1
67165 1
67171 1
67172 0
67177 0
67179 0
67190 1
67192 1
67200 0
67214 0
67227 0
67235 1
67242 0
67253 1
67262 0
67275 0
67287 0
67289 0
67293 1
67306 1
67317 0
67325 1
67332 1
67334 0
67348 0
67362 0
67368 0
67379 0
67383 0
67394 0
67405 0
67406 0
67417 0
67428 0
67432 1
67440 0
67452 1
67463 1
67466 1
67478 0
67493 1
67498 0
67510 0
67516 0
67530 0
67536 1
67562 0
67569 1
67593 0
67608 1
67616 0
67617 0
67629 1
67634 1
67638 0
67646 1
67655 1
67670 1
67684 0
67695 1
67699 0
67714 0
67715 0
67716 0
67718 1
67731 0
67745 1
67751 0
67758 0
67770 1
67782 0
67783 1
67787 0
67798 0
67813 0
67816 1
67817 1
67831 0
67839 1
67842 1
67851 1
67860 0
67872 1
67881 1
67889 0
67895 1
67905 0
67916 1
67928 0
67935 0
67943 1
67947 0
67962 0
67971 0
67980 0
67984 1
67985 1
67996 1
68000 1
68007 0
68012 0
68019 0
68032 1
68044 1
68058 1
68064 0
68065 1
68070 0
68071 1
68078 0
68079 1
68085 1
68094 0
68106 0
68108 0
68112 1
68120 0
68134 0
68141 0
68146 1
68159 1
68172 0
68173 0
68175 0
68183 1
68201 0
68203 0
68215 0
68226 0
68227 1
68228 1
68242 1
68251 1
68264 1
68265 1
68271 0
68279 0
68293 0
68297 0
68311 0
68314 0
68316 0
68328 0
68336 1
68349 1
68357 0
68361 1
68370 0
68383 1
68397 1
68411 0
68423 0
68429 0
68435 1
68443 0
68448 0
68474 1
68481 0
68485 1
68487 0
68498 0
68502 1
68516 1
68520 1
68529 0
68536 0
68548 0
68552 0
68554 0
68555 0
68569 0
68571 0
68578 1
68592 0
68605 1
68607 0
68621 1
68632 0
68649 1
68664 0
68666 1
68672 0
68674 1
68686 0
68688 1
68702 1
68703 0
68706 0
68708 1
68714 1
68719 1
68732 1
68739 1
68750 1
68751 0
68754 1
68765 0
68771 1
68784 0
68798 1
68809 0
68818 0
68825 0
68829 1
68838 0
68840 1
68851 0
68852 0
68867 1
68868 0
68882 0
68895 1
68898 0
68901 1
68909 0
68910 1
68912 1
68924 0
68935 1
68942 1
68953 0
68964 1
68971 0
68985 0
68996 1
68999 1
69008 1
69011 0
69025 0
69031 1
69039 1
69042 0
69050 1
69061 1
69065 0
69079 0
69093 0
69105 1
69119 1
69128 1
69141 0
69145 0
69146 0
69159 1
69163 1
69176 1
69181 0
69184 0
69198 1
69200 1
69215 1
69228 1
69230 1
69235 1
69241 0
69244 0
69248 1
69257 0
69261 0
69267 0
69280 0
69283 1
69289 0
69301 0
69307 0
69313 0
69325 1
69333 1
69342 1
69343 1
69355 0
69369 1
69377 0
69383 1
69390 1
69401 1
69415 0
69416 1
69421 0
69432 1
69440 0
69446 0
69450 0
69462 0
69475 0
69476 0
69490 0
69493 1
69504 1
69507 0
69509 1
69523 1
69532 1
69536 1
69548 0
69551 1
69562 1
69567 1
69571 0
69584 1
69595 1
69598 0
69613 1
69627 1
69636 0
69638 1
69650 1
69653 1
69657 0
69662 0
69668 1
69677 1
69685 0
69698 1
69702 1
69703 1
69717 0
69732 1
69733 0
69739 1
69752 1
69767 1
69781 0
69788 0
69793 0
69802 1
69809 1
69811 1
69826 1
69833 1
69841 1
69848 0
69849 1
69850 1
69864 1
69879 1
69881 0
69884 1
69887 1
69899 0
69908 1
69914 1
69921 0
69932 0
69943 1
69950 1
69954 1
69958 1
69961 1
69973 1
69984 0
69997 0
70002 1
70010 1
70017 0
70018 0
70027 0
70033 1
70036 0
70040 0
70045 0
70052 1
70061 1
70075 1
70082 1
70095 1
70109 0
70111 0
70118 1
70126 0
70130 0
70136 0
70144 1
70153 0
70168 1
70179 0
70191 1
70199 1
70203 0
70205 0
70211 0
70223 1
70230 1
70234 1
70247 1
70248 0
70255 1
70270 0
70279 0
70294 0
70306 0
70307 0
70315 0
70319 0
70320 0
70327 0
70340 0
70348 0
70355 0
70368 1
70380 1
70394 0
70402 1
70407 1
70414 1
70418 1
70424 0
70435 0
70444 0
70450 1
70452 0
70466 0
70478 1
70486 1
70492 1
70506 0
70517 1
70525 0
70526 0
70540 0
70544 1
70556 0
70562 0
70566 0
70578 0
70589 0
70603 0
70618 1
70624 1
70626 0
70637 0
70643 1
70649 1
70655 1
70658 0
70663 0
70672 1
70677 0
70679 1
70692 0
70697 1
70704 1
70711 0
70725 0
70738 0
70746 1
70750 1
70763 0
70778 0
70792 0
70797 1
70811 1
70820 1
70821 0
70834 1
70845 1
70847 0
70861 0
70873 1
70879 0
70894 0
70896 0
70910 1
70921 1
70923 0
70937 1
70952 1
70954 0
70961 0
70968 0
70977 1
70992 0
71005 1
71017 0
71020 1
71031 0
71035 0
71050 1
71053 1
71058 1
71072 1
71079 0
71084 0
71087 0
71102 0
71104 1
71109 1
71120 0
71129 1
71147 0
71149 1
71150 0
71165 0
71179 1
71185 1
71190 0
71193 0
71194 1
71197 0
71205 0
71209 1
71214 0
71225 0
71227 0
71235 0
71242 0
71247 1
71256 1
71263 0
71271 1
71280 1
71289 1
71302 0
71313 0
71324 0
71339 0
71348 1
71357 1
71371 1
71383 1
71397 1
71408 1
71415 0
71424 0
71433 0
71434 1
71435 1
71448 0
71459 0
71468 1
71472 0
71487 1
71498 0
71511 1
71515 0
71527 1
71539 1
71548 0
71557 0
71570 0
71579 0
71586 1
71595 0
71610 0
71616 1
71618 1
71632 1
71638 1
71641 1
71647 0
71650 1
71653 0
71668 0
71673 0
71684 0
71699 0
71705 1
71716 1
71724 0
71731 0
71736 0
71744 0
71748 0
71755 1
71757 0
71762 1
71763 1
71764 0
71778 0
71790 1
71797 0
71810 0
71823 0
71824 1
71825 0
71830 0
71845 1
71847 0
71861 0
71866 0
71874 0
71878 1
71892 1
71900 1
71915 1
71930 1
71945 1
71956 0
71968 0
71973 0
71984 0
71988 1
71992 0
71994 0
72003 1
72020 1
72024 0
72031 0
72045 0
72057 1
72059 1
72074 0
72089 1
72098 1
72100 0
72104 1
72115 0
72119 0
72122 0
72129 1
72134 0
72137 1
72142 0
72151 0
72155 0
72164 1
72176 0
72187 0
72201 1
72202 0
72208 0
72213 1
72220 1
72223 0
72235 0
72241 0
72255 0
72263 0
72278 0
72292 1
72299 1
72313 1
72319 0
72326 1
72334 0
72341 0
72349 0
72363 1
72365 0
72376 1
72390 0
72396 0
72403 0
72406 0
72415 1
72418 1
72424 0
72427 1
72436 0
72441 1
72453 1
72454 1
72465 0
72473 0
72482 0
72494 0
72501 1
72515 0
72530 1
72543 0
72546 1
72560 0
72577 1
72578 0
72586 1
72592 1
72599 0
72604 1
72613 0
72618 1
72627 0
72639 1
72646 1
72649 1
72654 0
72663 0
72671 0
72686 1
72694 0
72705 1
72710 1
72723 1
72737 0
72744 1
72746 0
72748 1
72762 0
72773 1
72778 0
72780 1
72784 0
72799 0
72814 1
72819 1
72822 1
72830 0
72831 1
72838 0
72853 0
72857 0
72859 0
72874 1
72888 1
72890 1
72905 0
72906 1
72913 0
72914 0
72928 0
72943 0
72951 1
72954 1
72968 0
72980 0
72987 1
72998 0
73003 0
73010 1
73025 1
73027 1
73035 0
73038 0
73040 0
73051 1
73052 0
73066 0
73067 0
73074 0
73089 1
73096 1
73101 1
73108 1
73112 0
73113 1
73126 1
73134 0
73147 1
73168 1
73173 0
73175 0
73183 1
73197 1
73208 1
73216 0
73219 0
73226 1
73253 1
73265 0
73272 0
73277 1
73286 1
73295 0
73312 1
73318 0
73341 1
73352 1
73354 1
73367 1
73372 0
73378 0
73382 1
73386 0
73393 1
73401 1
73413 1
73417 0
73428 0
73433 0
73436 0
73440 0
73447 0
73462 1
73474 1
73479 1
73493 0
73497 0
73499 0
73513 1
73522 0
73524 1
73539 1
73551 0
73563 0
73572 0
73575 0
73587 1
73599 1
73612 1
73619 1
73624 1
73635 0
73641 0
73645 1
73657 1
73662 1
73669 0
73678 1
73694 0
73699 1
73707 1
73720 0
73731 0
73743 1
73756 1
73770 1
73782 0
73794 1
73802 1
73805 1
73819 1
73831 1
73846 0
73850 1
73865 0
73870 0
73882 0
73890 1
73897 0
73905 0
73916 0
73930 1
73944 0
73948 0
73961 1
73967 1
73973 0
73980 0
73982 1
73987 1
73992 0
74005 0
74020 0
74024 0
74036 1
74040 0
74054 0
74059 0
74063 0
74067 1
74068 0
74076 0
74080 1
74081 0
74088 0
74100 1
74107 1
74110 0
74123 0
74129 1
74156 1
74169 0
74173 1
74178 0
74180 0
74188 1
74195 1
74210 0
74214 0
74229 0
74237 1
74245 0
74272 0
74285 1
74288 0
74292 0
74293 0
74302 1
74306 0
74321 0
74322 0
74325 1
74328 0
74331 1
74334 1
74340 1
74355 1
74364 0
74377 1
74379 1
74391 1
74404 0
74408 1
74409 0
74411 1
74415 1
74420 1
74429 1
74437 0
74446 1
74455 1
74466 0
74472 0
74481 1
74494 1
74502 1
74509 1
74524 0
74532 1
74536 0
74543 0
74557 0
74571 1
74575 1
74583 1
74594 0
74595 1
74602 0
74613 1
74617 1
74620 1
74624 0
74625 1
74627 1
74631 1
74646 1
74654 1
74667 0
74678 1
74691 0
74705 1
74714 1
74717 0
74730 1
74741 1
74754 0
74757 1
74763 0
74766 0
74777 1
74789 1
74794 1
74809 1
74822 0
74825 0
74836 0
74840 0
74845 0
74846 1
74852 0
74866 1
74870 1
74875 1
74879 0
74888 1
74893 1
74898 0
74906 1
74912 0
74917 0
74931 1
74946 1
74950 1
74958 1
74965 1
74980 0
74992 1
74995 1
75008 0
75011 1
75015 0
75027 0
75040 0
75042 1
75055 0
75062 1
75075 0
75079 1
75081 0
75094 1
75098 1
75110 0
75111 1
75117 0
75132 1
75136 1
75150 1
75153 1
75162 0
75164 0
75175 1
75181 1
75189 1
75198 1
75209 0
75215 0
75222 0
75233 0
75236 0
75247 0
75253 0
75257 1
75262 0
75263 0
75276 0
75290 1
75295 0
75296 1
75298 1
75303 1
75312 0
75324 0
75338 0
75341 0
75353 0
75360 1
75362 0
75374 1
75386 0
75389 0
75397 1
75408 0
75414 1
75422 1
75428 0
75433 0
75438 1
75451 1
75460 1
75463 0
75471 1
75472 0
75475 0
75490 0
75494 0
75500 0
75505 1
75519 0
75526 1
75538 0
75545 0
75553 0
75554 0
75566 0
75569 1
75582 0
75591 0
75604 0
75613 1
75627 0
75642 0
75647 1
75653 0
75656 0
75668 1
75673 0
75674 0
75676 1
75685 1
75696 1
75702 0
75704 1
75718 1
75721 0
75722 0
75729 0
75744 1
75752 1
75757 0
75760 1
75775 1
75776 0
75781 0
75787 1
75794 0
75808 1
75812 1
75820 0
75825 1
75837 0
75845 1
75849 1
75861 0
75869 0
75874 0
75880 0
75884 0
75898 0
75909 1
75921 1
75930 0
75947 1
75961 1
75975 1
75977 1
75979 0
75988 0
75990 1
75999 1
76007 1
76021 0
76028 0
76043 0
76047 1
76050 1
76052 1
76061 1
76062 0
76068 0
76070 1
76084 0
76097 0
76100 0
76114 0
76123 0
76124 0
76125 0
76130 1
76134 0
76136 0
76147 1
76148 1
76156 1
76171 0
76184 0
76187 0
76199 0
76207 0
76219 1
76220 0
76223 1
76232 1
76247 0
76254 0
76267 1
76272 1
76279 0
76293 1
76307 1
76314 1
76320 1
76331 0
76343 1
76348 0
76352 1
76366 1
76368 0
76370 0
76379 1
76394 1
76407 1
76413 0
76436 1
76450 1
76464 0
76469 1
76477 0
76495 1
76508 0
76521 0
76528 0
76533 1
76541 0
76549 0
76558 1
76566 0
76578 0
76593 1
76606 1
76617 0
76631 0
76635 0
76638 0
76651 1
76660 1
76675 1
76677 0
76689 1
76697 1
76706 1
76715 0
76727 1
76734 1
76739 1
76752 1
76761 0
76766 0
76779 0
76788 1
76794 1
76806 1
76813 1
76820 1
76833 0
76846 1
76859 1
76864 1
76870 0
76879 1
76892 0
76903 1
76912 1
76921 1
76925 1
76929 1
76942 0
76954 1
76967 0
76982 1
76985 1
76991 1
76994 0
77008 0
77022 0
77026 0
77040 0
77044 0
77052 1
77058 0
77063 1
77072 1
77077 1
77081 1
77090 1
77097 1
77106 1
77112 1
77115 0
77129 0
77131 1
77145 0
77154 0
77166 0
77170 1
77184 1
77197 1
77203 0
77214 0
77229 0
77237 1
77238 0
77241 0
77248 0
77257 0
77259 0
77261 0
77268 0
77283 1
77291 0
77304 0
77305 1
77312 1
77325 1
77338 0
77343 0
77348 0
77361 1
77372 1
77384 0
77393 0
77400 0
77404 1
77418 1
77429 1
77440 0
77448 1
77461 1
77474 0
77477 1
77486 1
77489 1
77502 1
77505 0
77509 0
77521 1
77524 1
77537 1
77542 0
77556 1
77563 1
77569 0
77581 1
77592 0
77607 0
77622 1
77626 1
77633 1
77637 1
77640 1
77653 1
77659 0
77665 1
77678 0
77687 0
77694 0
77695 0
77700 0
77709 1
77724 0
77733 1
77741 0
77753 1
77765 1
77778 0
77785 1
77787 0
77800 0
77815 1
77826 1
77837 1
77844 0
77860 0
77867 0
77882 1
77885 1
77893 0
77900 0
77915 1
77924 1
77927 0
77931 1
77933 0
77945 0
77952 1
77969 1
77978 1
77992 1
78005 1
78007 0
78011 1
78020 0
78026 1
78027 1
78036 1
78038 1
78045 1
78056 0
78057 1
78068 0
78071 1
78084 0
78086 0
78101 1
78110 0
78123 0
78129 0
78142 0
78151 1
78158 1
78163 0
78177 1
78186 0
78191 1
78212 1
78214 0
78218 0
78230 0
78236 0
78242 1
78255 1
78266 0
78271 0
78276 1
78283 0
78295 1
78309 1
78318 0
78326 1
78334 1
78343 0
78356 1
78359 0
78363 0
78378 1
78387 1
78389 1
78403 1
78410 0
78416 0
78423 1
78438 1
78450 0
78456 0
78461 0
78473 0
78479 0
78493 0
78496 0
78499 1
78503 1
78518 1
78532 1
78536 1
78537 0
78542 1
78550 1
78551 1
78562 1
78576 0
78582 0
78589 1
78598 0
78615 0
78617 1
78618 0
78624 0
78626 0
78628 1
78639 1
78646 0
78657 1
78670 0
78675 1
78689 1
78694 0
78700 1
78702 1
78708 1
78721 0
78732 0
78744 0
78750 1
78751 1
78758 0
78771 0
78777 0
78792 1
78794 1
78797 0
78798 1
78802 1
78811 1
78812 0
78813 0
78814 1
78827 1
78828 0
78839 1
78846 0
78854 0
78865 1
78870 0
78873 1
78876 1
78879 0
78892 0
78906 0
78915 1
78918 0
78931 1
78932 1
78950 0
78962 1
78968 0
78983 0
78990 0
78993 1
79004 0
79019 0
79020 1
79021 1
79036 0
79040 1
79058 1
79059 0
79072 0
79083 0
79085 1
79090 1
79097 0
79101 1
79112 0
79123 0
79138 1
79149 1
79156 0
79172 0
79178 1
79190 0
79201 1
79210 1
79222 1
79226 1
79237 1
79250 1
79252 1
79260 1
79264 0
79273 1
79281 0
79293 0
79302 0
79315 0
79319 1
79331 1
79342 0
79356 1
79368 0
79383 1
79390 0
79401 0
79409 0
79414 1
79416 1
79425 1
79426 1
79431 0
79437 0
79446 0
79460 0
79466 1
79467 1
79478 1
