100
7 1
14 0
16 1
24 1
26 1
33 1
41 1
49 1
54 1
63 1
71 1
79 1
82 1
86 1
93 1
99 1
107 1
112 1
121 1
122 1
123 1
131 1
135 1
138 1
140 1
141 1
148 1
153 1
162 1
171 1
177 1
181 1
186 1
189 1
191 1
196 1
203 1
207 1
208 1
210 1
211 1
215 1
216 1
220 1
221 1
223 1
226 1
229 1
236 1
245 1
249 1
254 1
258 1
259 1
261 1
262 1
267 1
273 1
281 1
287 1
290 1
296 1
298 1
301 1
304 1
306 1
308 1
315 1
324 1
333 1
337 1
345 1
347 1
352 1
361 1
368 1
372 1
378 1
384 1
388 1
390 1
392 1
399 1
401 1
409 1
413 1
414 1
419 1
428 1
436 1
445 1
454 1
461 1
470 1
473 1
478 1
486 1
494 1
499 1
504 1
