100
5 1
9 0
14 1
21 1
27 1
29 1
34 1
37 1
41 1
42 1
50 1
54 1
63 1
68 1
69 1
75 1
80 1
81 1
88 1
95 1
96 1
102 1
104 1
112 1
118 1
126 1
134 1
138 1
143 1
144 1
147 1
156 1
160 1
163 1
169 1
176 1
178 1
184 1
192 1
194 1
197 1
205 1
206 1
210 1
219 1
226 1
235 1
239 1
241 1
249 1
251 1
258 1
261 1
268 1
273 1
281 1
283 1
287 1
292 1
296 1
304 1
306 1
310 1
318 1
321 1
328 1
332 1
333 1
338 1
344 1
346 1
355 1
356 1
362 1
371 1
372 1
373 1
377 1
379 1
384 1
389 1
397 1
402 1
404 1
408 1
416 1
425 1
427 1
435 1
439 1
448 1
453 1
459 1
460 1
464 1
470 1
478 1
480 1
485 1
494 1
