1000
9 0
15 1
18 0
19 0
25 0
26 0
28 0
29 0
30 0
31 0
33 0
38 0
44 0
46 0
47 0
50 0
51 0
54 0
61 0
70 0
71 0
74 0
78 0
80 0
81 0
82 0
83 0
84 0
92 0
93 0
101 0
108 0
116 0
124 0
130 0
133 0
142 0
147 0
150 0
158 0
159 0
167 0
174 0
181 0
182 0
188 0
191 0
195 0
204 0
209 0
218 0
226 0
233 0
236 0
245 0
252 0
255 0
257 0
260 0
264 0
265 0
270 0
272 0
275 0
283 0
292 0
299 0
307 0
315 0
317 0
321 0
324 0
328 0
330 0
335 0
341 0
343 0
348 0
354 0
360 0
364 0
369 0
371 0
373 0
376 0
382 0
386 0
394 0
402 0
405 0
413 0
419 0
426 0
434 0
443 0
452 0
460 0
463 0
468 0
470 0
472 0
477 0
483 0
484 0
489 0
498 0
499 0
503 0
510 0
512 0
513 0
516 0
522 0
527 0
533 0
538 0
543 0
551 0
553 0
557 0
560 0
566 0
575 0
576 0
585 0
594 0
603 0
607 0
610 0
614 0
615 0
622 0
629 0
630 0
637 0
642 0
646 0
649 0
651 0
653 0
656 0
658 0
664 0
670 0
671 0
675 0
683 0
690 0
697 0
705 0
708 0
714 0
721 0
728 0
734 0
736 0
745 0
754 0
756 0
757 0
760 0
765 0
767 0
773 0
777 0
782 0
786 0
792 0
799 0
806 0
815 0
820 0
826 0
833 0
836 0
844 0
850 0
859 0
868 0
870 0
876 0
882 0
884 0
885 0
890 0
897 0
899 0
900 0
901 0
902 0
908 0
912 0
915 0
918 0
926 0
932 0
939 0
944 0
947 0
950 0
958 0
967 0
971 0
974 0
982 0
989 0
998 0
1005 0
1013 0
1021 0
1030 0
1038 0
1045 0
1046 0
1048 0
1054 0
1059 0
1061 0
1065 0
1074 0
1078 0
1080 0
1088 0
1094 0
1099 0
1107 0
1109 0
1113 0
1122 0
1127 0
1131 0
1137 0
1141 0
1149 0
1157 0
1163 0
1164 0
1173 0
1174 0
1179 0
1183 0
1192 0
1194 0
1195 0
1199 0
1207 0
1216 0
1225 0
1232 0
1240 0
1248 0
1250 0
1254 0
1262 0
1271 0
1275 0
1284 0
1286 0
1288 0
1292 0
1297 0
1304 0
1310 0
1317 0
1323 0
1331 0
1335 0
1344 0
1351 0
1357 0
1360 0
1366 0
1375 0
1383 0
1389 0
1396 0
1398 0
1402 0
1407 0
1408 0
1417 0
1419 0
1422 0
1424 0
1426 0
1433 0
1437 0
1443 0
1446 0
1449 0
1458 0
1461 0
1462 0
1471 0
1474 0
1478 0
1480 0
1488 0
1493 0
1496 0
1502 0
1504 0
1508 0
1515 0
1523 0
1529 0
1536 0
1541 0
1542 0
1551 0
1556 0
1558 0
1563 0
1570 0
1572 0
1574 0
1577 0
1579 0
1583 0
1587 0
1592 0
1599 0
1604 0
1609 0
1618 0
1623 0
1627 0
1632 0
1636 0
1644 0
1651 0
1652 0
1656 0
1664 0
1668 0
1674 0
1676 0
1680 0
1685 0
1693 0
1694 0
1698 0
1706 0
1712 0
1721 0
1724 0
1732 0
1736 0
1742 0
1750 0
1751 0
1759 0
1766 0
1767 0
1776 0
1777 0
1785 0
1789 0
1790 0
1795 0
1801 0
1805 0
1809 0
1814 0
1820 0
1823 0
1829 0
1835 0
1836 0
1843 0
1847 0
1852 0
1854 0
1858 0
1867 0
1875 0
1884 0
1889 0
1898 0
1904 0
1910 0
1918 0
1921 0
1924 0
1929 0
1938 0
1940 0
1949 0
1956 0
1964 0
1966 0
1972 0
1976 0
1977 0
1978 0
1984 0
1993 0
2002 0
2005 0
2009 0
2015 0
2017 0
2019 0
2023 0
2026 0
2030 0
2031 0
2038 0
2044 0
2048 0
2049 0
2056 0
2059 0
2060 0
2064 0
2068 0
2074 0
2083 0
2092 0
2098 0
2107 0
2113 0
2118 0
2123 0
2129 0
2137 0
2140 0
2143 0
2149 0
2155 0
2158 0
2164 0
2169 0
2174 0
2175 0
2180 0
2188 0
2194 0
2198 0
2201 0
2205 0
2214 0
2217 0
2218 0
2220 0
2228 0
2230 0
2239 0
2247 0
2250 0
2259 0
2260 0
2267 0
2276 0
2280 0
2288 0
2289 0
2298 0
2302 0
2306 0
2315 0
2320 0
2329 0
2332 0
2336 0
2343 0
2345 0
2350 0
2353 0
2362 0
2366 0
2373 0
2379 0
2380 0
2386 0
2394 0
2400 0
2406 0
2413 0
2414 0
2417 0
2423 0
2430 0
2439 0
2444 0
2447 0
2451 0
2454 0
2456 0
2461 0
2463 0
2469 0
2477 0
2478 0
2481 0
2485 0
2490 0
2498 0
2501 0
2505 0
2509 0
2518 0
2519 0
2524 0
2531 0
2537 0
2546 0
2554 0
2561 0
2567 0
2573 0
2579 0
2585 0
2586 0
2589 0
2594 0
2595 0
2601 0
2607 0
2614 0
2621 0
2624 0
2627 0
2635 0
2636 0
2642 0
2645 0
2653 0
2654 0
2660 0
2662 0
2667 0
2668 0
2677 0
2683 0
2686 0
2692 0
2698 0
2699 0
2700 0
2702 0
2703 0
2709 0
2716 0
2723 0
2726 0
2729 0
2732 0
2735 0
2738 0
2740 0
2743 0
2749 0
2753 0
2754 0
2757 0
2766 0
2772 0
2779 0
2788 0
2790 0
2796 0
2801 0
2804 0
2810 0
2815 0
2823 0
2827 0
2830 0
2836 0
2844 0
2852 0
2856 0
2864 0
2866 0
2870 0
2873 0
2881 0
2885 0
2888 0
2892 0
2898 0
2899 0
2906 0
2914 0
2921 0
2930 0
2937 0
2946 0
2947 0
2951 0
2953 0
2958 0
2965 0
2968 0
2977 0
2981 0
2990 0
2994 0
2996 0
3003 0
3005 0
3007 0
3010 0
3016 0
3022 0
3027 0
3035 0
3039 0
3042 0
3046 0
3047 0
3053 0
3054 0
3063 0
3072 0
3076 0
3083 0
3086 0
3095 0
3100 0
3101 0
3106 0
3114 0
3115 0
3120 0
3129 0
3136 0
3144 0
3149 0
3155 0
3160 0
3165 0
3173 0
3175 0
3176 0
3183 0
3189 0
3191 0
3197 0
3206 0
3212 0
3215 0
3222 0
3225 0
3228 0
3234 0
3236 0
3238 0
3240 0
3246 0
3255 0
3262 0
3267 0
3271 0
3274 0
3283 0
3288 0
3293 0
3296 0
3303 0
3310 0
3319 0
3322 0
3326 0
3332 0
3336 0
3340 0
3349 0
3350 0
3354 0
3355 0
3358 0
3366 0
3369 0
3375 0
3381 0
3385 0
3387 0
3391 0
3398 0
3402 0
3409 0
3411 0
3419 0
3421 0
3426 0
3435 0
3436 0
3437 0
3446 0
3452 0
3457 0
3462 0
3469 0
3470 0
3477 0
3483 0
3488 0
3497 0
3501 0
3504 0
3512 0
3520 0
3525 0
3527 0
3534 0
3535 0
3537 0
3541 0
3549 0
3556 0
3565 0
3574 0
3579 0
3586 0
3589 0
3592 0
3600 0
3604 0
3606 0
3615 0
3624 0
3631 0
3640 0
3645 0
3651 0
3658 0
3663 0
3665 0
3671 0
3676 0
3677 0
3683 0
3685 0
3688 0
3695 0
3697 0
3702 0
3704 0
3705 0
3711 0
3720 0
3724 0
3729 0
3730 0
3737 0
3739 0
3747 0
3750 0
3751 0
3754 0
3755 0
3763 0
3766 0
3770 0
3779 0
3788 0
3791 0
3795 0
3799 0
3808 0
3812 0
3820 0
3822 0
3823 0
3827 0
3835 0
3843 0
3851 0
3859 0
3865 0
3872 0
3879 0
3887 0
3895 0
3904 0
3907 0
3910 0
3919 0
3925 0
3932 0
3938 0
3941 0
3948 0
3951 0
3954 0
3959 0
3965 0
3968 0
3974 0
3978 0
3986 0
3995 0
4001 0
4009 0
4010 0
4013 0
4019 0
4023 0
4024 0
4025 0
4027 0
4030 0
4034 0
4036 0
4042 0
4045 0
4053 0
4062 0
4069 0
4070 0
4077 0
4081 0
4082 0
4084 0
4093 0
4099 0
4101 0
4107 0
4116 0
4125 0
4127 0
4132 0
4140 0
4149 0
4152 0
4161 0
4166 0
4168 0
4172 0
4179 0
4183 0
4189 0
4196 0
4204 0
4208 0
4211 0
4214 0
4221 0
4223 0
4231 0
4235 0
4243 0
4248 0
4250 0
4253 0
4257 0
4258 0
4266 0
4272 0
4273 0
4280 0
4287 0
4296 0
4305 0
4313 0
4315 0
4316 0
4320 0
4327 0
4332 0
4338 0
4346 0
4353 0
4355 0
4362 0
4368 0
4369 0
4374 0
4380 0
4389 0
4396 0
4400 0
4404 0
4406 0
4410 0
4414 0
4418 0
4422 0
4426 0
4428 0
4431 0
4440 0
4449 0
4453 0
4457 0
4462 0
4463 0
4471 0
4479 0
4488 0
4497 0
4500 0
4505 0
4510 0
4513 0
4520 0
4521 0
4523 0
4525 0
4531 0
4540 0
4541 0
4546 0
4548 0
4549 0
4550 0
4553 0
4558 0
4560 0
4563 0
4572 0
4576 0
4578 0
4587 0
4588 0
4590 0
4598 0
4599 0
4605 0
4608 0
4617 0
4618 0
4619 0
4622 0
4629 0
4636 0
4637 0
4646 0
4651 0
4660 0
4666 0
4674 0
4683 0
4684 0
4691 0
4697 0
4706 0
4714 0
4721 0
4729 0
4734 0
4743 0
4751 0
4753 0
4760 0
4761 0
4767 0
4775 0
4782 0
4786 0
4791 0
4799 0
4807 0
4810 0
4812 0
4820 0
4825 0
4827 0
4835 0
4836 0
4843 0
4849 0
4852 0
4853 0
4855 0
4859 0
4862 0
4865 0
4872 0
4881 0
4889 0
4898 0
4906 0
4910 0
4916 0
4918 0
4921 0
4924 0
4932 0
4936 0
4943 0
4950 0
4955 0
4959 0
4962 0
4963 0
4966 0
4975 0
4982 0
4986 0
4991 0
4992 0
4999 0
5008 0
5016 0
5023 0
5027 0
5035 0
