10000
5 1
12 0
14 1
23 1
28 1
35 1
41 1
45 1
49 1
50 1
58 1
66 1
73 1
78 1
84 1
91 1
94 1
99 1
106 1
111 1
116 1
120 1
123 1
131 1
138 1
145 1
154 1
156 1
160 1
168 1
171 1
178 1
180 1
182 1
190 1
197 1
198 1
203 1
207 1
208 1
216 1
225 1
227 1
233 1
240 1
243 1
251 1
259 1
265 1
269 1
273 1
278 1
286 1
292 1
296 1
300 1
307 1
310 1
313 1
317 1
318 1
319 1
324 1
332 1
340 1
345 1
353 1
358 1
362 1
369 1
376 1
383 1
391 1
397 1
403 1
412 1
414 1
422 1
428 1
437 1
444 1
451 1
456 1
462 1
470 1
475 1
484 1
485 1
494 1
498 1
505 1
510 1
513 1
518 1
524 1
528 1
537 1
543 1
544 1
545 1
552 1
557 1
563 1
572 1
577 1
581 1
587 1
590 1
591 1
596 1
603 1
610 1
616 1
624 1
626 1
629 1
636 1
644 1
648 1
650 1
655 1
658 1
661 1
670 1
674 1
676 1
681 1
682 1
689 1
696 1
702 1
705 1
706 1
710 1
711 1
715 1
721 1
728 1
735 1
744 1
752 1
761 1
766 1
772 1
773 1
775 1
777 1
779 1
784 1
788 1
795 1
804 1
806 1
810 1
811 1
812 1
815 1
821 1
823 1
824 1
833 1
836 1
845 1
847 1
851 1
853 1
854 1
858 1
862 1
868 1
869 1
873 1
882 1
889 1
892 1
899 1
904 1
909 1
917 1
922 1
930 1
935 1
942 1
948 1
953 1
954 1
956 1
965 1
967 1
974 1
976 1
977 1
985 1
992 1
999 1
1006 1
1011 1
1014 1
1023 1
1027 1
1035 1
1038 1
1043 1
1045 1
1054 1
1058 1
1065 1
1072 1
1076 1
1085 1
1091 1
1095 1
1098 1
1107 1
1116 1
1117 1
1126 1
1130 1
1139 1
1143 1
1150 1
1159 1
1168 1
1174 1
1177 1
1180 1
1185 1
1187 1
1196 1
1202 1
1209 1
1212 1
1218 1
1224 1
1233 1
1240 1
1244 1
1253 1
1258 1
1267 1
1268 1
1276 1
1281 1
1283 1
1290 1
1294 1
1298 1
1306 1
1307 1
1316 1
1320 1
1322 1
1323 1
1328 1
1336 1
1344 1
1353 1
1356 1
1357 1
1364 1
1372 1
1380 1
1384 1
1386 1
1392 1
1399 1
1405 1
1413 1
1420 1
1428 1
1430 1
1437 1
1440 1
1447 1
1454 1
1459 1
1463 1
1468 1
1469 1
1473 1
1477 1
1486 1
1487 1
1494 1
1498 1
1500 1
1508 1
1513 1
1518 1
1525 1
1526 1
1529 1
1535 1
1536 1
1545 1
1548 1
1550 1
1551 1
1557 1
1562 1
1571 1
1576 1
1584 1
1592 1
1596 1
1600 1
1609 1
1612 1
1619 1
1622 1
1624 1
1630 1
1638 1
1646 1
1648 1
1653 1
1657 1
1665 1
1673 1
1679 1
1686 1
1693 1
1700 1
1702 1
1703 1
1706 1
1712 1
1715 1
1719 1
1728 1
1736 1
1744 1
1749 1
1751 1
1760 1
1766 1
1773 1
1779 1
1786 1
1792 1
1799 1
1807 1
1808 1
1816 1
1820 1
1828 1
1830 1
1835 1
1838 1
1841 1
1842 1
1846 1
1854 1
1855 1
1864 1
1868 1
1874 1
1876 1
1881 1
1885 1
1890 1
1899 1
1903 1
1905 1
1911 1
1917 1
1923 1
1932 1
1937 1
1941 1
1946 1
1955 1
1959 1
1962 1
1967 1
1970 1
1973 1
1975 1
1981 1
1989 1
1994 1
1998 1
2003 1
2012 1
2020 1
2029 1
2035 1
2039 1
2048 1
2055 1
2056 1
2061 1
2063 1
2071 1
2072 1
2081 1
2087 1
2093 1
2098 1
2099 1
2105 1
2111 1
2116 1
2119 1
2120 1
2123 1
2129 1
2135 1
2138 1
2145 1
2152 1
2158 1
2161 1
2168 1
2169 1
2172 1
2175 1
2184 1
2193 1
2196 1
2197 1
2206 1
2210 1
2212 1
2214 1
2215 1
2219 1
2224 1
2229 1
2230 1
2232 1
2236 1
2245 1
2250 1
2257 1
2260 1
2265 1
2272 1
2276 1
2279 1
2284 1
2291 1
2293 1
2294 1
2296 1
2298 1
2299 1
2305 1
2308 1
2309 1
2311 1
2312 1
2313 1
2316 1
2322 1
2326 1
2328 1
2330 1
2339 1
2346 1
2349 1
2358 1
2362 1
2364 1
2369 1
2378 1
2383 1
2385 1
2390 1
2398 1
2399 1
2401 1
2406 1
2411 1
2413 1
2417 1
2420 1
2421 1
2430 1
2435 1
2436 1
2438 1
2440 1
2444 1
2445 1
2454 1
2463 1
2468 1
2474 1
2482 1
2490 1
2492 1
2497 1
2498 1
2502 1
2507 1
2511 1
2519 1
2524 1
2525 1
2529 1
2538 1
2540 1
2545 1
2549 1
2551 1
2552 1
2553 1
2562 1
2568 1
2572 1
2573 1
2581 1
2587 1
2593 1
2601 1
2602 1
2609 1
2615 1
2623 1
2632 1
2639 1
2648 1
2650 1
2659 1
2665 1
2666 1
2669 1
2673 1
2674 1
2682 1
2684 1
2692 1
2694 1
2698 1
2707 1
2714 1
2720 1
2721 1
2726 1
2728 1
2737 1
2744 1
2752 1
2758 1
2766 1
2773 1
2780 1
2786 1
2787 1
2794 1
2795 1
2796 1
2803 1
2811 1
2818 1
2822 1
2826 1
2832 1
2839 1
2845 1
2848 1
2855 1
2863 1
2871 1
2876 1
2882 1
2890 1
2896 1
2903 1
2909 1
2915 1
2916 1
2923 1
2932 1
2937 1
2942 1
2944 1
2947 1
2951 1
2954 1
2960 1
2969 1
2972 1
2975 1
2982 1
2990 1
2994 1
2998 1
3004 1
3011 1
3018 1
3025 1
3032 1
3037 1
3043 1
3046 1
3050 1
3059 1
3067 1
3076 1
3078 1
3081 1
3083 1
3090 1
3092 1
3093 1
3094 1
3095 1
3096 1
3100 1
3109 1
3110 1
3116 1
3117 1
3123 1
3130 1
3139 1
3140 1
3148 1
3151 1
3154 1
3162 1
3168 1
3172 1
3177 1
3183 1
3186 1
3194 1
3201 1
3209 1
3218 1
3226 1
3232 1
3237 1
3238 1
3243 1
3245 1
3253 1
3258 1
3261 1
3268 1
3273 1
3277 1
3286 1
3290 1
3295 1
3297 1
3306 1
3315 1
3319 1
3328 1
3337 1
3342 1
3347 1
3352 1
3359 1
3361 1
3368 1
3373 1
3378 1
3381 1
3385 1
3393 1
3395 1
3396 1
3401 1
3408 1
3415 1
3420 1
3427 1
3432 1
3438 1
3444 1
3453 1
3460 1
3469 1
3476 1
3482 1
3485 1
3491 1
3495 1
3498 1
3507 1
3511 1
3515 1
3518 1
3520 1
3523 1
3530 1
3532 1
3538 1
3546 1
3554 1
3555 1
3560 1
3561 1
3563 1
3564 1
3570 1
3578 1
3587 1
3589 1
3592 1
3598 1
3603 1
3608 1
3614 1
3615 1
3618 1
3622 1
3629 1
3632 1
3640 1
3648 1
3651 1
3660 1
3662 1
3670 1
3674 1
3679 1
3685 1
3692 1
3701 1
3704 1
3710 1
3714 1
3723 1
3731 1
3733 1
3735 1
3741 1
3748 1
3753 1
3760 1
3762 1
3764 1
3767 1
3769 1
3776 1
3781 1
3783 1
3786 1
3792 1
3796 1
3800 1
3801 1
3805 1
3814 1
3823 1
3826 1
3827 1
3834 1
3841 1
3850 1
3857 1
3862 1
3864 1
3873 1
3875 1
3883 1
3890 1
3897 1
3906 1
3912 1
3917 1
3922 1
3927 1
3936 1
3941 1
3948 1
3951 1
3955 1
3960 1
3964 1
3967 1
3970 1
3974 1
3981 1
3982 1
3989 1
3998 1
4003 1
4008 1
4009 1
4013 1
4019 1
4021 1
4027 1
4031 1
4040 1
4046 1
4055 1
4056 1
4058 1
4059 1
4062 1
4069 1
4073 1
4080 1
4085 1
4094 1
4100 1
4104 1
4105 1
4106 1
4111 1
4114 1
4122 1
4123 1
4128 1
4130 1
4136 1
4138 1
4145 1
4150 1
4157 1
4158 1
4163 1
4164 1
4170 1
4174 1
4176 1
4184 1
4191 1
4197 1
4200 1
4201 1
4203 1
4211 1
4215 1
4219 1
4228 1
4237 1
4240 1
4241 1
4245 1
4249 1
4255 1
4263 1
4269 1
4272 1
4277 1
4286 1
4288 1
4291 1
4300 1
4303 1
4306 1
4312 1
4315 1
4316 1
4325 1
4333 1
4337 1
4339 1
4346 1
4350 1
4352 1
4353 1
4354 1
4360 1
4366 1
4370 1
4372 1
4380 1
4385 1
4386 1
4393 1
4402 1
4404 1
4413 1
4421 1
4428 1
4431 1
4434 1
4435 1
4444 1
4453 1
4457 1
4466 1
4468 1
4473 1
4474 1
4480 1
4488 1
4491 1
4499 1
4501 1
4504 1
4512 1
4516 1
4525 1
4531 1
4540 1
4542 1
4545 1
4554 1
4558 1
4559 1
4564 1
4568 1
4571 1
4575 1
4577 1
4578 1
4586 1
4593 1
4595 1
4599 1
4608 1
4614 1
4619 1
4623 1
4624 1
4633 1
4642 1
4643 1
4648 1
4651 1
4652 1
4656 1
4661 1
4663 1
4667 1
4671 1
4672 1
4678 1
4683 1
4685 1
4691 1
4699 1
4701 1
4708 1
4715 1
4718 1
4725 1
4726 1
4731 1
4732 1
4739 1
4745 1
4751 1
4758 1
4760 1
4762 1
4771 1
4773 1
4776 1
4777 1
4779 1
4781 1
4784 1
4792 1
4798 1
4802 1
4806 1
4807 1
4812 1
4813 1
4821 1
4827 1
4833 1
4836 1
4843 1
4851 1
4855 1
4862 1
4864 1
4868 1
4871 1
4880 1
4884 1
4889 1
4893 1
4897 1
4900 1
4902 1
4906 1
4912 1
4914 1
4916 1
4925 1
4928 1
4935 1
4941 1
4943 1
4951 1
4959 1
4960 1
4965 1
4970 1
4971 1
4974 1
4983 1
4986 1
4991 1
4997 1
5000 1
5004 1
5005 1
5014 1
5017 1
5024 1
5027 1
5035 1
5039 1
5048 1
5050 1
5056 1
5061 1
5062 1
5066 1
5070 1
5079 1
5082 1
5083 1
5091 1
5092 1
5101 1
5110 1
5112 1
5114 1
5123 1
5125 1
5127 1
5134 1
5140 1
5146 1
5147 1
5154 1
5161 1
5167 1
5169 1
5175 1
5184 1
5193 1
5199 1
5201 1
5208 1
5211 1
5217 1
5225 1
5229 1
5234 1
5239 1
5247 1
5250 1
5251 1
5252 1
5261 1
5267 1
5269 1
5277 1
5286 1
5293 1
5294 1
5295 1
5301 1
5308 1
5309 1
5316 1
5324 1
5326 1
5335 1
5336 1
5337 1
5340 1
5343 1
5351 1
5359 1
5364 1
5367 1
5371 1
5380 1
5382 1
5384 1
5392 1
5397 1
5406 1
5411 1
5419 1
5427 1
5431 1
5434 1
5440 1
5444 1
5452 1
5453 1
5462 1
5470 1
5471 1
5476 1
5482 1
5490 1
5492 1
5498 1
5499 1
5506 1
5511 1
5514 1
5520 1
5528 1
5536 1
5543 1
5546 1
5552 1
5561 1
5570 1
5571 1
5573 1
5580 1
5581 1
5586 1
5592 1
5601 1
5610 1
5615 1
5621 1
5630 1
5631 1
5632 1
5634 1
5638 1
5646 1
5653 1
5655 1
5659 1
5662 1
5664 1
5670 1
5679 1
5684 1
5691 1
5698 1
5707 1
5710 1
5716 1
5725 1
5728 1
5733 1
5738 1
5742 1
5746 1
5753 1
5758 1
5765 1
5773 1
5778 1
5781 1
5783 1
5790 1
5796 1
5802 1
5807 1
5816 1
5825 1
5829 1
5832 1
5837 1
5841 1
5848 1
5855 1
5859 1
5862 1
5870 1
5879 1
5880 1
5886 1
5892 1
5895 1
5904 1
5911 1
5917 1
5918 1
5920 1
5923 1
5924 1
5926 1
5935 1
5943 1
5951 1
5956 1
5957 1
5965 1
5970 1
5976 1
5982 1
5986 1
5987 1
5996 1
6005 1
6006 1
6011 1
6016 1
6017 1
6025 1
6030 1
6033 1
6042 1
6043 1
6044 1
6047 1
6056 1
6057 1
6060 1
6069 1
6076 1
6081 1
6082 1
6089 1
6093 1
6099 1
6103 1
6110 1
6116 1
6118 1
6125 1
6134 1
6140 1
6147 1
6151 1
6154 1
6162 1
6169 1
6174 1
6179 1
6180 1
6189 1
6195 1
6202 1
6207 1
6209 1
6216 1
6220 1
6228 1
6233 1
6242 1
6247 1
6254 1
6259 1
6262 1
6270 1
6273 1
6277 1
6284 1
6290 1
6292 1
6300 1
6306 1
6311 1
6320 1
6328 1
6332 1
6336 1
6340 1
6342 1
6351 1
6360 1
6365 1
6366 1
6368 1
6371 1
6373 1
6375 1
6379 1
6386 1
6389 1
6394 1
6399 1
6404 1
6411 1
6417 1
6422 1
6429 1
6432 1
6438 1
6440 1
6442 1
6444 1
6448 1
6455 1
6459 1
6464 1
6471 1
6473 1
6479 1
6481 1
6489 1
6490 1
6491 1
6497 1
6499 1
6508 1
6514 1
6522 1
6530 1
6537 1
6545 1
6554 1
6556 1
6565 1
6572 1
6577 1
6579 1
6583 1
6584 1
6591 1
6596 1
6600 1
6605 1
6611 1
6614 1
6623 1
6627 1
6629 1
6637 1
6642 1
6650 1
6653 1
6658 1
6667 1
6670 1
6672 1
6680 1
6689 1
6692 1
6699 1
6703 1
6707 1
6712 1
6719 1
6728 1
6729 1
6733 1
6742 1
6743 1
6744 1
6750 1
6753 1
6760 1
6767 1
6775 1
6778 1
6784 1
6790 1
6798 1
6805 1
6812 1
6813 1
6815 1
6822 1
6826 1
6829 1
6834 1
6842 1
6848 1
6856 1
6857 1
6858 1
6866 1
6871 1
6872 1
6877 1
6880 1
6883 1
6888 1
6896 1
6900 1
6906 1
6912 1
6921 1
6924 1
6929 1
6930 1
6937 1
6943 1
6947 1
6955 1
6956 1
6964 1
6969 1
6973 1
6978 1
6980 1
6986 1
6992 1
6999 1
7002 1
7011 1
7018 1
7022 1
7031 1
7032 1
7041 1
7045 1
7049 1
7052 1
7058 1
7067 1
7068 1
7072 1
7076 1
7083 1
7091 1
7094 1
7098 1
7100 1
7103 1
7104 1
7112 1
7120 1
7121 1
7127 1
7135 1
7136 1
7144 1
7150 1
7152 1
7160 1
7165 1
7171 1
7174 1
7180 1
7181 1
7184 1
7192 1
7195 1
7203 1
7208 1
7211 1
7215 1
7220 1
7222 1
7223 1
7232 1
7238 1
7240 1
7249 1
7250 1
7254 1
7261 1
7270 1
7272 1
7281 1
7282 1
7286 1
7292 1
7300 1
7309 1
7318 1
7322 1
7327 1
7328 1
7337 1
7341 1
7343 1
7349 1
7353 1
7357 1
7363 1
7368 1
7373 1
7378 1
7384 1
7386 1
7387 1
7392 1
7396 1
7398 1
7404 1
7411 1
7420 1
7423 1
7431 1
7434 1
7443 1
7452 1
7456 1
7460 1
7462 1
7464 1
7473 1
7478 1
7483 1
7492 1
7493 1
7497 1
7498 1
7505 1
7508 1
7509 1
7516 1
7518 1
7527 1
7528 1
7530 1
7531 1
7538 1
7546 1
7554 1
7557 1
7564 1
7573 1
7582 1
7588 1
7597 1
7598 1
7606 1
7612 1
7616 1
7621 1
7629 1
7636 1
7638 1
7643 1
7644 1
7647 1
7650 1
7652 1
7661 1
7668 1
7670 1
7673 1
7678 1
7685 1
7686 1
7687 1
7690 1
7691 1
7700 1
7703 1
7706 1
7714 1
7722 1
7727 1
7734 1
7743 1
7744 1
7749 1
7750 1
7756 1
7764 1
7768 1
7775 1
7784 1
7793 1
7798 1
7806 1
7810 1
7815 1
7819 1
7822 1
7826 1
7830 1
7838 1
7840 1
7845 1
7854 1
7860 1
7869 1
7872 1
7873 1
7879 1
7885 1
7890 1
7894 1
7902 1
7909 1
7916 1
7922 1
7929 1
7930 1
7935 1
7942 1
7951 1
7958 1
7959 1
7965 1
7968 1
7972 1
7974 1
7982 1
7991 1
7997 1
8001 1
8010 1
8012 1
8015 1
8021 1
8023 1
8032 1
8036 1
8038 1
8040 1
8044 1
8052 1
8056 1
8059 1
8062 1
8067 1
8073 1
8077 1
8083 1
8087 1
8091 1
8099 1
8105 1
8107 1
8110 1
8116 1
8121 1
8128 1
8135 1
8142 1
8149 1
8158 1
8162 1
8166 1
8167 1
8173 1
8179 1
8181 1
8184 1
8187 1
8191 1
8197 1
8200 1
8206 1
8210 1
8213 1
8218 1
8222 1
8230 1
8237 1
8238 1
8239 1
8246 1
8247 1
8250 1
8256 1
8265 1
8271 1
8272 1
8280 1
8285 1
8291 1
8294 1
8299 1
8307 1
8314 1
8316 1
8323 1
8327 1
8335 1
8344 1
8353 1
8362 1
8366 1
8367 1
8369 1
8378 1
8383 1
8389 1
8392 1
8396 1
8402 1
8405 1
8414 1
8418 1
8423 1
8424 1
8428 1
8430 1
8433 1
8441 1
8448 1
8449 1
8458 1
8464 1
8473 1
8480 1
8489 1
8492 1
8495 1
8500 1
8503 1
8507 1
8508 1
8515 1
8522 1
8524 1
8529 1
8532 1
8539 1
8544 1
8551 1
8555 1
8561 1
8569 1
8575 1
8581 1
8582 1
8584 1
8593 1
8594 1
8601 1
8603 1
8606 1
8613 1
8615 1
8620 1
8621 1
8624 1
8628 1
8632 1
8633 1
8641 1
8644 1
8648 1
8654 1
8661 1
8664 1
8670 1
8675 1
8682 1
8690 1
8695 1
8703 1
8708 1
8716 1
8724 1
8729 1
8734 1
8738 1
8742 1
8748 1
8753 1
8759 1
8761 1
8767 1
8774 1
8783 1
8792 1
8794 1
8796 1
8802 1
8804 1
8809 1
8812 1
8820 1
8822 1
8826 1
8827 1
8832 1
8837 1
8844 1
8847 1
8849 1
8856 1
8858 1
8864 1
8872 1
8877 1
8880 1
8882 1
8887 1
8893 1
8896 1
8897 1
8901 1
8904 1
8909 1
8913 1
8914 1
8921 1
8922 1
8923 1
8927 1
8931 1
8933 1
8938 1
8945 1
8952 1
8958 1
8966 1
8971 1
8975 1
8981 1
8982 1
8988 1
8989 1
8995 1
8999 1
9004 1
9011 1
9020 1
9026 1
9035 1
9036 1
9042 1
9046 1
9054 1
9055 1
9061 1
9065 1
9066 1
9073 1
9079 1
9080 1
9088 1
9089 1
9098 1
9104 1
9112 1
9116 1
9121 1
9126 1
9129 1
9132 1
9138 1
9146 1
9148 1
9152 1
9157 1
9158 1
9162 1
9166 1
9171 1
9176 1
9179 1
9182 1
9183 1
9192 1
9198 1
9201 1
9207 1
9211 1
9220 1
9228 1
9233 1
9240 1
9244 1
9249 1
9251 1
9259 1
9262 1
9268 1
9274 1
9281 1
9284 1
9291 1
9297 1
9304 1
9310 1
9319 1
9324 1
9325 1
9332 1
9340 1
9347 1
9355 1
9360 1
9366 1
9368 1
9374 1
9379 1
9380 1
9386 1
9389 1
9397 1
9405 1
9409 1
9415 1
9422 1
9428 1
9432 1
9438 1
9441 1
9449 1
9455 1
9456 1
9465 1
9468 1
9473 1
9475 1
9478 1
9483 1
9484 1
9485 1
9492 1
9501 1
9506 1
9508 1
9512 1
9519 1
9528 1
9529 1
9538 1
9543 1
9548 1
9555 1
9560 1
9561 1
9569 1
9570 1
9576 1
9584 1
9586 1
9587 1
9588 1
9593 1
9601 1
9607 1
9610 1
9613 1
9617 1
9618 1
9622 1
9628 1
9635 1
9638 1
9645 1
9651 1
9652 1
9656 1
9660 1
9661 1
9665 1
9673 1
9682 1
9689 1
9691 1
9694 1
9698 1
9703 1
9712 1
9715 1
9724 1
9726 1
9732 1
9735 1
9742 1
9745 1
9750 1
9751 1
9758 1
9760 1
9763 1
9772 1
9778 1
9785 1
9790 1
9791 1
9792 1
9801 1
9803 1
9806 1
9813 1
9820 1
9826 1
9833 1
9837 1
9840 1
9849 1
9850 1
9854 1
9856 1
9858 1
9861 1
9870 1
9872 1
9875 1
9882 1
9889 1
9893 1
9899 1
9901 1
9902 1
9904 1
9912 1
9916 1
9922 1
9930 1
9931 1
9939 1
9947 1
9952 1
9955 1
9957 1
9964 1
9971 1
9980 1
9985 1
9987 1
9989 1
9996 1
10003 1
10012 1
10013 1
10021 1
10025 1
10027 1
10031 1
10039 1
10046 1
10053 1
10062 1
10070 1
10074 1
10083 1
10086 1
10087 1
10090 1
10091 1
10095 1
10097 1
10100 1
10102 1
10104 1
10111 1
10114 1
10119 1
10126 1
10133 1
10140 1
10149 1
10158 1
10165 1
10173 1
10181 1
10183 1
10192 1
10194 1
10199 1
10200 1
10201 1
10203 1
10212 1
10213 1
10221 1
10228 1
10235 1
10243 1
10247 1
10252 1
10260 1
10265 1
10267 1
10268 1
10275 1
10278 1
10286 1
10288 1
10294 1
10297 1
10302 1
10310 1
10315 1
10323 1
10326 1
10329 1
10330 1
10335 1
10344 1
10353 1
10361 1
10366 1
10368 1
10372 1
10378 1
10384 1
10385 1
10394 1
10401 1
10403 1
10406 1
10408 1
10414 1
10423 1
10425 1
10428 1
10430 1
10436 1
10442 1
10450 1
10451 1
10458 1
10467 1
10470 1
10472 1
10473 1
10474 1
10483 1
10491 1
10492 1
10493 1
10499 1
10500 1
10501 1
10509 1
10513 1
10518 1
10526 1
10531 1
10537 1
10542 1
10545 1
10547 1
10556 1
10561 1
10570 1
10571 1
10580 1
10587 1
10589 1
10591 1
10596 1
10600 1
10607 1
10608 1
10609 1
10618 1
10627 1
10634 1
10637 1
10643 1
10646 1
10649 1
10654 1
10656 1
10661 1
10663 1
10668 1
10671 1
10676 1
10681 1
10690 1
10699 1
10707 1
10714 1
10723 1
10727 1
10728 1
10729 1
10730 1
10732 1
10733 1
10735 1
10736 1
10741 1
10745 1
10751 1
10759 1
10760 1
10764 1
10765 1
10767 1
10769 1
10772 1
10780 1
10782 1
10790 1
10794 1
10799 1
10805 1
10814 1
10820 1
10824 1
10829 1
10834 1
10839 1
10841 1
10849 1
10857 1
10866 1
10875 1
10877 1
10880 1
10888 1
10893 1
10900 1
10909 1
10912 1
10914 1
10919 1
10921 1
10923 1
10929 1
10933 1
10936 1
10945 1
10949 1
10955 1
10961 1
10963 1
10965 1
10966 1
10970 1
10973 1
10975 1
10977 1
10984 1
10991 1
10999 1
11006 1
11014 1
11016 1
11024 1
11030 1
11035 1
11039 1
11041 1
11045 1
11050 1
11055 1
11057 1
11065 1
11072 1
11080 1
11084 1
11087 1
11092 1
11098 1
11103 1
11112 1
11118 1
11121 1
11130 1
11131 1
11133 1
11137 1
11142 1
11145 1
11146 1
11149 1
11153 1
11162 1
11165 1
11170 1
11173 1
11182 1
11189 1
11192 1
11201 1
11207 1
11215 1
11221 1
11228 1
11237 1
11241 1
11242 1
11250 1
11252 1
11253 1
11255 1
11264 1
11272 1
11281 1
11286 1
11291 1
11294 1
11299 1
11306 1
11310 1
11312 1
11318 1
11320 1
11329 1
11333 1
11340 1
11348 1
11352 1
11361 1
11369 1
11373 1
11378 1
11381 1
11389 1
11398 1
11404 1
11408 1
11414 1
11421 1
11426 1
11430 1
11436 1
11441 1
11449 1
11455 1
11457 1
11463 1
11467 1
11469 1
11475 1
11482 1
11489 1
11492 1
11501 1
11507 1
11511 1
11520 1
11528 1
11535 1
11541 1
11543 1
11550 1
11558 1
11565 1
11571 1
11574 1
11581 1
11587 1
11590 1
11598 1
11605 1
11611 1
11618 1
11619 1
11621 1
11623 1
11628 1
11635 1
11641 1
11642 1
11649 1
11654 1
11662 1
11668 1
11676 1
11682 1
11690 1
11692 1
11699 1
11701 1
11707 1
11709 1
11710 1
11717 1
11719 1
11727 1
11734 1
11736 1
11737 1
11745 1
11746 1
11748 1
11752 1
11757 1
11763 1
11766 1
11769 1
11771 1
11778 1
11787 1
11792 1
11798 1
11804 1
11812 1
11814 1
11817 1
11818 1
11821 1
11824 1
11827 1
11831 1
11836 1
11843 1
11851 1
11852 1
11861 1
11870 1
11878 1
11881 1
11884 1
11889 1
11896 1
11904 1
11909 1
11914 1
11917 1
11920 1
11926 1
11930 1
11931 1
11933 1
11936 1
11937 1
11941 1
11943 1
11946 1
11954 1
11961 1
11970 1
11976 1
11978 1
11979 1
11981 1
11987 1
11995 1
11998 1
12005 1
12008 1
12011 1
12020 1
12025 1
12026 1
12035 1
12036 1
12037 1
12038 1
12046 1
12049 1
12054 1
12058 1
12061 1
12062 1
12069 1
12078 1
12082 1
12085 1
12092 1
12097 1
12101 1
12108 1
12111 1
12118 1
12119 1
12123 1
12127 1
12136 1
12139 1
12141 1
12146 1
12149 1
12158 1
12160 1
12162 1
12166 1
12170 1
12171 1
12179 1
12182 1
12189 1
12196 1
12198 1
12207 1
12213 1
12222 1
12228 1
12232 1
12239 1
12246 1
12253 1
12262 1
12265 1
12272 1
12275 1
12282 1
12291 1
12295 1
12299 1
12308 1
12310 1
12313 1
12322 1
12331 1
12339 1
12343 1
12346 1
12348 1
12356 1
12357 1
12358 1
12365 1
12372 1
12373 1
12381 1
12388 1
12395 1
12403 1
12406 1
12414 1
12419 1
12425 1
12426 1
12431 1
12436 1
12441 1
12446 1
12452 1
12461 1
12467 1
12472 1
12477 1
12480 1
12484 1
12488 1
12489 1
12493 1
12494 1
12498 1
12503 1
12506 1
12509 1
12515 1
12518 1
12520 1
12521 1
12530 1
12534 1
12540 1
12544 1
12552 1
12556 1
12561 1
12570 1
12579 1
12585 1
12590 1
12591 1
12593 1
12599 1
12602 1
12610 1
12615 1
12621 1
12630 1
12632 1
12633 1
12641 1
12647 1
12651 1
12657 1
12663 1
12670 1
12671 1
12673 1
12675 1
12680 1
12683 1
12688 1
12696 1
12700 1
12708 1
12712 1
12715 1
12716 1
12719 1
12722 1
12726 1
12732 1
12741 1
12748 1
12749 1
12751 1
12756 1
12764 1
12766 1
12774 1
12780 1
12782 1
12785 1
12788 1
12793 1
12796 1
12797 1
12805 1
12807 1
12809 1
12811 1
12816 1
12820 1
12826 1
12832 1
12835 1
12839 1
12843 1
12848 1
12849 1
12853 1
12856 1
12860 1
12869 1
12877 1
12880 1
12883 1
12885 1
12891 1
12893 1
12899 1
12901 1
12906 1
12910 1
12917 1
12920 1
12927 1
12935 1
12937 1
12940 1
12946 1
12949 1
12956 1
12959 1
12965 1
12967 1
12975 1
12984 1
12992 1
12993 1
12995 1
12998 1
13000 1
13004 1
13005 1
13007 1
13016 1
13023 1
13025 1
13032 1
13035 1
13042 1
13049 1
13051 1
13053 1
13054 1
13056 1
13059 1
13061 1
13063 1
13071 1
13080 1
13083 1
13089 1
13098 1
13101 1
13110 1
13115 1
13124 1
13125 1
13126 1
13131 1
13136 1
13143 1
13146 1
13151 1
13152 1
13158 1
13163 1
13164 1
13171 1
13172 1
13177 1
13183 1
13189 1
13193 1
13199 1
13202 1
13203 1
13209 1
13211 1
13213 1
13216 1
13225 1
13230 1
13239 1
13245 1
13247 1
13252 1
13258 1
13261 1
13268 1
13273 1
13275 1
13277 1
13285 1
13293 1
13300 1
13309 1
13313 1
13314 1
13318 1
13323 1
13332 1
13341 1
13343 1
13349 1
13353 1
13356 1
13365 1
13370 1
13373 1
13374 1
13379 1
13388 1
13391 1
13396 1
13398 1
13403 1
13408 1
13414 1
13418 1
13420 1
13425 1
13430 1
13431 1
13436 1
13437 1
13440 1
13441 1
13442 1
13448 1
13456 1
13463 1
13467 1
13468 1
13474 1
13479 1
13480 1
13485 1
13488 1
13496 1
13504 1
13509 1
13516 1
13518 1
13519 1
13522 1
13524 1
13528 1
13536 1
13541 1
13546 1
13548 1
13549 1
13558 1
13565 1
13573 1
13580 1
13582 1
13586 1
13591 1
13600 1
13601 1
13609 1
13612 1
13613 1
13615 1
13618 1
13626 1
13630 1
13631 1
13637 1
13641 1
13646 1
13654 1
13658 1
13660 1
13664 1
13667 1
13672 1
13677 1
13684 1
13691 1
13693 1
13697 1
13704 1
13711 1
13713 1
13722 1
13724 1
13727 1
13729 1
13736 1
13738 1
13747 1
13752 1
13759 1
13766 1
13767 1
13772 1
13773 1
13778 1
13782 1
13788 1
13792 1
13797 1
13799 1
13801 1
13805 1
13810 1
13817 1
13820 1
13825 1
13832 1
13840 1
13842 1
13851 1
13852 1
13854 1
13859 1
13863 1
13868 1
13869 1
13875 1
13883 1
13884 1
13892 1
13895 1
13901 1
13907 1
13909 1
13917 1
13925 1
13932 1
13936 1
13945 1
13953 1
13957 1
13966 1
13972 1
13981 1
13986 1
13990 1
13995 1
14000 1
14007 1
14008 1
14015 1
14021 1
14023 1
14030 1
14038 1
14041 1
14045 1
14052 1
14054 1
14063 1
14067 1
14068 1
14072 1
14073 1
14078 1
14084 1
14088 1
14091 1
14100 1
14106 1
14107 1
14114 1
14115 1
14118 1
14122 1
14131 1
14138 1
14145 1
14151 1
14155 1
14159 1
14164 1
14171 1
14179 1
14187 1
14189 1
14195 1
14197 1
14202 1
14211 1
14214 1
14217 1
14220 1
14221 1
14223 1
14227 1
14229 1
14236 1
14244 1
14249 1
14250 1
14258 1
14260 1
14264 1
14272 1
14277 1
14282 1
14290 1
14291 1
14293 1
14299 1
14300 1
14306 1
14312 1
14319 1
14321 1
14323 1
14332 1
14337 1
14341 1
14344 1
14350 1
14354 1
14358 1
14367 1
14376 1
14378 1
14383 1
14385 1
14387 1
14390 1
14391 1
14397 1
14403 1
14405 1
14406 1
14409 1
14418 1
14423 1
14431 1
14437 1
14440 1
14441 1
14444 1
14447 1
14456 1
14459 1
14465 1
14473 1
14482 1
14490 1
14496 1
14505 1
14511 1
14512 1
14518 1
14527 1
14531 1
14539 1
14545 1
14553 1
14557 1
14565 1
14573 1
14580 1
14581 1
14590 1
14593 1
14599 1
14608 1
14610 1
14614 1
14616 1
14625 1
14631 1
14637 1
14643 1
14649 1
14652 1
14659 1
14660 1
14664 1
14668 1
14672 1
14681 1
14690 1
14691 1
14698 1
14704 1
14712 1
14713 1
14717 1
14721 1
14726 1
14728 1
14732 1
14741 1
14742 1
14749 1
14753 1
14762 1
14769 1
14777 1
14784 1
14786 1
14791 1
14798 1
14806 1
14809 1
14818 1
14820 1
14821 1
14828 1
14832 1
14838 1
14843 1
14847 1
14851 1
14857 1
14863 1
14867 1
14876 1
14878 1
14884 1
14889 1
14897 1
14901 1
14908 1
14913 1
14918 1
14926 1
14932 1
14933 1
14938 1
14945 1
14947 1
14954 1
14962 1
14966 1
14968 1
14972 1
14979 1
14984 1
14987 1
14996 1
14999 1
15002 1
15007 1
15016 1
15023 1
15028 1
15037 1
15046 1
15052 1
15056 1
15061 1
15066 1
15068 1
15077 1
15085 1
15093 1
15097 1
15104 1
15109 1
15118 1
15123 1
15127 1
15135 1
15143 1
15144 1
15151 1
15160 1
15167 1
15172 1
15174 1
15176 1
15183 1
15190 1
15194 1
15200 1
15202 1
15209 1
15218 1
15225 1
15227 1
15235 1
15240 1
15245 1
15251 1
15256 1
15264 1
15270 1
15277 1
15284 1
15293 1
15300 1
15309 1
15318 1
15327 1
15333 1
15342 1
15350 1
15353 1
15358 1
15363 1
15371 1
15379 1
15382 1
15387 1
15395 1
15398 1
15399 1
15401 1
15406 1
15409 1
15410 1
15416 1
15421 1
15426 1
15428 1
15431 1
15438 1
15444 1
15447 1
15450 1
15451 1
15453 1
15461 1
15465 1
15468 1
15472 1
15480 1
15489 1
15492 1
15498 1
15506 1
15515 1
15520 1
15527 1
15529 1
15532 1
15535 1
15537 1
15545 1
15554 1
15559 1
15566 1
15573 1
15577 1
15578 1
15579 1
15583 1
15588 1
15596 1
15602 1
15611 1
15612 1
15621 1
15625 1
15626 1
15633 1
15636 1
15639 1
15647 1
15648 1
15656 1
15660 1
15669 1
15678 1
15684 1
15688 1
15695 1
15701 1
15705 1
15709 1
15714 1
15719 1
15727 1
15729 1
15733 1
15738 1
15747 1
15755 1
15760 1
15769 1
15778 1
15783 1
15784 1
15793 1
15796 1
15801 1
15809 1
15811 1
15814 1
15819 1
15828 1
15829 1
15837 1
15840 1
15846 1
15850 1
15854 1
15863 1
15865 1
15866 1
15874 1
15880 1
15885 1
15889 1
15898 1
15906 1
15908 1
15914 1
15921 1
15925 1
15934 1
15938 1
15943 1
15949 1
15950 1
15955 1
15960 1
15961 1
15964 1
15970 1
15972 1
15980 1
15989 1
15994 1
15995 1
15999 1
16004 1
16006 1
16007 1
16015 1
16017 1
16020 1
16023 1
16024 1
16032 1
16036 1
16045 1
16048 1
16053 1
16059 1
16067 1
16074 1
16079 1
16080 1
16084 1
16086 1
16093 1
16101 1
16107 1
16116 1
16121 1
16129 1
16138 1
16141 1
16149 1
16154 1
16161 1
16166 1
16175 1
16183 1
16190 1
16199 1
16205 1
16208 1
16213 1
16220 1
16224 1
16231 1
16234 1
16238 1
16245 1
16248 1
16253 1
16258 1
16259 1
16260 1
16261 1
16267 1
16275 1
16283 1
16285 1
16292 1
16301 1
16308 1
16311 1
16316 1
16320 1
16326 1
16335 1
16336 1
16345 1
16348 1
16353 1
16361 1
16364 1
16371 1
16378 1
16383 1
16392 1
16394 1
16401 1
16409 1
16416 1
16422 1
16424 1
16430 1
16436 1
16439 1
16443 1
16452 1
16457 1
16461 1
16469 1
16471 1
16472 1
16474 1
16477 1
16479 1
16488 1
16497 1
16504 1
16513 1
16518 1
16525 1
16533 1
16541 1
16542 1
16549 1
16558 1
16562 1
16563 1
16564 1
16566 1
16575 1
16584 1
16586 1
16587 1
16588 1
16592 1
16601 1
16604 1
16612 1
16615 1
16617 1
16618 1
16627 1
16634 1
16642 1
16645 1
16650 1
16655 1
16660 1
16668 1
16673 1
16682 1
16691 1
16692 1
16697 1
16699 1
16707 1
16712 1
16716 1
16719 1
16726 1
16734 1
16743 1
16746 1
16755 1
16763 1
16771 1
16775 1
16780 1
16786 1
16790 1
16796 1
16803 1
16812 1
16813 1
16820 1
16828 1
16834 1
16837 1
16846 1
16853 1
16860 1
16861 1
16869 1
16872 1
16873 1
16878 1
16881 1
16883 1
16891 1
16893 1
16896 1
16898 1
16900 1
16904 1
16908 1
16916 1
16919 1
16922 1
16924 1
16928 1
16935 1
16937 1
16942 1
16949 1
16953 1
16962 1
16963 1
16968 1
16976 1
16977 1
16983 1
16988 1
16991 1
17000 1
17007 1
17013 1
17019 1
17024 1
17032 1
17036 1
17043 1
17048 1
17055 1
17061 1
17069 1
17078 1
17083 1
17087 1
17091 1
17098 1
17101 1
17109 1
17113 1
17114 1
17120 1
17125 1
17129 1
17138 1
17146 1
17148 1
17150 1
17159 1
17163 1
17167 1
17170 1
17179 1
17180 1
17186 1
17195 1
17202 1
17207 1
17212 1
17217 1
17219 1
17224 1
17228 1
17230 1
17232 1
17241 1
17245 1
17250 1
17252 1
17255 1
17262 1
17267 1
17271 1
17278 1
17285 1
17289 1
17296 1
17304 1
17305 1
17312 1
17318 1
17320 1
17323 1
17324 1
17330 1
17339 1
17341 1
17349 1
17353 1
17360 1
17367 1
17371 1
17373 1
17379 1
17384 1
17386 1
17387 1
17391 1
17393 1
17398 1
17404 1
17407 1
17416 1
17419 1
17428 1
17432 1
17438 1
17440 1
17444 1
17452 1
17459 1
17461 1
17463 1
17469 1
17474 1
17483 1
17485 1
17490 1
17493 1
17499 1
17508 1
17517 1
17519 1
17522 1
17530 1
17531 1
17533 1
17540 1
17547 1
17553 1
17556 1
17559 1
17565 1
17568 1
17576 1
17580 1
17589 1
17596 1
17603 1
17608 1
17615 1
17617 1
17626 1
17627 1
17632 1
17641 1
17644 1
17645 1
17650 1
17654 1
17659 1
17665 1
17667 1
17674 1
17683 1
17691 1
17694 1
17700 1
17705 1
17708 1
17711 1
17713 1
17720 1
17724 1
17732 1
17735 1
17744 1
17749 1
17758 1
17759 1
17768 1
17769 1
17773 1
17781 1
17783 1
17787 1
17793 1
17798 1
17807 1
17812 1
17819 1
17820 1
17822 1
17826 1
17832 1
17837 1
17846 1
17853 1
17860 1
17869 1
17874 1
17875 1
17882 1
17886 1
17891 1
17898 1
17904 1
17909 1
17918 1
17927 1
17932 1
17933 1
17941 1
17942 1
17951 1
17956 1
17960 1
17965 1
17968 1
17977 1
17979 1
17987 1
17995 1
17999 1
18003 1
18012 1
18021 1
18030 1
18038 1
18040 1
18044 1
18049 1
18058 1
18060 1
18064 1
18068 1
18075 1
18079 1
18084 1
18086 1
18088 1
18089 1
18098 1
18104 1
18112 1
18115 1
18120 1
18125 1
18128 1
18136 1
18145 1
18147 1
18148 1
18155 1
18161 1
18164 1
18169 1
18175 1
18183 1
18185 1
18190 1
18196 1
18202 1
18211 1
18215 1
18217 1
18219 1
18222 1
18225 1
18232 1
18241 1
18242 1
18246 1
18247 1
18248 1
18253 1
18257 1
18264 1
18270 1
18276 1
18285 1
18288 1
18295 1
18304 1
18307 1
18311 1
18320 1
18324 1
18332 1
18334 1
18340 1
18348 1
18357 1
18360 1
18369 1
18372 1
18379 1
18381 1
18385 1
18389 1
18394 1
18400 1
18408 1
18415 1
18419 1
18423 1
18426 1
18427 1
18433 1
18436 1
18439 1
18444 1
18445 1
18454 1
18455 1
18456 1
18459 1
18461 1
18468 1
18477 1
18486 1
18492 1
18496 1
18498 1
18500 1
18507 1
18511 1
18520 1
18524 1
18532 1
18541 1
18544 1
18553 1
18556 1
18564 1
18565 1
18570 1
18578 1
18584 1
18590 1
18598 1
18601 1
18609 1
18616 1
18620 1
18625 1
18629 1
18630 1
18637 1
18642 1
18648 1
18653 1
18660 1
18662 1
18664 1
18669 1
18671 1
18675 1
18682 1
18691 1
18696 1
18703 1
18710 1
18716 1
18722 1
18726 1
18730 1
18732 1
18734 1
18737 1
18744 1
18747 1
18748 1
18749 1
18758 1
18763 1
18771 1
18774 1
18783 1
18789 1
18798 1
18804 1
18811 1
18813 1
18814 1
18818 1
18827 1
18833 1
18840 1
18845 1
18847 1
18855 1
18860 1
18867 1
18876 1
18885 1
18889 1
18897 1
18906 1
18911 1
18919 1
18921 1
18924 1
18925 1
18930 1
18935 1
18937 1
18941 1
18950 1
18956 1
18963 1
18972 1
18973 1
18974 1
18982 1
18990 1
18999 1
19004 1
19010 1
19012 1
19013 1
19014 1
19017 1
19024 1
19027 1
19035 1
19044 1
19053 1
19062 1
19069 1
19078 1
19086 1
19092 1
19097 1
19106 1
19113 1
19118 1
19126 1
19134 1
19136 1
19142 1
19148 1
19150 1
19152 1
19156 1
19159 1
19166 1
19171 1
19175 1
19179 1
19188 1
19196 1
19203 1
19211 1
19219 1
19227 1
19230 1
19234 1
19237 1
19240 1
19247 1
19251 1
19259 1
19260 1
19265 1
19273 1
19276 1
19278 1
19287 1
19294 1
19296 1
19305 1
19311 1
19314 1
19321 1
19327 1
19334 1
19336 1
19338 1
19340 1
19349 1
19355 1
19358 1
19366 1
19373 1
19379 1
19383 1
19389 1
19394 1
19398 1
19405 1
19412 1
19413 1
19419 1
19428 1
19436 1
19439 1
19440 1
19446 1
19455 1
19462 1
19469 1
19472 1
19474 1
19481 1
19485 1
19486 1
19488 1
19490 1
19499 1
19501 1
19504 1
19513 1
19522 1
19524 1
19529 1
19537 1
19538 1
19541 1
19546 1
19554 1
19559 1
19567 1
19576 1
19585 1
19594 1
19596 1
19598 1
19601 1
19602 1
19610 1
19617 1
19622 1
19629 1
19631 1
19634 1
19637 1
19646 1
19652 1
19653 1
19658 1
19662 1
19664 1
19672 1
19680 1
19686 1
19693 1
19702 1
19708 1
19713 1
19722 1
19725 1
19728 1
19731 1
19736 1
19739 1
19744 1
19753 1
19757 1
19764 1
19770 1
19778 1
19781 1
19782 1
19790 1
19796 1
19804 1
19809 1
19811 1
19820 1
19827 1
19830 1
19832 1
19840 1
19849 1
19852 1
19858 1
19861 1
19864 1
19865 1
19869 1
19878 1
19885 1
19887 1
19890 1
19895 1
19902 1
19906 1
19911 1
19916 1
19923 1
19927 1
19936 1
19939 1
19943 1
19948 1
19953 1
19955 1
19959 1
19962 1
19966 1
19975 1
19976 1
19979 1
19982 1
19988 1
19989 1
19992 1
19995 1
20002 1
20006 1
20011 1
20020 1
20025 1
20026 1
20031 1
20036 1
20038 1
20040 1
20049 1
20052 1
20056 1
20063 1
20066 1
20071 1
20076 1
20080 1
20085 1
20092 1
20100 1
20105 1
20110 1
20113 1
20121 1
20122 1
20129 1
20138 1
20146 1
20147 1
20149 1
20158 1
20162 1
20169 1
20177 1
20182 1
20183 1
20187 1
20194 1
20197 1
20198 1
20200 1
20205 1
20206 1
20212 1
20215 1
20219 1
20223 1
20228 1
20229 1
20234 1
20243 1
20246 1
20252 1
20257 1
20266 1
20269 1
20278 1
20287 1
20296 1
20304 1
20306 1
20311 1
20312 1
20313 1
20318 1
20323 1
20326 1
20328 1
20330 1
20332 1
20340 1
20341 1
20348 1
20352 1
20355 1
20361 1
20368 1
20375 1
20384 1
20391 1
20399 1
20405 1
20412 1
20415 1
20417 1
20423 1
20431 1
20440 1
20445 1
20447 1
20449 1
20451 1
20457 1
20464 1
20473 1
20474 1
20477 1
20482 1
20488 1
20493 1
20495 1
20502 1
20507 1
20516 1
20520 1
20523 1
20529 1
20536 1
20540 1
20542 1
20546 1
20552 1
20561 1
20566 1
20567 1
20573 1
20578 1
20585 1
20589 1
20598 1
20607 1
20611 1
20614 1
20615 1
20619 1
20624 1
20628 1
20634 1
20640 1
20648 1
20651 1
20657 1
20659 1
20667 1
20670 1
20673 1
20681 1
20688 1
20690 1
20697 1
20702 1
20711 1
20718 1
20723 1
20725 1
20727 1
20736 1
20742 1
20745 1
20753 1
20757 1
20762 1
20764 1
20772 1
20779 1
20783 1
20788 1
20789 1
20791 1
20793 1
20795 1
20798 1
20804 1
20805 1
20808 1
20813 1
20818 1
20824 1
20830 1
20835 1
20839 1
20843 1
20844 1
20847 1
20850 1
20859 1
20862 1
20865 1
20872 1
20877 1
20882 1
20888 1
20891 1
20895 1
20901 1
20905 1
20911 1
20919 1
20923 1
20929 1
20933 1
20942 1
20944 1
20950 1
20954 1
20963 1
20972 1
20976 1
20981 1
20982 1
20987 1
20991 1
21000 1
21009 1
21013 1
21015 1
21024 1
21025 1
21032 1
21036 1
21045 1
21053 1
21058 1
21062 1
21068 1
21069 1
21078 1
21086 1
21092 1
21100 1
21108 1
21114 1
21122 1
21126 1
21127 1
21132 1
21139 1
21143 1
21144 1
21147 1
21153 1
21156 1
21163 1
21172 1
21181 1
21184 1
21186 1
21194 1
21201 1
21207 1
21213 1
21219 1
21227 1
21233 1
21239 1
21248 1
21252 1
21253 1
21254 1
21257 1
21262 1
21264 1
21273 1
21274 1
21280 1
21286 1
21291 1
21299 1
21303 1
21308 1
21311 1
21317 1
21325 1
21332 1
21340 1
21345 1
21354 1
21360 1
21362 1
21367 1
21376 1
21384 1
21390 1
21399 1
21404 1
21411 1
21412 1
21419 1
21420 1
21421 1
21422 1
21431 1
21438 1
21446 1
21447 1
21451 1
21460 1
21464 1
21473 1
21479 1
21483 1
21487 1
21494 1
21498 1
21499 1
21501 1
21503 1
21509 1
21518 1
21520 1
21523 1
21532 1
21536 1
21539 1
21547 1
21548 1
21550 1
21551 1
21557 1
21560 1
21562 1
21565 1
21571 1
21577 1
21584 1
21587 1
21591 1
21593 1
21599 1
21602 1
21604 1
21613 1
21618 1
21619 1
21621 1
21630 1
21635 1
21643 1
21648 1
21655 1
21657 1
21664 1
21671 1
21677 1
21686 1
21693 1
21695 1
21696 1
21704 1
21711 1
21713 1
21716 1
21719 1
21720 1
21724 1
21728 1
21735 1
21737 1
21741 1
21746 1
21754 1
21756 1
21759 1
21760 1
21761 1
21762 1
21769 1
21771 1
21780 1
21788 1
21792 1
21797 1
21798 1
21800 1
21806 1
21808 1
21817 1
21826 1
21831 1
21838 1
21840 1
21845 1
21853 1
21859 1
21861 1
21862 1
21869 1
21874 1
21883 1
21887 1
21890 1
21898 1
21902 1
21906 1
21912 1
21913 1
21918 1
21923 1
21924 1
21928 1
21934 1
21938 1
21942 1
21950 1
21957 1
21959 1
21964 1
21968 1
21975 1
21977 1
21979 1
21982 1
21988 1
21993 1
21996 1
22001 1
22002 1
22010 1
22017 1
22024 1
22030 1
22039 1
22042 1
22050 1
22052 1
22060 1
22062 1
22063 1
22067 1
22073 1
22080 1
22088 1
22092 1
22096 1
22099 1
22100 1
22101 1
22110 1
22111 1
22119 1
22127 1
22129 1
22135 1
22138 1
22139 1
22144 1
22150 1
22156 1
22164 1
22170 1
22171 1
22175 1
22183 1
22189 1
22191 1
22192 1
22199 1
22202 1
22210 1
22216 1
22222 1
22229 1
22238 1
22241 1
22246 1
22250 1
22258 1
22259 1
22263 1
22270 1
22273 1
22280 1
22287 1
22293 1
22296 1
22301 1
22302 1
22310 1
22319 1
22320 1
22323 1
22327 1
22332 1
22337 1
22343 1
22351 1
22359 1
22367 1
22374 1
22377 1
22384 1
22388 1
22389 1
22397 1
22399 1
22404 1
22407 1
22409 1
22416 1
22423 1
22429 1
22433 1
22434 1
22439 1
22440 1
22448 1
22454 1
22462 1
22463 1
22467 1
22476 1
22478 1
22480 1
22488 1
22490 1
22492 1
22497 1
22501 1
22510 1
22514 1
22518 1
22520 1
22521 1
22524 1
22525 1
22532 1
22536 1
22539 1
22548 1
22556 1
22564 1
22570 1
22575 1
22584 1
22587 1
22595 1
22596 1
22599 1
22608 1
22614 1
22617 1
22623 1
22627 1
22634 1
22640 1
22645 1
22650 1
22658 1
22665 1
22671 1
22673 1
22676 1
22677 1
22684 1
22685 1
22690 1
22697 1
22699 1
22705 1
22708 1
22709 1
22716 1
22719 1
22728 1
22737 1
22738 1
22743 1
22746 1
22753 1
22754 1
22760 1
22762 1
22771 1
22773 1
22780 1
22781 1
22782 1
22789 1
22795 1
22803 1
22807 1
22812 1
22813 1
22816 1
22819 1
22825 1
22831 1
22838 1
22842 1
22848 1
22857 1
22863 1
22867 1
22872 1
22878 1
22884 1
22889 1
22894 1
22901 1
22902 1
22905 1
22912 1
22915 1
22921 1
22926 1
22931 1
22938 1
22942 1
22945 1
22946 1
22952 1
22956 1
22964 1
22968 1
22976 1
22983 1
22984 1
22985 1
22987 1
22992 1
22997 1
23005 1
23009 1
23011 1
23012 1
23013 1
23016 1
23022 1
23029 1
23036 1
23038 1
23047 1
23050 1
23051 1
23052 1
23060 1
23069 1
23071 1
23078 1
23087 1
23090 1
23096 1
23103 1
23111 1
23118 1
23120 1
23128 1
23133 1
23139 1
23147 1
23150 1
23151 1
23152 1
23158 1
23163 1
23164 1
23171 1
23180 1
23182 1
23185 1
23193 1
23195 1
23200 1
23202 1
23208 1
23214 1
23222 1
23230 1
23232 1
23238 1
23243 1
23245 1
23250 1
23259 1
23265 1
23272 1
23274 1
23276 1
23280 1
23281 1
23286 1
23295 1
23296 1
23304 1
23311 1
23316 1
23322 1
23328 1
23332 1
23341 1
23350 1
23357 1
23361 1
23370 1
23372 1
23379 1
23385 1
23393 1
23397 1
23404 1
23410 1
23412 1
23413 1
23417 1
23423 1
23427 1
23433 1
23441 1
23448 1
23450 1
23457 1
23466 1
23468 1
23470 1
23474 1
23483 1
23487 1
23489 1
23497 1
23499 1
23508 1
23510 1
23518 1
23522 1
23524 1
23531 1
23534 1
23540 1
23549 1
23553 1
23560 1
23562 1
23567 1
23572 1
23579 1
23585 1
23588 1
23589 1
23591 1
23593 1
23602 1
23605 1
23607 1
23612 1
23614 1
23620 1
23624 1
23627 1
23635 1
23639 1
23646 1
23650 1
23658 1
23659 1
23661 1
23670 1
23674 1
23683 1
23686 1
23692 1
23698 1
23704 1
23712 1
23715 1
23719 1
23725 1
23728 1
23731 1
23734 1
23739 1
23747 1
23752 1
23755 1
23762 1
23763 1
23766 1
23769 1
23770 1
23778 1
23787 1
23788 1
23797 1
23800 1
23808 1
23814 1
23817 1
23826 1
23829 1
23833 1
23841 1
23850 1
23851 1
23857 1
23859 1
23867 1
23870 1
23875 1
23877 1
23882 1
23889 1
23891 1
23893 1
23900 1
23901 1
23903 1
23909 1
23917 1
23919 1
23926 1
23934 1
23939 1
23943 1
23949 1
23951 1
23952 1
23953 1
23957 1
23966 1
23970 1
23979 1
23985 1
23993 1
24000 1
24005 1
24012 1
24016 1
24025 1
24027 1
24032 1
24036 1
24041 1
24043 1
24052 1
24059 1
24061 1
24070 1
24075 1
24079 1
24081 1
24085 1
24088 1
24092 1
24097 1
24098 1
24107 1
24111 1
24120 1
24126 1
24130 1
24132 1
24135 1
24141 1
24149 1
24152 1
24157 1
24161 1
24170 1
24177 1
24179 1
24187 1
24196 1
24203 1
24209 1
24213 1
24221 1
24230 1
24239 1
24244 1
24252 1
24259 1
24263 1
24264 1
24270 1
24275 1
24281 1
24285 1
24287 1
24288 1
24290 1
24295 1
24302 1
24305 1
24307 1
24316 1
24321 1
24326 1
24329 1
24334 1
24342 1
24345 1
24354 1
24355 1
24363 1
24366 1
24370 1
24378 1
24383 1
24390 1
24392 1
24395 1
24397 1
24403 1
24405 1
24414 1
24420 1
24427 1
24432 1
24440 1
24446 1
24449 1
24451 1
24459 1
24466 1
24472 1
24480 1
24486 1
24491 1
24498 1
24506 1
24511 1
24520 1
24525 1
24530 1
24539 1
24543 1
24546 1
24550 1
24551 1
24553 1
24557 1
24564 1
24570 1
24574 1
24576 1
24577 1
24586 1
24594 1
24603 1
24610 1
24619 1
24627 1
24636 1
24642 1
24647 1
24656 1
24662 1
24663 1
24672 1
24675 1
24676 1
24684 1
24690 1
24692 1
24701 1
24705 1
24708 1
24713 1
24720 1
24728 1
24733 1
24738 1
24746 1
24754 1
24758 1
24759 1
24763 1
24765 1
24767 1
24771 1
24775 1
24776 1
24785 1
24791 1
24793 1
24795 1
24799 1
24802 1
24807 1
24815 1
24819 1
24828 1
24829 1
24832 1
24835 1
24839 1
24848 1
24854 1
24862 1
24863 1
24870 1
24874 1
24876 1
24877 1
24884 1
24889 1
24895 1
24896 1
24897 1
24906 1
24909 1
24916 1
24925 1
24931 1
24939 1
24943 1
24944 1
24949 1
24958 1
24961 1
24969 1
24971 1
24980 1
24989 1
24996 1
24998 1
25003 1
25008 1
25015 1
25020 1
25025 1
25031 1
25038 1
25043 1
25048 1
25055 1
25061 1
25063 1
25069 1
25075 1
25077 1
25079 1
25084 1
25093 1
25099 1
25101 1
25103 1
25104 1
25109 1
25111 1
25116 1
25122 1
25131 1
25133 1
25140 1
25142 1
25150 1
25151 1
25157 1
25159 1
25167 1
25171 1
25175 1
25182 1
25187 1
25193 1
25196 1
25200 1
25204 1
25206 1
25210 1
25215 1
25217 1
25218 1
25227 1
25231 1
25234 1
25241 1
25247 1
25250 1
25259 1
25264 1
25273 1
25277 1
25282 1
25283 1
25286 1
25288 1
25295 1
25298 1
25306 1
25313 1
25316 1
25317 1
25319 1
25324 1
25325 1
25329 1
25333 1
25336 1
25341 1
25350 1
25355 1
25361 1
25363 1
25369 1
25374 1
25383 1
25388 1
25393 1
25396 1
25403 1
25405 1
25407 1
25415 1
25421 1
25422 1
25427 1
25432 1
25439 1
25447 1
25448 1
25457 1
25459 1
25463 1
25470 1
25474 1
25477 1
25485 1
25494 1
25499 1
25503 1
25506 1
25513 1
25517 1
25520 1
25526 1
25527 1
25531 1
25532 1
25535 1
25543 1
25552 1
25555 1
25564 1
25573 1
25579 1
25586 1
25589 1
25593 1
25594 1
25595 1
25604 1
25605 1
25611 1
25617 1
25623 1
25630 1
25639 1
25644 1
25649 1
25650 1
25657 1
25658 1
25665 1
25674 1
25683 1
25687 1
25689 1
25694 1
25698 1
25699 1
25708 1
25716 1
25720 1
25723 1
25724 1
25726 1
25733 1
25738 1
25741 1
25742 1
25750 1
25756 1
25764 1
25769 1
25774 1
25783 1
25786 1
25792 1
25795 1
25802 1
25811 1
25819 1
25827 1
25834 1
25838 1
25840 1
25842 1
25843 1
25845 1
25847 1
25850 1
25857 1
25860 1
25865 1
25868 1
25870 1
25871 1
25876 1
25883 1
25884 1
25889 1
25895 1
25900 1
25904 1
25913 1
25921 1
25928 1
25933 1
25940 1
25944 1
25951 1
25958 1
25965 1
25971 1
25980 1
25982 1
25988 1
25990 1
25999 1
26000 1
26008 1
26016 1
26019 1
26022 1
26029 1
26030 1
26039 1
26041 1
26046 1
26048 1
26055 1
26059 1
26064 1
26069 1
26077 1
26080 1
26082 1
26085 1
26091 1
26099 1
26107 1
26111 1
26117 1
26118 1
26121 1
26130 1
26133 1
26141 1
26142 1
26149 1
26157 1
26158 1
26167 1
26173 1
26176 1
26183 1
26192 1
26195 1
26201 1
26205 1
26212 1
26218 1
26227 1
26233 1
26235 1
26239 1
26240 1
26244 1
26253 1
26256 1
26261 1
26268 1
26276 1
26278 1
26281 1
26283 1
26287 1
26293 1
26298 1
26301 1
26310 1
26312 1
26313 1
26318 1
26326 1
26327 1
26331 1
26336 1
26345 1
26347 1
26352 1
26360 1
26363 1
26370 1
26374 1
26375 1
26383 1
26392 1
26397 1
26399 1
26408 1
26416 1
26420 1
26428 1
26431 1
26439 1
26441 1
26449 1
26456 1
26461 1
26465 1
26467 1
26473 1
26478 1
26487 1
26488 1
26490 1
26497 1
26502 1
26508 1
26513 1
26516 1
26521 1
26528 1
26531 1
26539 1
26543 1
26549 1
26557 1
26565 1
26570 1
26575 1
26578 1
26582 1
26583 1
26592 1
26596 1
26602 1
26606 1
26611 1
26617 1
26626 1
26628 1
26636 1
26643 1
26647 1
26652 1
26659 1
26663 1
26670 1
26676 1
26682 1
26686 1
26693 1
26695 1
26702 1
26710 1
26718 1
26723 1
26727 1
26730 1
26739 1
26745 1
26751 1
26753 1
26755 1
26762 1
26766 1
26775 1
26783 1
26786 1
26790 1
26792 1
26800 1
26808 1
26817 1
26820 1
26824 1
26830 1
26838 1
26844 1
26848 1
26855 1
26857 1
26866 1
26868 1
26873 1
26877 1
26885 1
26887 1
26894 1
26898 1
26901 1
26903 1
26904 1
26910 1
26915 1
26916 1
26923 1
26930 1
26939 1
26947 1
26951 1
26959 1
26966 1
26968 1
26971 1
26976 1
26984 1
26987 1
26990 1
26999 1
27005 1
27010 1
27017 1
27025 1
27034 1
27036 1
27043 1
27050 1
27055 1
27062 1
27069 1
27072 1
27076 1
27080 1
27084 1
27087 1
27094 1
27097 1
27103 1
27108 1
27117 1
27124 1
27129 1
27130 1
27136 1
27144 1
27147 1
27148 1
27149 1
27154 1
27163 1
27166 1
27172 1
27181 1
27182 1
27183 1
27184 1
27187 1
27192 1
27198 1
27200 1
27203 1
27209 1
27217 1
27218 1
27221 1
27224 1
27226 1
27227 1
27234 1
27242 1
27249 1
27252 1
27254 1
27259 1
27260 1
27262 1
27265 1
27269 1
27273 1
27275 1
27280 1
27287 1
27292 1
27293 1
27298 1
27302 1
27306 1
27308 1
27312 1
27315 1
27319 1
27322 1
27331 1
27338 1
27342 1
27346 1
27351 1
27359 1
27365 1
27368 1
27373 1
27382 1
27391 1
27395 1
27401 1
27405 1
27408 1
27414 1
27415 1
27419 1
27427 1
27435 1
27436 1
27442 1
27447 1
27451 1
27453 1
27456 1
27465 1
27468 1
27477 1
27481 1
27483 1
27488 1
27494 1
27500 1
27504 1
27507 1
27512 1
27517 1
27520 1
27525 1
27526 1
27531 1
27539 1
27548 1
27551 1
27552 1
27554 1
27562 1
27568 1
27573 1
27577 1
27580 1
27581 1
27583 1
27584 1
27590 1
27591 1
27596 1
27600 1
27602 1
27607 1
27612 1
27613 1
27618 1
27626 1
27628 1
27636 1
27643 1
27647 1
27654 1
27661 1
27663 1
27666 1
27668 1
27669 1
27675 1
27682 1
27685 1
27686 1
27692 1
27696 1
27704 1
27713 1
27720 1
27725 1
27733 1
27734 1
27740 1
27743 1
27752 1
27755 1
27759 1
27765 1
27773 1
27781 1
27786 1
27788 1
27790 1
27791 1
27794 1
27799 1
27800 1
27808 1
27811 1
27819 1
27823 1
27828 1
27835 1
27841 1
27842 1
27843 1
27846 1
27850 1
27857 1
27866 1
27870 1
27873 1
27878 1
27885 1
27889 1
27893 1
27894 1
27896 1
27901 1
27907 1
27914 1
27920 1
27927 1
27935 1
27937 1
27940 1
27948 1
27956 1
27959 1
27965 1
27967 1
27974 1
27976 1
27984 1
27993 1
27998 1
28004 1
28010 1
28011 1
28020 1
28027 1
28033 1
28038 1
28047 1
28055 1
28058 1
28061 1
28065 1
28070 1
28079 1
28083 1
28085 1
28086 1
28093 1
28095 1
28101 1
28103 1
28104 1
28108 1
28109 1
28113 1
28120 1
28127 1
28131 1
28136 1
28139 1
28142 1
28145 1
28147 1
28151 1
28154 1
28155 1
28162 1
28171 1
28175 1
28182 1
28189 1
28197 1
28206 1
28213 1
28221 1
28225 1
28226 1
28233 1
28237 1
28246 1
28255 1
28256 1
28257 1
28260 1
28266 1
28274 1
28280 1
28281 1
28282 1
28284 1
28292 1
28294 1
28296 1
28300 1
28303 1
28307 1
28314 1
28320 1
28321 1
28325 1
28332 1
28337 1
28340 1
28348 1
28351 1
28359 1
28360 1
28361 1
28367 1
28371 1
28377 1
28379 1
28380 1
28386 1
28388 1
28394 1
28400 1
28403 1
28405 1
28406 1
28415 1
28420 1
28423 1
28424 1
28426 1
28434 1
28441 1
28447 1
28449 1
28450 1
28454 1
28459 1
28466 1
28474 1
28479 1
28484 1
28492 1
28499 1
28505 1
28509 1
28516 1
28523 1
28531 1
28537 1
28538 1
28542 1
28547 1
28552 1
28556 1
28565 1
28567 1
28569 1
28574 1
28580 1
28588 1
28593 1
28597 1
28602 1
28603 1
28607 1
28616 1
28619 1
28625 1
28631 1
28633 1
28639 1
28648 1
28651 1
28658 1
28665 1
28666 1
28675 1
28676 1
28685 1
28690 1
28695 1
28702 1
28710 1
28716 1
28718 1
28719 1
28726 1
28727 1
28730 1
28738 1
28741 1
28744 1
28749 1
28752 1
28757 1
28763 1
28772 1
28776 1
28782 1
28787 1
28788 1
28792 1
28793 1
28800 1
28804 1
28809 1
28812 1
28813 1
28821 1
28827 1
28830 1
28834 1
28840 1
28847 1
28856 1
28857 1
28863 1
28865 1
28871 1
28878 1
28879 1
28885 1
28894 1
28899 1
28906 1
28913 1
28918 1
28920 1
28929 1
28931 1
28932 1
28933 1
28941 1
28942 1
28946 1
28952 1
28953 1
28955 1
28961 1
28965 1
28967 1
28970 1
28971 1
28978 1
28987 1
28992 1
29000 1
29005 1
29009 1
29018 1
29027 1
29034 1
29036 1
29042 1
29049 1
29056 1
29065 1
29073 1
29076 1
29084 1
29087 1
29092 1
29099 1
29103 1
29106 1
29110 1
29114 1
29115 1
29123 1
29124 1
29133 1
29135 1
29142 1
29147 1
29154 1
29161 1
29166 1
29175 1
29177 1
29179 1
29184 1
29189 1
29195 1
29198 1
29200 1
29203 1
29210 1
29212 1
29214 1
29220 1
29221 1
29224 1
29233 1
29234 1
29235 1
29244 1
29253 1
29259 1
29263 1
29264 1
29266 1
29273 1
29274 1
29277 1
29279 1
29281 1
29288 1
29294 1
29296 1
29300 1
29301 1
29304 1
29309 1
29312 1
29318 1
29319 1
29325 1
29329 1
29330 1
29338 1
29341 1
29348 1
29356 1
29361 1
29362 1
29366 1
29367 1
29376 1
29379 1
29384 1
29390 1
29396 1
29397 1
29401 1
29406 1
29415 1
29417 1
29419 1
29421 1
29425 1
29432 1
29436 1
29443 1
29451 1
29457 1
29463 1
29465 1
29469 1
29471 1
29472 1
29478 1
29479 1
29482 1
29491 1
29500 1
29504 1
29506 1
29509 1
29518 1
29519 1
29526 1
29532 1
29534 1
29543 1
29549 1
29552 1
29558 1
29567 1
29569 1
29570 1
29578 1
29579 1
29588 1
29590 1
29597 1
29606 1
29612 1
29613 1
29620 1
29626 1
29627 1
29632 1
29633 1
29635 1
29641 1
29646 1
29652 1
29659 1
29665 1
29672 1
29675 1
29684 1
29690 1
29692 1
29693 1
29702 1
29705 1
29714 1
29717 1
29718 1
29720 1
29726 1
29735 1
29738 1
29743 1
29751 1
29757 1
29765 1
29769 1
29772 1
29774 1
29778 1
29780 1
29782 1
29791 1
29792 1
29799 1
29806 1
29809 1
29810 1
29812 1
29813 1
29814 1
29818 1
29824 1
29826 1
29831 1
29836 1
29843 1
29852 1
29857 1
29858 1
29864 1
29871 1
29877 1
29879 1
29886 1
29888 1
29897 1
29900 1
29908 1
29915 1
29921 1
29924 1
29931 1
29935 1
29937 1
29946 1
29949 1
29958 1
29962 1
29963 1
29967 1
29970 1
29976 1
29984 1
29986 1
29992 1
29993 1
29995 1
30002 1
30006 1
30010 1
30012 1
30019 1
30022 1
30024 1
30027 1
30031 1
30033 1
30039 1
30043 1
30045 1
30048 1
30049 1
30053 1
30061 1
30062 1
30066 1
30073 1
30074 1
30078 1
30080 1
30087 1
30095 1
30100 1
30107 1
30113 1
30122 1
30128 1
30129 1
30130 1
30134 1
30141 1
30146 1
30151 1
30159 1
30160 1
30161 1
30167 1
30173 1
30174 1
30178 1
30187 1
30189 1
30193 1
30196 1
30205 1
30214 1
30223 1
30229 1
30237 1
30241 1
30248 1
30255 1
30263 1
30270 1
30276 1
30278 1
30280 1
30283 1
30286 1
30289 1
30296 1
30305 1
30310 1
30317 1
30326 1
30334 1
30337 1
30344 1
30348 1
30349 1
30358 1
30359 1
30360 1
30364 1
30369 1
30374 1
30377 1
30383 1
30385 1
30388 1
30390 1
30398 1
30401 1
30403 1
30409 1
30418 1
30422 1
30430 1
30437 1
30439 1
30448 1
30454 1
30458 1
30459 1
30460 1
30463 1
30465 1
30471 1
30478 1
30479 1
30484 1
30485 1
30491 1
30497 1
30504 1
30512 1
30517 1
30521 1
30526 1
30528 1
30534 1
30540 1
30544 1
30549 1
30558 1
30565 1
30570 1
30571 1
30574 1
30576 1
30577 1
30586 1
30588 1
30590 1
30598 1
30602 1
30605 1
30614 1
30619 1
30623 1
30631 1
30640 1
30641 1
30647 1
30655 1
30664 1
30667 1
30673 1
30676 1
30680 1
30687 1
30696 1
30704 1
30705 1
30706 1
30708 1
30717 1
30721 1
30728 1
30732 1
30733 1
30738 1
30740 1
30749 1
30754 1
30760 1
30765 1
30774 1
30780 1
30785 1
30791 1
30794 1
30797 1
30805 1
30809 1
30817 1
30822 1
30828 1
30837 1
30844 1
30847 1
30855 1
30863 1
30871 1
30872 1
30878 1
30887 1
30888 1
30895 1
30897 1
30898 1
30900 1
30908 1
30910 1
30919 1
30925 1
30930 1
30931 1
30932 1
30937 1
30939 1
30942 1
30947 1
30953 1
30960 1
30969 1
30970 1
30971 1
30975 1
30979 1
30988 1
30993 1
30999 1
31003 1
31010 1
31011 1
31017 1
31023 1
31027 1
31034 1
31041 1
31043 1
31044 1
31047 1
31054 1
31056 1
31064 1
31071 1
31077 1
31080 1
31082 1
31087 1
31094 1
31095 1
31098 1
31099 1
31104 1
31106 1
31112 1
31119 1
31122 1
31127 1
31131 1
31137 1
31145 1
31150 1
31152 1
31156 1
31164 1
31172 1
31174 1
31180 1
31186 1
31189 1
31193 1
31199 1
31203 1
31209 1
31216 1
31217 1
31226 1
31229 1
31230 1
31236 1
31243 1
31246 1
31254 1
31263 1
31270 1
31279 1
31283 1
31287 1
31293 1
31297 1
31306 1
31313 1
31315 1
31317 1
31318 1
31326 1
31332 1
31340 1
31343 1
31350 1
31353 1
31359 1
31363 1
31370 1
31373 1
31379 1
31383 1
31392 1
31393 1
31401 1
31407 1
31410 1
31413 1
31414 1
31420 1
31428 1
31431 1
31434 1
31439 1
31443 1
31450 1
31456 1
31460 1
31466 1
31471 1
31476 1
31482 1
31489 1
31492 1
31496 1
31498 1
31506 1
31515 1
31518 1
31524 1
31532 1
31537 1
31540 1
31542 1
31549 1
31550 1
31555 1
31560 1
31564 1
31566 1
31573 1
31578 1
31585 1
31593 1
31600 1
31608 1
31616 1
31618 1
31624 1
31627 1
31632 1
31636 1
31641 1
31650 1
31654 1
31662 1
31664 1
31672 1
31681 1
31690 1
31697 1
31699 1
31703 1
31704 1
31709 1
31717 1
31722 1
31726 1
31735 1
31740 1
31744 1
31752 1
31753 1
31759 1
31767 1
31769 1
31773 1
31782 1
31783 1
31789 1
31793 1
31794 1
31803 1
31811 1
31820 1
31824 1
31825 1
31830 1
31836 1
31841 1
31843 1
31844 1
31845 1
31847 1
31849 1
31851 1
31859 1
31862 1
31870 1
31879 1
31882 1
31884 1
31889 1
31894 1
31899 1
31900 1
31902 1
31905 1
31906 1
31911 1
31919 1
31924 1
31929 1
31933 1
31942 1
31947 1
31948 1
31949 1
31953 1
31957 1
31959 1
31968 1
31975 1
31982 1
31991 1
31999 1
32003 1
32004 1
32010 1
32013 1
32022 1
32027 1
32028 1
32035 1
32043 1
32049 1
32052 1
32060 1
32061 1
32064 1
32073 1
32080 1
32089 1
32091 1
32094 1
32095 1
32100 1
32107 1
32115 1
32116 1
32117 1
32119 1
32126 1
32132 1
32136 1
32138 1
32144 1
32148 1
32152 1
32156 1
32162 1
32168 1
32173 1
32180 1
32188 1
32196 1
32199 1
32202 1
32207 1
32214 1
32218 1
32219 1
32222 1
32223 1
32227 1
32230 1
32234 1
32236 1
32239 1
32247 1
32251 1
32253 1
32262 1
32269 1
32272 1
32273 1
32279 1
32286 1
32295 1
32297 1
32298 1
32304 1
32312 1
32313 1
32318 1
32326 1
32327 1
32332 1
32333 1
32335 1
32336 1
32338 1
32340 1
32343 1
32347 1
32351 1
32357 1
32361 1
32369 1
32372 1
32381 1
32388 1
32394 1
32399 1
32407 1
32415 1
32417 1
32425 1
32426 1
32430 1
32439 1
32446 1
32447 1
32454 1
32462 1
32463 1
32470 1
32472 1
32473 1
32480 1
32485 1
32493 1
32495 1
32497 1
32504 1
32511 1
32514 1
32519 1
32526 1
32528 1
32529 1
32531 1
32539 1
32543 1
32544 1
32551 1
32553 1
32557 1
32559 1
32567 1
32570 1
32571 1
32577 1
32585 1
32589 1
32593 1
32598 1
32599 1
32601 1
32610 1
32616 1
32624 1
32627 1
32631 1
32633 1
32636 1
32645 1
32649 1
32654 1
32659 1
32666 1
32671 1
32676 1
32685 1
32689 1
32696 1
32704 1
32712 1
32716 1
32721 1
32725 1
32729 1
32732 1
32736 1
32745 1
32752 1
32754 1
32758 1
32764 1
32765 1
32769 1
32777 1
32778 1
32782 1
32790 1
32793 1
32801 1
32806 1
32814 1
32819 1
32826 1
32831 1
32834 1
32841 1
32850 1
32855 1
32861 1
32867 1
32871 1
32875 1
32883 1
32887 1
32890 1
32891 1
32898 1
32907 1
32910 1
32913 1
32917 1
32925 1
32934 1
32940 1
32943 1
32949 1
32951 1
32952 1
32954 1
32960 1
32965 1
32969 1
32977 1
32978 1
32985 1
32991 1
32998 1
33003 1
33009 1
33010 1
33017 1
33024 1
33027 1
33028 1
33035 1
33041 1
33050 1
33056 1
33061 1
33065 1
33073 1
33078 1
33082 1
33084 1
33093 1
33101 1
33104 1
33106 1
33115 1
33123 1
33128 1
33133 1
33134 1
33136 1
33138 1
33147 1
33148 1
33151 1
33156 1
33157 1
33166 1
33173 1
33178 1
33182 1
33188 1
33190 1
33194 1
33199 1
33206 1
33211 1
33220 1
33222 1
33227 1
33228 1
33235 1
33240 1
33247 1
33255 1
33263 1
33265 1
33271 1
33278 1
33284 1
33290 1
33291 1
33299 1
33303 1
33310 1
33318 1
33322 1
33330 1
33336 1
33343 1
33351 1
33360 1
33364 1
33367 1
33374 1
33381 1
33384 1
33390 1
33395 1
33403 1
33405 1
33406 1
33413 1
33415 1
33424 1
33428 1
33435 1
33441 1
33449 1
33458 1
33463 1
33472 1
33481 1
33483 1
33492 1
33499 1
33505 1
33510 1
33517 1
33521 1
33526 1
33535 1
33537 1
33541 1
33545 1
33551 1
33555 1
33558 1
33564 1
33571 1
33574 1
33582 1
33588 1
33591 1
33595 1
33599 1
33606 1
33608 1
33616 1
33622 1
33627 1
33628 1
33637 1
33642 1
33643 1
33652 1
33653 1
33655 1
33661 1
33664 1
33668 1
33675 1
33683 1
33685 1
33692 1
33701 1
33708 1
33716 1
33720 1
33729 1
33738 1
33739 1
33743 1
33747 1
33751 1
33754 1
33757 1
33760 1
33769 1
33776 1
33781 1
33790 1
33793 1
33798 1
33805 1
33813 1
33817 1
33826 1
33831 1
33836 1
33842 1
33843 1
33846 1
33851 1
33856 1
33865 1
33874 1
33883 1
33886 1
33894 1
33899 1
33902 1
33910 1
33918 1
33920 1
33924 1
33927 1
33928 1
33937 1
33943 1
33952 1
33955 1
33956 1
33960 1
33964 1
33969 1
33970 1
33975 1
33982 1
33991 1
33998 1
34004 1
34005 1
34013 1
34019 1
34020 1
34021 1
34029 1
34038 1
34044 1
34048 1
34050 1
34052 1
34056 1
34059 1
34067 1
34074 1
34075 1
34078 1
34086 1
34090 1
34093 1
34094 1
34103 1
34104 1
34107 1
34112 1
34114 1
34123 1
34126 1
34133 1
34138 1
34143 1
34151 1
34156 1
34162 1
34169 1
34177 1
34180 1
34184 1
34189 1
34192 1
34198 1
34200 1
34203 1
34210 1
34215 1
34222 1
34225 1
34234 1
34239 1
34241 1
34248 1
34252 1
34261 1
34270 1
34279 1
34284 1
34293 1
34296 1
34303 1
34311 1
34317 1
34323 1
34325 1
34332 1
34339 1
34347 1
34351 1
34354 1
34358 1
34364 1
34369 1
34370 1
34378 1
34380 1
34387 1
34395 1
34397 1
34400 1
34403 1
34409 1
34415 1
34421 1
34425 1
34428 1
34431 1
34433 1
34434 1
34440 1
34448 1
34453 1
34458 1
34465 1
34469 1
34471 1
34475 1
34484 1
34490 1
34494 1
34497 1
34503 1
34510 1
34513 1
34514 1
34515 1
34516 1
34521 1
34528 1
34533 1
34537 1
34539 1
34543 1
34547 1
34556 1
34562 1
34571 1
34578 1
34583 1
34589 1
34597 1
34600 1
34604 1
34608 1
34612 1
34621 1
34630 1
34633 1
34635 1
34639 1
34640 1
34648 1
34656 1
34660 1
34669 1
34675 1
34682 1
34689 1
34698 1
34700 1
34701 1
34708 1
34716 1
34719 1
34724 1
34725 1
34732 1
34737 1
34740 1
34745 1
34748 1
34757 1
34765 1
34774 1
34781 1
34787 1
34795 1
34801 1
34805 1
34812 1
34814 1
34820 1
34821 1
34828 1
34837 1
34839 1
34840 1
34844 1
34849 1
34852 1
34856 1
34859 1
34860 1
34868 1
34876 1
34880 1
34881 1
34889 1
34893 1
34901 1
34902 1
34905 1
34906 1
34910 1
34915 1
34924 1
34933 1
34940 1
34944 1
34948 1
34949 1
34957 1
34960 1
34967 1
34976 1
34977 1
34986 1
34987 1
34995 1
34998 1
35007 1
35013 1
35022 1
35025 1
35033 1
35038 1
35047 1
35052 1
35053 1
35059 1
35067 1
35075 1
35084 1
35086 1
35095 1
35099 1
35100 1
35108 1
35112 1
35114 1
35120 1
35124 1
35127 1
35135 1
35136 1
35140 1
35148 1
35155 1
35156 1
35160 1
35164 1
35173 1
35179 1
35187 1
35192 1
35199 1
35202 1
35207 1
35213 1
35220 1
35227 1
35229 1
35234 1
35235 1
35240 1
35242 1
35248 1
35250 1
35251 1
35257 1
35266 1
35272 1
35275 1
35283 1
35284 1
35292 1
35300 1
35305 1
35314 1
35323 1
35324 1
35327 1
35328 1
35335 1
35339 1
35343 1
35348 1
35353 1
35359 1
35367 1
35369 1
35373 1
35381 1
35385 1
35394 1
35399 1
35408 1
35412 1
35415 1
35417 1
35421 1
35424 1
35433 1
35439 1
35446 1
35453 1
35459 1
35465 1
35471 1
35475 1
35482 1
35484 1
35488 1
35493 1
35496 1
35497 1
35498 1
35500 1
35506 1
35514 1
35515 1
35521 1
35525 1
35532 1
35537 1
35545 1
35554 1
35556 1
35557 1
35566 1
35570 1
35578 1
35584 1
35586 1
35593 1
35599 1
35602 1
35608 1
35616 1
35623 1
35631 1
35639 1
35641 1
35647 1
35648 1
35657 1
35663 1
35670 1
35676 1
35678 1
35680 1
35684 1
35685 1
35690 1
35691 1
35695 1
35699 1
35707 1
35708 1
35713 1
35718 1
35726 1
35731 1
35739 1
35742 1
35749 1
35753 1
35761 1
35770 1
35778 1
35785 1
35792 1
35799 1
35807 1
35816 1
35819 1
35827 1
35835 1
35844 1
35850 1
35858 1
35867 1
35869 1
35876 1
35880 1
35881 1
35882 1
35884 1
35885 1
35890 1
35898 1
35899 1
35902 1
35906 1
35911 1
35912 1
35918 1
35919 1
35923 1
35930 1
35932 1
35936 1
35937 1
35945 1
35946 1
35953 1
35955 1
35959 1
35961 1
35968 1
35972 1
35974 1
35983 1
35991 1
35999 1
36000 1
36005 1
36010 1
36012 1
36017 1
36022 1
36024 1
36033 1
36039 1
36046 1
36051 1
36054 1
36057 1
36060 1
36068 1
36072 1
36075 1
36078 1
36081 1
36083 1
36091 1
36097 1
36101 1
36109 1
36110 1
36118 1
36123 1
36126 1
36134 1
36143 1
36145 1
36149 1
36158 1
36165 1
36168 1
36169 1
36173 1
36179 1
36187 1
36193 1
36195 1
36198 1
36200 1
36207 1
36208 1
36213 1
36217 1
36226 1
36227 1
36236 1
36238 1
36241 1
36249 1
36256 1
36261 1
36263 1
36266 1
36269 1
36274 1
36280 1
36284 1
36289 1
36295 1
36304 1
36307 1
36310 1
36315 1
36321 1
36324 1
36325 1
36328 1
36329 1
36331 1
36336 1
36340 1
36341 1
36342 1
36350 1
36359 1
36368 1
36369 1
36374 1
36380 1
36382 1
36388 1
36391 1
36398 1
36406 1
36415 1
36418 1
36425 1
36431 1
36434 1
36437 1
36445 1
36449 1
36452 1
36455 1
36459 1
36461 1
36463 1
36472 1
36477 1
36479 1
36485 1
36494 1
36499 1
36500 1
36509 1
36515 1
36518 1
36525 1
36526 1
36534 1
36538 1
36547 1
36548 1
36554 1
36555 1
36562 1
36568 1
36573 1
36582 1
36588 1
36594 1
36602 1
36610 1
36615 1
36617 1
36625 1
36633 1
36642 1
36648 1
36654 1
36656 1
36665 1
36673 1
36682 1
36689 1
36690 1
36698 1
36703 1
36708 1
36712 1
36720 1
36724 1
36727 1
36729 1
36735 1
36742 1
36745 1
36749 1
36758 1
36759 1
36765 1
36773 1
36782 1
36787 1
36790 1
36791 1
36793 1
36799 1
36805 1
36811 1
36817 1
36824 1
36828 1
36830 1
36838 1
36847 1
36853 1
36855 1
36856 1
36858 1
36862 1
36869 1
36870 1
36877 1
36882 1
36888 1
36895 1
36896 1
36898 1
36905 1
36909 1
36916 1
36922 1
36928 1
36929 1
36937 1
36945 1
36947 1
36952 1
36957 1
36961 1
36966 1
36970 1
36973 1
36976 1
36984 1
36992 1
36998 1
37005 1
37012 1
37020 1
37025 1
37028 1
37030 1
37039 1
37046 1
37049 1
37054 1
37056 1
37061 1
37062 1
37069 1
37073 1
37077 1
37084 1
37088 1
37091 1
37092 1
37094 1
37101 1
37106 1
37108 1
37112 1
37117 1
37123 1
37128 1
37130 1
37137 1
37141 1
37148 1
37154 1
37156 1
37164 1
37169 1
37176 1
37185 1
37187 1
37193 1
37197 1
37204 1
37207 1
37210 1
37216 1
37218 1
37221 1
37228 1
37229 1
37230 1
37231 1
37233 1
37239 1
37247 1
37251 1
37260 1
37262 1
37266 1
37269 1
37277 1
37285 1
37291 1
37294 1
37297 1
37303 1
37312 1
37318 1
37321 1
37324 1
37329 1
37335 1
37339 1
37345 1
37348 1
37351 1
37355 1
37356 1
37357 1
37362 1
37368 1
37371 1
37377 1
37381 1
37390 1
37393 1
37402 1
37407 1
37412 1
37418 1
37419 1
37428 1
37436 1
37445 1
37449 1
37454 1
37455 1
37456 1
37459 1
37463 1
37464 1
37470 1
37478 1
37483 1
37490 1
37497 1
37503 1
37507 1
37513 1
37519 1
37526 1
37527 1
37530 1
37539 1
37542 1
37544 1
37547 1
37552 1
37554 1
37563 1
37571 1
37577 1
37578 1
37582 1
37585 1
37587 1
37596 1
37605 1
37608 1
37612 1
37615 1
37621 1
37627 1
37634 1
37639 1
37648 1
37649 1
37654 1
37655 1
37658 1
37666 1
37672 1
37681 1
37684 1
37689 1
37694 1
37702 1
37710 1
37714 1
37719 1
37726 1
37730 1
37732 1
37739 1
37743 1
37750 1
37754 1
37760 1
37761 1
37765 1
37768 1
37776 1
37777 1
37778 1
37786 1
37787 1
37795 1
37799 1
37802 1
37804 1
37812 1
37820 1
37829 1
37836 1
37845 1
37848 1
37854 1
37857 1
37866 1
37873 1
37878 1
37879 1
37882 1
37889 1
37892 1
37896 1
37903 1
37909 1
37913 1
37921 1
37924 1
37929 1
37936 1
37941 1
37944 1
37948 1
37955 1
37962 1
37971 1
37972 1
37977 1
37978 1
37983 1
37987 1
37990 1
37991 1
37995 1
38002 1
38003 1
38009 1
38013 1
38022 1
38031 1
38040 1
38046 1
38049 1
38053 1
38062 1
38065 1
38068 1
38075 1
38082 1
38085 1
38091 1
38092 1
38097 1
38103 1
38108 1
38117 1
38120 1
38125 1
38126 1
38130 1
38139 1
38148 1
38155 1
38160 1
38167 1
38174 1
38176 1
38180 1
38186 1
38190 1
38192 1
38197 1
38199 1
38200 1
38201 1
38207 1
38210 1
38214 1
38220 1
38226 1
38228 1
38235 1
38240 1
38246 1
38249 1
38254 1
38258 1
38260 1
38267 1
38268 1
38273 1
38279 1
38280 1
38286 1
38295 1
38304 1
38307 1
38311 1
38313 1
38319 1
38320 1
38328 1
38330 1
38338 1
38343 1
38352 1
38357 1
38366 1
38373 1
38374 1
38378 1
38384 1
38387 1
38388 1
38393 1
38396 1
38400 1
38405 1
38414 1
38420 1
38423 1
38432 1
38437 1
38441 1
38448 1
38449 1
38451 1
38457 1
38458 1
38466 1
38468 1
38469 1
38472 1
38473 1
38479 1
38480 1
38484 1
38489 1
38490 1
38498 1
38506 1
38509 1
38515 1
38519 1
38527 1
38529 1
38534 1
38540 1
38544 1
38551 1
38557 1
38566 1
38570 1
38579 1
38583 1
38588 1
38593 1
38598 1
38604 1
38608 1
38614 1
38619 1
38625 1
38630 1
38638 1
38647 1
38648 1
38650 1
38656 1
38658 1
38663 1
38669 1
38676 1
38679 1
38685 1
38691 1
38694 1
38697 1
38701 1
38704 1
38707 1
38709 1
38710 1
38716 1
38725 1
38726 1
38730 1
38731 1
38739 1
38748 1
38749 1
38754 1
38761 1
38767 1
38772 1
38780 1
38788 1
38797 1
38800 1
38806 1
38814 1
38818 1
38825 1
38833 1
38838 1
38839 1
38842 1
38848 1
38849 1
38851 1
38852 1
38853 1
38860 1
38864 1
38871 1
38877 1
38882 1
38889 1
38891 1
38898 1
38899 1
38902 1
38908 1
38910 1
38919 1
38924 1
38929 1
38935 1
38937 1
38946 1
38954 1
38960 1
38968 1
38971 1
38977 1
38986 1
38993 1
39000 1
39004 1
39010 1
39014 1
39017 1
39018 1
39023 1
39028 1
39032 1
39039 1
39041 1
39047 1
39056 1
39065 1
39070 1
39075 1
39076 1
39080 1
39081 1
39086 1
39094 1
39100 1
39103 1
39104 1
39111 1
39116 1
39124 1
39127 1
39128 1
39137 1
39143 1
39145 1
39146 1
39148 1
39156 1
39165 1
39173 1
39178 1
39179 1
39182 1
39187 1
39195 1
39204 1
39213 1
39222 1
39231 1
39238 1
39241 1
39248 1
39255 1
39257 1
39262 1
39268 1
39272 1
39280 1
39283 1
39291 1
39300 1
39306 1
39310 1
39317 1
39323 1
39327 1
39333 1
39339 1
39341 1
39343 1
39350 1
39359 1
39365 1
39366 1
39375 1
39378 1
39384 1
39392 1
39396 1
39397 1
39401 1
39406 1
39407 1
39414 1
39419 1
39428 1
39434 1
39441 1
39450 1
39453 1
39454 1
39456 1
39459 1
39468 1
39470 1
39474 1
39478 1
39479 1
39482 1
39487 1
39493 1
39495 1
39499 1
39506 1
39514 1
39521 1
39525 1
39531 1
39538 1
39539 1
39544 1
39547 1
39548 1
39549 1
39558 1
39567 1
39573 1
39580 1
39585 1
39590 1
39595 1
39599 1
39605 1
39608 1
39612 1
39621 1
39630 1
39631 1
39639 1
39646 1
39651 1
39659 1
39668 1
39676 1
39680 1
39687 1
39694 1
39696 1
39697 1
39705 1
39708 1
39713 1
39714 1
39721 1
39728 1
39729 1
39737 1
39738 1
39746 1
39749 1
39754 1
39759 1
39766 1
39768 1
39775 1
39782 1
39791 1
39797 1
39798 1
39804 1
39813 1
39817 1
39820 1
39829 1
39834 1
39837 1
39840 1
39842 1
39846 1
39853 1
39854 1
39856 1
39864 1
39867 1
39872 1
39876 1
39883 1
39888 1
39896 1
39898 1
39901 1
39904 1
39913 1
39919 1
39921 1
39928 1
39937 1
39941 1
39944 1
39951 1
39959 1
39968 1
39973 1
39978 1
39987 1
39992 1
39997 1
40002 1
40005 1
40009 1
40018 1
40025 1
40030 1
40032 1
40035 1
40041 1
40049 1
40053 1
40056 1
40058 1
40062 1
40063 1
40066 1
40075 1
40080 1
40089 1
40095 1
40102 1
40105 1
40109 1
40118 1
40121 1
40123 1
40124 1
40125 1
40127 1
40128 1
40134 1
40139 1
40145 1
40150 1
40155 1
40157 1
40166 1
40171 1
40178 1
40181 1
40185 1
40192 1
40201 1
40208 1
40215 1
40223 1
40228 1
40232 1
40241 1
40247 1
40251 1
40256 1
40259 1
40265 1
40266 1
40267 1
40276 1
40285 1
40290 1
40297 1
40299 1
40303 1
40306 1
40310 1
40311 1
40319 1
40327 1
40335 1
40342 1
40344 1
40345 1
40352 1
40361 1
40368 1
40374 1
40377 1
40385 1
40394 1
40402 1
40407 1
40409 1
40415 1
40419 1
40422 1
40427 1
40433 1
40440 1
40446 1
40448 1
40454 1
40457 1
40460 1
40464 1
40469 1
40478 1
40486 1
40488 1
40497 1
40504 1
40512 1
40515 1
40518 1
40525 1
40533 1
40536 1
40543 1
40544 1
40545 1
40550 1
40552 1
40559 1
40566 1
40575 1
40584 1
40586 1
40590 1
40595 1
40604 1
40612 1
40619 1
40620 1
40629 1
40632 1
40638 1
40641 1
40642 1
40644 1
40645 1
40652 1
40656 1
40659 1
40666 1
40673 1
40674 1
40683 1
40687 1
40691 1
40697 1
40700 1
40709 1
40716 1
40720 1
40721 1
40727 1
40733 1
40740 1
40743 1
40752 1
40757 1
40761 1
40768 1
40773 1
40774 1
40780 1
40783 1
40792 1
40798 1
40801 1
40807 1
40811 1
40817 1
40818 1
40819 1
40824 1
40832 1
40833 1
40842 1
40847 1
40853 1
40855 1
40864 1
40871 1
40880 1
40889 1
40895 1
40902 1
40909 1
40915 1
40923 1
40926 1
40932 1
40937 1
40938 1
40939 1
40941 1
40943 1
40952 1
40955 1
40957 1
40965 1
40973 1
40977 1
40984 1
40992 1
40998 1
41007 1
41008 1
41009 1
41010 1
41014 1
41016 1
41023 1
41026 1
41033 1
41042 1
41051 1
41055 1
41058 1
41060 1
41068 1
41069 1
41074 1
41083 1
41085 1
41090 1
41097 1
41106 1
41111 1
41115 1
41120 1
41125 1
41133 1
41137 1
41145 1
41148 1
41151 1
41158 1
41164 1
41170 1
41174 1
41176 1
41185 1
41190 1
41199 1
41203 1
41210 1
41211 1
41214 1
41222 1
41223 1
41227 1
41230 1
41232 1
41240 1
41247 1
41256 1
41262 1
41270 1
41274 1
41277 1
41285 1
41292 1
41293 1
41300 1
41303 1
41307 1
41315 1
41318 1
41321 1
41330 1
41333 1
41337 1
41345 1
41354 1
41361 1
41362 1
41369 1
41373 1
41379 1
41383 1
41386 1
41390 1
41396 1
41400 1
41404 1
41407 1
41413 1
41421 1
41426 1
41435 1
41440 1
41445 1
41450 1
41453 1
41462 1
41470 1
41476 1
41480 1
41486 1
41488 1
41492 1
41495 1
41504 1
41511 1
41517 1
41519 1
41521 1
41522 1
41523 1
41526 1
41529 1
41536 1
41541 1
41546 1
41549 1
41553 1
41560 1
41562 1
41567 1
41573 1
41578 1
41579 1
41585 1
41590 1
41594 1
41603 1
41611 1
41613 1
41616 1
41620 1
41622 1
41625 1
41626 1
41630 1
41633 1
41641 1
41646 1
41648 1
41653 1
41654 1
41656 1
41660 1
41665 1
41669 1
41676 1
41681 1
41687 1
41691 1
41692 1
41694 1
41695 1
41696 1
41698 1
41705 1
41714 1
41715 1
41722 1
41727 1
41731 1
41735 1
41742 1
41746 1
41754 1
41758 1
41761 1
41763 1
41772 1
41774 1
41780 1
41786 1
41791 1
41794 1
41802 1
41806 1
41807 1
41813 1
41818 1
41826 1
41829 1
41833 1
41835 1
41841 1
41848 1
41852 1
41853 1
41860 1
41861 1
41866 1
41868 1
41870 1
41877 1
41882 1
41885 1
41886 1
41891 1
41895 1
41896 1
41902 1
41907 1
41911 1
41919 1
41922 1
41926 1
41931 1
41935 1
41941 1
41944 1
41948 1
41956 1
41961 1
41969 1
41976 1
41982 1
41989 1
41993 1
41994 1
42000 1
42006 1
42013 1
42022 1
42029 1
42032 1
42039 1
42042 1
42049 1
42051 1
42059 1
42060 1
42063 1
42069 1
42074 1
42076 1
42084 1
42086 1
42095 1
42104 1
42111 1
42118 1
42119 1
42125 1
42133 1
42135 1
42142 1
42145 1
42154 1
42159 1
42162 1
42170 1
42176 1
42180 1
42186 1
42188 1
42193 1
42201 1
42207 1
42209 1
42210 1
42211 1
42219 1
42226 1
42230 1
42232 1
42237 1
42240 1
42248 1
42250 1
42251 1
42254 1
42261 1
42265 1
42274 1
42281 1
42287 1
42295 1
42299 1
42307 1
42316 1
42317 1
42319 1
42323 1
42330 1
42332 1
42337 1
42339 1
42341 1
42343 1
42349 1
42356 1
42359 1
42363 1
42369 1
42370 1
42371 1
42379 1
42386 1
42392 1
42400 1
42403 1
42410 1
42411 1
42415 1
42424 1
42431 1
42436 1
42443 1
42444 1
42445 1
42447 1
42449 1
42455 1
42459 1
42461 1
42469 1
42478 1
42486 1
42492 1
42499 1
42506 1
42513 1
42515 1
42522 1
42526 1
42535 1
42537 1
42538 1
42546 1
42548 1
42553 1
42561 1
42562 1
42570 1
42577 1
42585 1
42594 1
42599 1
42604 1
42606 1
42612 1
42614 1
42618 1
42624 1
42625 1
42630 1
42633 1
42636 1
42637 1
42645 1
42652 1
42653 1
42659 1
42661 1
42667 1
42676 1
42683 1
42684 1
42687 1
42689 1
42697 1
42699 1
42703 1
42709 1
42712 1
42721 1
42723 1
42730 1
42739 1
42742 1
42743 1
42746 1
42754 1
42758 1
42766 1
42775 1
42778 1
42782 1
42789 1
42798 1
42803 1
42811 1
42812 1
42820 1
42825 1
42829 1
42834 1
42840 1
42845 1
42847 1
42853 1
42861 1
42862 1
42868 1
42872 1
42877 1
42883 1
42891 1
42896 1
42899 1
42907 1
42911 1
42916 1
42925 1
42931 1
42936 1
42940 1
42946 1
42951 1
42956 1
42957 1
42964 1
42971 1
42973 1
42978 1
42983 1
42988 1
42992 1
42996 1
42999 1
43003 1
43004 1
43009 1
43018 1
43021 1
43026 1
43032 1
43037 1
43042 1
43048 1
43055 1
43056 1
43059 1
43063 1
43069 1
43071 1
43075 1
43078 1
43084 1
43092 1
43094 1
43103 1
43106 1
43110 1
43119 1
43127 1
43128 1
43133 1
43136 1
43140 1
43145 1
43150 1
43155 1
43162 1
43171 1
43173 1
43180 1
43187 1
43193 1
43200 1
43206 1
43213 1
43216 1
43222 1
43228 1
43231 1
43235 1
43236 1
43240 1
43244 1
43251 1
43252 1
43261 1
43270 1
43272 1
43276 1
43282 1
43285 1
43290 1
43297 1
43306 1
43310 1
43318 1
43322 1
43330 1
43333 1
43334 1
43342 1
43350 1
43352 1
43359 1
43368 1
43377 1
43381 1
43390 1
43393 1
43402 1
43408 1
43410 1
43413 1
43415 1
43419 1
43422 1
43427 1
43434 1
43442 1
43443 1
43447 1
43451 1
43452 1
43453 1
43458 1
43463 1
43468 1
43469 1
43470 1
43475 1
43484 1
43485 1
43488 1
43493 1
43496 1
43498 1
43501 1
43504 1
43513 1
43516 1
43517 1
43522 1
43531 1
43534 1
43542 1
43548 1
43555 1
43559 1
43562 1
43569 1
43574 1
43576 1
43577 1
43582 1
43590 1
43595 1
43602 1
43607 1
43611 1
43614 1
43622 1
43627 1
43633 1
43638 1
43647 1
43650 1
43657 1
43665 1
43669 1
43672 1
43675 1
43679 1
43681 1
43686 1
43695 1
43700 1
43709 1
43717 1
43723 1
43727 1
43729 1
43733 1
43741 1
43746 1
43749 1
43751 1
43753 1
43758 1
43764 1
43769 1
43778 1
43780 1
43783 1
43789 1
43796 1
43805 1
43812 1
43818 1
43827 1
43828 1
43837 1
43839 1
43841 1
43842 1
43850 1
43853 1
43855 1
43863 1
43864 1
43873 1
43881 1
43882 1
43884 1
43889 1
43897 1
43900 1
43907 1
43913 1
43922 1
43928 1
43937 1
43941 1
43944 1
43952 1
43953 1
43962 1
43967 1
43974 1
43976 1
43982 1
43991 1
43993 1
44000 1
44002 1
44004 1
44011 1
44015 1
44022 1
44025 1
44030 1
44034 1
44040 1
44046 1
44047 1
44050 1
44056 1
44057 1
44066 1
44067 1
44071 1
44072 1
44073 1
44079 1
44082 1
44083 1
44090 1
44098 1
44101 1
44107 1
44116 1
44123 1
44132 1
44141 1
44144 1
44149 1
44151 1
44155 1
44159 1
44160 1
44167 1
44173 1
44177 1
44185 1
44188 1
44192 1
44198 1
44204 1
44209 1
44214 1
44218 1
44226 1
44228 1
44229 1
44235 1
44238 1
44244 1
44246 1
44248 1
44252 1
44259 1
44267 1
44272 1
44273 1
44282 1
44283 1
44285 1
44288 1
44290 1
44292 1
44300 1
44309 1
44312 1
44319 1
44328 1
44332 1
44334 1
44338 1
44347 1
44353 1
44362 1
44366 1
44373 1
44382 1
44388 1
44393 1
44399 1
44403 1
44410 1
44418 1
44427 1
44434 1
44441 1
44443 1
44451 1
44455 1
44461 1
44470 1
44478 1
44479 1
44487 1
44492 1
44495 1
44501 1
44508 1
44510 1
44517 1
44521 1
44530 1
44539 1
44543 1
44551 1
44557 1
44560 1
44564 1
44566 1
44571 1
44578 1
44582 1
44590 1
44593 1
44594 1
44596 1
44602 1
44609 1
44610 1
44618 1
44624 1
44629 1
44632 1
44638 1
44645 1
44651 1
44657 1
44662 1
44671 1
44674 1
44679 1
44680 1
44682 1
44683 1
44692 1
44701 1
44702 1
44707 1
44715 1
44724 1
44727 1
44736 1
44743 1
44747 1
44754 1
44757 1
44765 1
44774 1
44775 1
44778 1
44786 1
44795 1
44801 1
44810 1
44818 1
44825 1
44827 1
44835 1
44843 1
44851 1
44856 1
44857 1
44864 1
44873 1
44880 1
44883 1
44891 1
44897 1
44899 1
44906 1
44912 1
44915 1
44922 1
44924 1
44929 1
44932 1
44937 1
44938 1
44947 1
44953 1
44956 1
44964 1
44968 1
44975 1
44982 1
44987 1
44994 1
45003 1
45004 1
45008 1
45017 1
45022 1
45025 1
45029 1
45034 1
45043 1
45050 1
45057 1
45061 1
45068 1
45070 1
45075 1
45078 1
45084 1
45086 1
45091 1
45093 1
45097 1
45099 1
45101 1
45110 1
45119 1
45126 1
45135 1
45136 1
45140 1
45146 1
45149 1
45151 1
45158 1
45159 1
45168 1
45171 1
45172 1
45179 1
45183 1
45188 1
45196 1
45199 1
45204 1
45212 1
45213 1
45219 1
45228 1
45236 1
45241 1
45246 1
45254 1
45255 1
45256 1
45264 1
45273 1
45277 1
45284 1
45292 1
45298 1
45306 1
45311 1
45316 1
45322 1
45330 1
45337 1
45339 1
45343 1
45344 1
45351 1
45353 1
45354 1
45363 1
45372 1
45378 1
45384 1
45391 1
45392 1
45395 1
45397 1
45404 1
45410 1
45414 1
45418 1
45423 1
45431 1
45435 1
45436 1
45440 1
45446 1
45454 1
45459 1
45461 1
45463 1
45465 1
45466 1
45475 1
45484 1
45489 1
45494 1
45499 1
45503 1
45512 1
45517 1
45521 1
45523 1
45530 1
45533 1
45534 1
45536 1
45545 1
45549 1
45557 1
45564 1
45567 1
45573 1
45575 1
45584 1
45592 1
45598 1
45603 1
45608 1
45613 1
45619 1
45625 1
45627 1
45630 1
45634 1
45643 1
45650 1
45656 1
45657 1
45663 1
45671 1
45672 1
45677 1
45683 1
45688 1
45692 1
45693 1
45695 1
45701 1
45705 1
45712 1
45718 1
45721 1
45724 1
45727 1
45734 1
45741 1
45744 1
45746 1
45749 1
45753 1
45754 1
45758 1
45762 1
45769 1
45776 1
45777 1
45786 1
45789 1
45792 1
45799 1
45800 1
45806 1
45812 1
45814 1
45816 1
45818 1
45825 1
45833 1
45840 1
45846 1
45847 1
45852 1
45860 1
45863 1
45864 1
45870 1
45878 1
45884 1
45885 1
45893 1
45902 1
45908 1
45916 1
45917 1
45922 1
45923 1
45932 1
45935 1
45940 1
45941 1
45943 1
45947 1
45956 1
45964 1
45970 1
45975 1
45983 1
45985 1
45989 1
45992 1
45993 1
45999 1
46003 1
46005 1
46011 1
46015 1
46017 1
46019 1
46021 1
46026 1
46028 1
46035 1
46044 1
46046 1
46048 1
46049 1
46052 1
46055 1
46057 1
46066 1
46074 1
46082 1
46089 1
46097 1
46098 1
46103 1
46109 1
46114 1
46117 1
46126 1
46132 1
46134 1
46142 1
46143 1
46147 1
46148 1
46152 1
46157 1
46162 1
46163 1
46165 1
46169 1
46175 1
46182 1
46188 1
46190 1
46197 1
46201 1
46208 1
46209 1
46214 1
46216 1
46219 1
46225 1
46230 1
46236 1
46240 1
46244 1
46251 1
46257 1
46262 1
46263 1
46270 1
46274 1
46275 1
46284 1
46291 1
46297 1
46304 1
46311 1
46320 1
46329 1
46332 1
46341 1
46345 1
46347 1
46352 1
46357 1
46364 1
46366 1
46370 1
46378 1
46382 1
46385 1
46393 1
46399 1
46406 1
46408 1
46415 1
46420 1
46429 1
46437 1
46439 1
46447 1
46455 1
46462 1
46470 1
46473 1
46478 1
46484 1
46489 1
46495 1
46504 1
46512 1
46521 1
46530 1
46535 1
46544 1
46548 1
46556 1
46558 1
46559 1
46560 1
46565 1
46567 1
46576 1
46578 1
46583 1
46590 1
46596 1
46604 1
46605 1
46609 1
46613 1
46619 1
46621 1
46626 1
46627 1
46631 1
46632 1
46639 1
46646 1
46650 1
46652 1
46659 1
46663 1
46667 1
46675 1
46677 1
46686 1
46692 1
46696 1
46701 1
46705 1
46709 1
46712 1
46720 1
46724 1
46732 1
46740 1
46741 1
46745 1
46753 1
46762 1
46766 1
46768 1
46769 1
46771 1
46774 1
46779 1
46782 1
46786 1
46794 1
46800 1
46807 1
46810 1
46812 1
46821 1
46825 1
46833 1
46841 1
46848 1
46856 1
46862 1
46865 1
46868 1
46877 1
46886 1
46890 1
46893 1
46901 1
46909 1
46918 1
46922 1
46924 1
46925 1
46932 1
46938 1
46946 1
46955 1
46959 1
46960 1
46965 1
46972 1
46973 1
46982 1
46991 1
46995 1
46998 1
47006 1
47014 1
47022 1
47027 1
47032 1
47037 1
47045 1
47052 1
47053 1
47054 1
47059 1
47063 1
47066 1
47069 1
47075 1
47077 1
47080 1
47084 1
47090 1
47094 1
47095 1
47102 1
47106 1
47113 1
47119 1
47123 1
47126 1
47127 1
47128 1
47131 1
47139 1
47142 1
47143 1
47150 1
47153 1
47161 1
47165 1
47167 1
47174 1
47181 1
47189 1
47197 1
47199 1
47202 1
47206 1
47211 1
47212 1
47216 1
47222 1
47223 1
47226 1
47235 1
47240 1
47243 1
47250 1
47259 1
47261 1
47262 1
47269 1
47270 1
47276 1
47283 1
47285 1
47289 1
47296 1
47305 1
47309 1
47311 1
47320 1
47328 1
47332 1
47338 1
47339 1
47346 1
47354 1
47361 1
47365 1
47373 1
47382 1
47383 1
47384 1
47391 1
47393 1
47395 1
47396 1
47401 1
47404 1
47407 1
47409 1
47413 1
47420 1
47425 1
47430 1
47438 1
47440 1
47446 1
47453 1
47458 1
47466 1
47471 1
47478 1
47479 1
47483 1
47486 1
47492 1
47501 1
47509 1
47514 1
47517 1
47518 1
47525 1
47526 1
47530 1
47534 1
47537 1
47538 1
47547 1
47555 1
47562 1
47567 1
47569 1
47578 1
47586 1
47590 1
47596 1
47605 1
47608 1
47612 1
47621 1
47625 1
47632 1
47634 1
47642 1
47645 1
47650 1
47651 1
47652 1
47656 1
47665 1
47670 1
47676 1
47678 1
47681 1
47685 1
47688 1
47690 1
47698 1
47699 1
47705 1
47706 1
47707 1
47712 1
47718 1
47726 1
47734 1
47735 1
47738 1
47746 1
47752 1
47755 1
47763 1
47766 1
47774 1
47776 1
47778 1
47783 1
47784 1
47789 1
47792 1
47800 1
47805 1
47811 1
47818 1
47820 1
47823 1
47827 1
47829 1
47832 1
47833 1
47838 1
47844 1
47848 1
47856 1
47864 1
47870 1
47875 1
47878 1
47886 1
47887 1
47893 1
47897 1
47904 1
47910 1
47919 1
47924 1
47927 1
47936 1
47943 1
47945 1
47951 1
47953 1
47960 1
47969 1
47975 1
47978 1
47982 1
47988 1
47990 1
47995 1
47996 1
48001 1
48003 1
48012 1
48016 1
48025 1
48033 1
48035 1
48042 1
48049 1
48056 1
48062 1
48067 1
48076 1
48080 1
48085 1
48092 1
48096 1
48099 1
48108 1
48111 1
48112 1
48115 1
48119 1
48126 1
48127 1
48128 1
48130 1
48136 1
48138 1
48146 1
48155 1
48157 1
48158 1
48167 1
48174 1
48181 1
48189 1
48198 1
48202 1
48203 1
48209 1
48211 1
48220 1
48225 1
48226 1
48228 1
48234 1
48238 1
48247 1
48249 1
48257 1
48262 1
48269 1
48271 1
48272 1
48281 1
48289 1
48291 1
48295 1
48297 1
48299 1
48308 1
48315 1
48317 1
48320 1
48325 1
48328 1
48329 1
48335 1
48340 1
48342 1
48347 1
48354 1
48359 1
48363 1
48366 1
48373 1
48381 1
48385 1
48390 1
48398 1
48401 1
48404 1
48413 1
48421 1
48426 1
48428 1
48433 1
48440 1
48448 1
48455 1
48458 1
48462 1
48463 1
48471 1
48476 1
48478 1
48482 1
48485 1
48490 1
48498 1
48504 1
48513 1
48516 1
48518 1
48521 1
48522 1
48530 1
48538 1
48545 1
48547 1
48549 1
48557 1
48566 1
48574 1
48578 1
48584 1
48590 1
48599 1
48604 1
48607 1
48608 1
48610 1
48619 1
48622 1
48625 1
48627 1
48628 1
48634 1
48639 1
48645 1
48652 1
48654 1
48661 1
48668 1
48669 1
48675 1
48679 1
48687 1
48689 1
48698 1
48703 1
48711 1
48715 1
48721 1
48725 1
48731 1
48733 1
48736 1
48745 1
48750 1
48755 1
48759 1
48761 1
48767 1
48774 1
48777 1
48785 1
48789 1
48798 1
48801 1
48806 1
48809 1
48813 1
48818 1
48821 1
48830 1
48834 1
48843 1
48846 1
48853 1
48859 1
48866 1
48873 1
48882 1
48887 1
48890 1
48895 1
48898 1
48907 1
48911 1
48920 1
48924 1
48928 1
48935 1
48938 1
48943 1
48947 1
48950 1
48956 1
48963 1
48968 1
48970 1
48972 1
48975 1
48976 1
48979 1
48986 1
48988 1
48997 1
49006 1
49013 1
49019 1
49023 1
49031 1
49033 1
49038 1
49047 1
49053 1
49060 1
49063 1
49067 1
49073 1
49078 1
49080 1
49084 1
49085 1
49091 1
49097 1
49099 1
49107 1
49116 1
49119 1
49123 1
49126 1
49133 1
49141 1
49147 1
49152 1
49156 1
49165 1
49172 1
49177 1
49181 1
49189 1
49197 1
49202 1
49209 1
49218 1
49225 1
49226 1
49228 1
49235 1
49243 1
49245 1
49253 1
49262 1
49264 1
49268 1
49277 1
49284 1
49290 1
49291 1
49292 1
49299 1
49304 1
49312 1
49314 1
49320 1
49326 1
49335 1
49344 1
49351 1
49360 1
49365 1
49372 1
49376 1
49378 1
49385 1
49387 1
49389 1
49393 1
49399 1
49403 1
49408 1
49414 1
49423 1
49426 1
49429 1
49430 1
49437 1
49439 1
49444 1
49451 1
49456 1
49459 1
49467 1
49472 1
49474 1
49475 1
49483 1
49487 1
49496 1
49499 1
49503 1
49508 1
49511 1
49517 1
49524 1
49527 1
49532 1
49534 1
49542 1
49549 1
49553 1
49555 1
49562 1
49563 1
49566 1
49568 1
49577 1
49580 1
49589 1
49598 1
49602 1
49604 1
49610 1
49616 1
49617 1
49622 1
49627 1
49635 1
49638 1
49640 1
49649 1
49656 1
49659 1
49662 1
49667 1
49670 1
49672 1
49681 1
49682 1
49686 1
49695 1
49699 1
49702 1
49707 1
49712 1
49720 1
49728 1
49733 1
49742 1
49746 1
49749 1
49757 1
49764 1
49767 1
49770 1
49775 1
49776 1
49785 1
49794 1
49803 1
49807 1
49816 1
49817 1
49823 1
49824 1
49829 1
49833 1
49839 1
49845 1
49853 1
49860 1
49862 1
