10000
9 0
16 1
18 0
25 0
28 0
36 0
43 0
51 0
59 0
66 0
75 0
82 0
87 0
96 0
105 0
107 0
116 0
121 0
122 0
126 0
130 0
139 0
144 0
149 0
153 0
161 0
167 0
170 0
175 0
181 0
190 0
194 0
196 0
203 0
207 0
215 0
222 0
231 0
233 0
236 0
240 0
242 0
243 0
252 0
259 0
260 0
264 0
268 0
269 0
276 0
277 0
278 0
282 0
283 0
287 0
290 0
293 0
301 0
303 0
310 0
314 0
316 0
320 0
323 0
329 0
333 0
335 0
344 0
351 0
357 0
364 0
366 0
374 0
379 0
380 0
386 0
393 0
396 0
405 0
412 0
415 0
424 0
425 0
432 0
435 0
436 0
443 0
452 0
457 0
465 0
470 0
473 0
476 0
479 0
481 0
490 0
496 0
500 0
509 0
516 0
521 0
526 0
531 0
535 0
538 0
545 0
547 0
555 0
558 0
566 0
568 0
570 0
571 0
575 0
576 0
581 0
583 0
588 0
596 0
598 0
599 0
606 0
607 0
616 0
621 0
624 0
632 0
634 0
642 0
647 0
653 0
659 0
660 0
666 0
673 0
678 0
683 0
688 0
692 0
696 0
701 0
702 0
710 0
714 0
723 0
731 0
732 0
741 0
749 0
756 0
761 0
762 0
769 0
772 0
776 0
782 0
791 0
799 0
803 0
804 0
806 0
812 0
814 0
816 0
824 0
831 0
832 0
835 0
842 0
846 0
850 0
852 0
857 0
863 0
869 0
870 0
872 0
879 0
885 0
894 0
896 0
899 0
903 0
911 0
920 0
925 0
933 0
941 0
946 0
955 0
958 0
966 0
971 0
979 0
986 0
991 0
993 0
1001 0
1009 0
1017 0
1019 0
1024 0
1028 0
1034 0
1043 0
1044 0
1046 0
1049 0
1051 0
1059 0
1068 0
1070 0
1079 0
1080 0
1087 0
1089 0
1098 0
1107 0
1111 0
1115 0
1120 0
1122 0
1127 0
1129 0
1134 0
1137 0
1140 0
1147 0
1152 0
1161 0
1164 0
1166 0
1167 0
1173 0
1174 0
1181 0
1188 0
1196 0
1201 0
1207 0
1212 0
1221 0
1227 0
1233 0
1241 0
1245 0
1254 0
1260 0
1263 0
1271 0
1272 0
1281 0
1288 0
1297 0
1305 0
1312 0
1316 0
1324 0
1327 0
1328 0
1334 0
1340 0
1347 0
1352 0
1356 0
1364 0
1365 0
1374 0
1378 0
1383 0
1388 0
1393 0
1401 0
1409 0
1410 0
1413 0
1422 0
1426 0
1432 0
1435 0
1443 0
1447 0
1449 0
1453 0
1460 0
1466 0
1468 0
1473 0
1476 0
1482 0
1490 0
1498 0
1499 0
1505 0
1512 0
1520 0
1527 0
1529 0
1530 0
1534 0
1542 0
1546 0
1547 0
1548 0
1556 0
1564 0
1571 0
1579 0
1582 0
1591 0
1594 0
1603 0
1605 0
1613 0
1616 0
1622 0
1624 0
1626 0
1630 0
1635 0
1641 0
1645 0
1654 0
1660 0
1661 0
1663 0
1667 0
1675 0
1678 0
1687 0
1696 0
1702 0
1709 0
1717 0
1725 0
1731 0
1739 0
1746 0
1754 0
1755 0
1764 0
1768 0
1770 0
1771 0
1780 0
1782 0
1785 0
1788 0
1791 0
1799 0
1800 0
1801 0
1806 0
1813 0
1818 0
1820 0
1823 0
1824 0
1833 0
1839 0
1846 0
1849 0
1857 0
1861 0
1864 0
1868 0
1869 0
1878 0
1879 0
1884 0
1888 0
1892 0
1898 0
1899 0
1908 0
1912 0
1918 0
1926 0
1933 0
1935 0
1941 0
1942 0
1948 0
1950 0
1955 0
1956 0
1958 0
1964 0
1969 0
1971 0
1973 0
1982 0
1987 0
1994 0
1996 0
1997 0
2005 0
2012 0
2017 0
2026 0
2033 0
2036 0
2039 0
2040 0
2041 0
2048 0
2051 0
2060 0
2063 0
2072 0
2073 0
2075 0
2082 0
2090 0
2095 0
2102 0
2105 0
2107 0
2109 0
2112 0
2115 0
2119 0
2123 0
2125 0
2133 0
2141 0
2147 0
2154 0
2159 0
2164 0
2169 0
2175 0
2180 0
2188 0
2192 0
2194 0
2198 0
2199 0
2206 0
2214 0
2221 0
2222 0
2228 0
2230 0
2235 0
2236 0
2243 0
2244 0
2246 0
2254 0
2255 0
2257 0
2260 0
2261 0
2269 0
2277 0
2281 0
2288 0
2292 0
2300 0
2309 0
2312 0
2314 0
2316 0
2321 0
2330 0
2334 0
2339 0
2343 0
2346 0
2352 0
2361 0
2370 0
2377 0
2379 0
2383 0
2391 0
2399 0
2406 0
2411 0
2417 0
2425 0
2430 0
2436 0
2441 0
2445 0
2450 0
2454 0
2462 0
2463 0
2467 0
2474 0
2478 0
2480 0
2484 0
2486 0
2492 0
2497 0
2502 0
2508 0
2514 0
2518 0
2520 0
2523 0
2528 0
2533 0
2536 0
2537 0
2544 0
2547 0
2553 0
2556 0
2561 0
2567 0
2569 0
2575 0
2583 0
2591 0
2596 0
2605 0
2613 0
2619 0
2625 0
2631 0
2636 0
2645 0
2653 0
2656 0
2660 0
2662 0
2671 0
2676 0
2684 0
2692 0
2696 0
2702 0
2707 0
2713 0
2715 0
2723 0
2727 0
2728 0
2735 0
2737 0
2743 0
2744 0
2748 0
2752 0
2756 0
2761 0
2767 0
2773 0
2776 0
2781 0
2784 0
2793 0
2800 0
2804 0
2805 0
2807 0
2813 0
2816 0
2817 0
2819 0
2827 0
2831 0
2839 0
2843 0
2847 0
2849 0
2857 0
2865 0
2873 0
2880 0
2884 0
2890 0
2895 0
2904 0
2910 0
2914 0
2923 0
2929 0
2932 0
2941 0
2946 0
2953 0
2961 0
2967 0
2969 0
2971 0
2976 0
2981 0
2985 0
2988 0
2993 0
3002 0
3011 0
3017 0
3020 0
3025 0
3032 0
3036 0
3041 0
3042 0
3043 0
3045 0
3050 0
3059 0
3061 0
3062 0
3071 0
3076 0
3081 0
3086 0
3094 0
3101 0
3109 0
3114 0
3115 0
3121 0
3128 0
3130 0
3132 0
3137 0
3141 0
3150 0
3156 0
3164 0
3173 0
3175 0
3184 0
3188 0
3193 0
3199 0
3202 0
3206 0
3207 0
3215 0
3223 0
3232 0
3241 0
3242 0
3245 0
3249 0
3257 0
3260 0
3269 0
3273 0
3280 0
3282 0
3288 0
3289 0
3295 0
3303 0
3304 0
3310 0
3319 0
3321 0
3324 0
3332 0
3333 0
3337 0
3342 0
3349 0
3350 0
3356 0
3361 0
3367 0
3368 0
3374 0
3378 0
3386 0
3389 0
3392 0
3400 0
3407 0
3410 0
3416 0
3418 0
3426 0
3430 0
3434 0
3439 0
3442 0
3445 0
3453 0
3459 0
3465 0
3472 0
3479 0
3485 0
3486 0
3487 0
3490 0
3494 0
3503 0
3505 0
3513 0
3518 0
3522 0
3526 0
3533 0
3534 0
3542 0
3549 0
3557 0
3564 0
3571 0
3577 0
3585 0
3594 0
3599 0
3603 0
3607 0
3613 0
3616 0
3619 0
3625 0
3633 0
3639 0
3645 0
3652 0
3654 0
3658 0
3662 0
3665 0
3666 0
3670 0
3679 0
3685 0
3692 0
3695 0
3699 0
3705 0
3712 0
3720 0
3728 0
3731 0
3738 0
3740 0
3744 0
3746 0
3752 0
3758 0
3762 0
3768 0
3774 0
3775 0
3779 0
3786 0
3794 0
3796 0
3804 0
3811 0
3817 0
3823 0
3825 0
3830 0
3831 0
3835 0
3841 0
3844 0
3845 0
3846 0
3847 0
3856 0
3862 0
3865 0
3866 0
3870 0
3877 0
3885 0
3892 0
3900 0
3903 0
3910 0
3914 0
3922 0
3929 0
3936 0
3943 0
3950 0
3951 0
3953 0
3960 0
3968 0
3974 0
3980 0
3982 0
3985 0
3993 0
4000 0
4008 0
4016 0
4025 0
4030 0
4039 0
4040 0
4043 0
4050 0
4051 0
4055 0
4058 0
4060 0
4065 0
4073 0
4076 0
4079 0
4083 0
4088 0
4093 0
4101 0
4107 0
4110 0
4111 0
4112 0
4114 0
4117 0
4122 0
4127 0
4132 0
4140 0
4144 0
4152 0
4157 0
4159 0
4164 0
4169 0
4175 0
4182 0
4188 0
4195 0
4202 0
4206 0
4208 0
4216 0
4223 0
4224 0
4231 0
4236 0
4237 0
4238 0
4246 0
4250 0
4254 0
4263 0
4267 0
4272 0
4275 0
4282 0
4289 0
4297 0
4301 0
4309 0
4312 0
4315 0
4322 0
4329 0
4336 0
4344 0
4349 0
4355 0
4361 0
4367 0
4374 0
4380 0
4389 0
4395 0
4402 0
4406 0
4413 0
4420 0
4423 0
4426 0
4428 0
4435 0
4443 0
4444 0
4453 0
4461 0
4465 0
4470 0
4478 0
4480 0
4484 0
4485 0
4486 0
4492 0
4500 0
4501 0
4510 0
4515 0
4521 0
4523 0
4529 0
4531 0
4536 0
4538 0
4543 0
4546 0
4552 0
4555 0
4557 0
4566 0
4569 0
4578 0
4580 0
4587 0
4593 0
4600 0
4603 0
4607 0
4609 0
4611 0
4615 0
4617 0
4620 0
4626 0
4631 0
4640 0
4648 0
4655 0
4661 0
4670 0
4672 0
4678 0
4684 0
4687 0
4692 0
4698 0
4700 0
4701 0
4704 0
4712 0
4719 0
4728 0
4733 0
4739 0
4744 0
4751 0
4756 0
4758 0
4760 0
4763 0
4770 0
4774 0
4775 0
4783 0
4792 0
4793 0
4801 0
4805 0
4811 0
4816 0
4818 0
4827 0
4830 0
4836 0
4838 0
4839 0
4847 0
4848 0
4849 0
4850 0
4859 0
4864 0
4872 0
4874 0
4882 0
4888 0
4897 0
4901 0
4904 0
4910 0
4911 0
4912 0
4915 0
4921 0
4930 0
4937 0
4943 0
4948 0
4953 0
4959 0
4967 0
4973 0
4975 0
4981 0
4983 0
4987 0
4992 0
5001 0
5003 0
5010 0
5018 0
5019 0
5021 0
5028 0
5033 0
5034 0
5041 0
5048 0
5052 0
5060 0
5067 0
5071 0
5080 0
5085 0
5086 0
5092 0
5093 0
5097 0
5099 0
5105 0
5112 0
5113 0
5121 0
5124 0
5132 0
5135 0
5138 0
5143 0
5150 0
5155 0
5163 0
5170 0
5173 0
5175 0
5181 0
5185 0
5189 0
5192 0
5201 0
5204 0
5212 0
5214 0
5216 0
5223 0
5228 0
5230 0
5232 0
5236 0
5238 0
5243 0
5244 0
5245 0
5253 0
5258 0
5261 0
5270 0
5275 0
5278 0
5283 0
5287 0
5290 0
5299 0
5302 0
5310 0
5313 0
5321 0
5325 0
5332 0
5337 0
5338 0
5344 0
5347 0
5356 0
5364 0
5368 0
5373 0
5381 0
5390 0
5398 0
5402 0
5406 0
5413 0
5419 0
5421 0
5430 0
5432 0
5435 0
5442 0
5446 0
5454 0
5462 0
5469 0
5475 0
5477 0
5480 0
5488 0
5493 0
5498 0
5505 0
5508 0
5516 0
5522 0
5527 0
5530 0
5539 0
5543 0
5547 0
5549 0
5552 0
5553 0
5557 0
5563 0
5568 0
5574 0
5579 0
5584 0
5589 0
5596 0
5597 0
5604 0
5612 0
5620 0
5628 0
5635 0
5637 0
5640 0
5647 0
5651 0
5653 0
5654 0
5660 0
5666 0
5674 0
5677 0
5680 0
5688 0
5691 0
5694 0
5701 0
5708 0
5709 0
5711 0
5720 0
5725 0
5729 0
5735 0
5740 0
5749 0
5750 0
5759 0
5762 0
5766 0
5769 0
5774 0
5776 0
5782 0
5789 0
5793 0
5796 0
5800 0
5809 0
5815 0
5822 0
5824 0
5831 0
5836 0
5840 0
5846 0
5851 0
5860 0
5864 0
5869 0
5872 0
5881 0
5889 0
5897 0
5906 0
5912 0
5920 0
5927 0
5932 0
5933 0
5942 0
5944 0
5951 0
5956 0
5961 0
5970 0
5972 0
5981 0
5984 0
5987 0
5992 0
5993 0
5999 0
6007 0
6014 0
6020 0
6028 0
6030 0
6037 0
6045 0
6052 0
6055 0
6064 0
6070 0
6071 0
6080 0
6081 0
6088 0
6095 0
6098 0
6104 0
6105 0
6110 0
6112 0
6115 0
6120 0
6124 0
6125 0
6130 0
6137 0
6138 0
6141 0
6148 0
6153 0
6159 0
6162 0
6167 0
6170 0
6172 0
6174 0
6181 0
6185 0
6188 0
6193 0
6201 0
6208 0
6211 0
6213 0
6221 0
6223 0
6232 0
6235 0
6244 0
6250 0
6256 0
6257 0
6259 0
6266 0
6271 0
6273 0
6282 0
6283 0
6289 0
6294 0
6295 0
6296 0
6301 0
6302 0
6308 0
6314 0
6323 0
6329 0
6337 0
6344 0
6345 0
6347 0
6354 0
6359 0
6368 0
6377 0
6378 0
6384 0
6388 0
6390 0
6395 0
6400 0
6408 0
6413 0
6415 0
6418 0
6425 0
6426 0
6432 0
6434 0
6439 0
6445 0
6449 0
6450 0
6451 0
6455 0
6462 0
6464 0
6466 0
6473 0
6476 0
6477 0
6483 0
6489 0
6492 0
6497 0
6506 0
6512 0
6518 0
6525 0
6527 0
6535 0
6536 0
6539 0
6543 0
6550 0
6557 0
6558 0
6562 0
6567 0
6573 0
6578 0
6581 0
6590 0
6593 0
6601 0
6603 0
6607 0
6611 0
6620 0
6621 0
6623 0
6624 0
6628 0
6632 0
6639 0
6644 0
6645 0
6646 0
6649 0
6653 0
6661 0
6663 0
6665 0
6670 0
6676 0
6680 0
6686 0
6689 0
6694 0
6699 0
6703 0
6708 0
6715 0
6720 0
6727 0
6729 0
6730 0
6734 0
6742 0
6751 0
6752 0
6753 0
6759 0
6762 0
6765 0
6769 0
6775 0
6777 0
6779 0
6788 0
6790 0
6793 0
6794 0
6800 0
6802 0
6806 0
6809 0
6811 0
6813 0
6814 0
6819 0
6828 0
6831 0
6839 0
6840 0
6844 0
6848 0
6850 0
6853 0
6856 0
6858 0
6866 0
6868 0
6874 0
6875 0
6883 0
6885 0
6894 0
6900 0
6901 0
6905 0
6910 0
6917 0
6924 0
6927 0
6936 0
6943 0
6946 0
6947 0
6949 0
6955 0
6961 0
6966 0
6974 0
6983 0
6991 0
6993 0
6999 0
7001 0
7005 0
7014 0
7015 0
7016 0
7017 0
7023 0
7030 0
7033 0
7041 0
7045 0
7053 0
7056 0
7062 0
7069 0
7078 0
7081 0
7085 0
7092 0
7095 0
7097 0
7100 0
7106 0
7110 0
7113 0
7122 0
7130 0
7134 0
7143 0
7144 0
7148 0
7150 0
7156 0
7165 0
7174 0
7175 0
7177 0
7185 0
7190 0
7196 0
7202 0
7210 0
7216 0
7221 0
7224 0
7233 0
7235 0
7244 0
7246 0
7251 0
7258 0
7263 0
7270 0
7279 0
7282 0
7284 0
7287 0
7293 0
7302 0
7311 0
7316 0
7323 0
7325 0
7329 0
7331 0
7333 0
7341 0
7342 0
7348 0
7350 0
7353 0
7358 0
7365 0
7370 0
7375 0
7379 0
7385 0
7390 0
7395 0
7404 0
7407 0
7412 0
7417 0
7425 0
7430 0
7432 0
7440 0
7443 0
7451 0
7459 0
7465 0
7474 0
7476 0
7477 0
7479 0
7480 0
7485 0
7487 0
7488 0
7491 0
7496 0
7500 0
7503 0
7504 0
7507 0
7511 0
7513 0
7520 0
7527 0
7535 0
7538 0
7545 0
7546 0
7548 0
7553 0
7557 0
7560 0
7562 0
7570 0
7574 0
7577 0
7582 0
7586 0
7590 0
7595 0
7598 0
7604 0
7611 0
7615 0
7621 0
7624 0
7627 0
7634 0
7641 0
7643 0
7647 0
7654 0
7663 0
7668 0
7670 0
7671 0
7676 0
7677 0
7683 0
7686 0
7689 0
7690 0
7691 0
7699 0
7700 0
7704 0
7706 0
7713 0
7719 0
7720 0
7724 0
7731 0
7736 0
7738 0
7744 0
7749 0
7753 0
7759 0
7762 0
7771 0
7780 0
7787 0
7794 0
7799 0
7802 0
7808 0
7817 0
7820 0
7823 0
7830 0
7835 0
7841 0
7843 0
7846 0
7854 0
7858 0
7861 0
7865 0
7874 0
7883 0
7891 0
7895 0
7898 0
7907 0
7908 0
7910 0
7918 0
7927 0
7934 0
7936 0
7940 0
7948 0
7949 0
7957 0
7963 0
7968 0
7971 0
7979 0
7982 0
7990 0
7997 0
8000 0
8004 0
8011 0
8020 0
8023 0
8030 0
8033 0
8034 0
8041 0
8048 0
8050 0
8059 0
8060 0
8062 0
8066 0
8070 0
8071 0
8074 0
8079 0
8085 0
8087 0
8090 0
8097 0
8100 0
8102 0
8107 0
8108 0
8109 0
8114 0
8123 0
8124 0
8131 0
8134 0
8142 0
8144 0
8148 0
8154 0
8161 0
8168 0
8170 0
8177 0
8185 0
8190 0
8193 0
8198 0
8202 0
8203 0
8206 0
8214 0
8218 0
8219 0
8226 0
8234 0
8238 0
8239 0
8247 0
8250 0
8256 0
8264 0
8265 0
8269 0
8273 0
8281 0
8290 0
8294 0
8301 0
8302 0
8308 0
8312 0
8318 0
8321 0
8322 0
8327 0
8334 0
8337 0
8345 0
8347 0
8351 0
8355 0
8361 0
8366 0
8372 0
8373 0
8382 0
8387 0
8388 0
8389 0
8392 0
8395 0
8399 0
8400 0
8409 0
8411 0
8413 0
8422 0
8423 0
8426 0
8427 0
8430 0
8433 0
8439 0
8447 0
8450 0
8455 0
8459 0
8465 0
8467 0
8469 0
8475 0
8484 0
8492 0
8499 0
8507 0
8510 0
8517 0
8518 0
8527 0
8535 0
8543 0
8547 0
8553 0
8554 0
8558 0
8565 0
8572 0
8577 0
8579 0
8582 0
8589 0
8597 0
8598 0
8599 0
8601 0
8603 0
8610 0
8613 0
8619 0
8628 0
8633 0
8637 0
8646 0
8654 0
8661 0
8663 0
8664 0
8673 0
8677 0
8684 0
8689 0
8697 0
8699 0
8702 0
8704 0
8706 0
8712 0
8716 0
8725 0
8728 0
8735 0
8744 0
8745 0
8754 0
8760 0
8769 0
8774 0
8777 0
8779 0
8785 0
8791 0
8799 0
8802 0
8803 0
8809 0
8812 0
8813 0
8822 0
8827 0
8836 0
8838 0
8845 0
8848 0
8854 0
8862 0
8869 0
8878 0
8882 0
8887 0
8890 0
8898 0
8906 0
8911 0
8914 0
8917 0
8922 0
8929 0
8933 0
8936 0
8944 0
8948 0
8956 0
8963 0
8967 0
8969 0
8973 0
8978 0
8987 0
8994 0
9003 0
9010 0
9012 0
9013 0
9022 0
9027 0
9035 0
9037 0
9046 0
9049 0
9055 0
9058 0
9065 0
9066 0
9074 0
9083 0
9091 0
9099 0
9101 0
9103 0
9105 0
9110 0
9118 0
9120 0
9125 0
9129 0
9137 0
9142 0
9145 0
9151 0
9159 0
9166 0
9170 0
9172 0
9181 0
9184 0
9191 0
9199 0
9208 0
9210 0
9213 0
9214 0
9221 0
9223 0
9232 0
9234 0
9238 0
9242 0
9246 0
9253 0
9256 0
9265 0
9270 0
9277 0
9281 0
9287 0
9293 0
9297 0
9306 0
9307 0
9310 0
9318 0
9320 0
9326 0
9330 0
9334 0
9342 0
9343 0
9351 0
9356 0
9363 0
9366 0
9367 0
9369 0
9373 0
9376 0
9382 0
9383 0
9387 0
9391 0
9394 0
9400 0
9406 0
9409 0
9418 0
9425 0
9426 0
9428 0
9434 0
9436 0
9440 0
9442 0
9450 0
9451 0
9458 0
9459 0
9460 0
9468 0
9477 0
9484 0
9488 0
9494 0
9501 0
9508 0
9517 0
9521 0
9522 0
9531 0
9533 0
9540 0
9545 0
9553 0
9555 0
9563 0
9570 0
9573 0
9575 0
9581 0
9584 0
9588 0
9596 0
9601 0
9605 0
9607 0
9614 0
9618 0
9622 0
9624 0
9633 0
9634 0
9642 0
9651 0
9655 0
9660 0
9665 0
9667 0
9670 0
9674 0
9682 0
9685 0
9692 0
9697 0
9706 0
9708 0
9713 0
9717 0
9723 0
9727 0
9734 0
9737 0
9738 0
9744 0
9746 0
9753 0
9755 0
9758 0
9765 0
9766 0
9767 0
9774 0
9775 0
9780 0
9788 0
9789 0
9796 0
9803 0
9807 0
9814 0
9822 0
9826 0
9831 0
9833 0
9840 0
9848 0
9851 0
9858 0
9859 0
9868 0
9877 0
9879 0
9885 0
9888 0
9897 0
9902 0
9910 0
9914 0
9917 0
9926 0
9929 0
9936 0
9944 0
9949 0
9954 0
9960 0
9969 0
9977 0
9982 0
9989 0
9993 0
9999 0
10001 0
10003 0
10004 0
10012 0
10016 0
10018 0
10025 0
10029 0
10038 0
10044 0
10051 0
10057 0
10064 0
10070 0
10076 0
10079 0
10085 0
10090 0
10094 0
10097 0
10102 0
10106 0
10111 0
10116 0
10125 0
10129 0
10137 0
10139 0
10142 0
10144 0
10148 0
10152 0
10154 0
10162 0
10167 0
10174 0
10175 0
10182 0
10184 0
10188 0
10197 0
10203 0
10205 0
10206 0
10207 0
10212 0
10220 0
10225 0
10234 0
10235 0
10238 0
10244 0
10252 0
10254 0
10258 0
10263 0
10272 0
10280 0
10285 0
10294 0
10296 0
10301 0
10303 0
10310 0
10318 0
10323 0
10331 0
10333 0
10336 0
10337 0
10345 0
10351 0
10356 0
10358 0
10362 0
10369 0
10371 0
10374 0
10378 0
10387 0
10392 0
10395 0
10400 0
10407 0
10416 0
10422 0
10428 0
10430 0
10432 0
10434 0
10442 0
10451 0
10455 0
10458 0
10464 0
10469 0
10473 0
10481 0
10489 0
10490 0
10493 0
10496 0
10498 0
10499 0
10502 0
10508 0
10517 0
10525 0
10527 0
10533 0
10541 0
10549 0
10557 0
10563 0
10565 0
10573 0
10577 0
10580 0
10588 0
10593 0
10597 0
10606 0
10613 0
10617 0
10626 0
10635 0
10639 0
10647 0
10653 0
10655 0
10658 0
10666 0
10675 0
10680 0
10689 0
10697 0
10705 0
10714 0
10715 0
10717 0
10718 0
10727 0
10729 0
10732 0
10737 0
10740 0
10742 0
10744 0
10749 0
10758 0
10766 0
10774 0
10782 0
10783 0
10790 0
10795 0
10799 0
10801 0
10804 0
10809 0
10811 0
10814 0
10819 0
10827 0
10832 0
10837 0
10843 0
10850 0
10859 0
10862 0
10868 0
10871 0
10872 0
10876 0
10883 0
10888 0
10892 0
10900 0
10908 0
10909 0
10912 0
10917 0
10920 0
10921 0
10927 0
10934 0
10935 0
10939 0
10944 0
10948 0
10957 0
10966 0
10969 0
10977 0
10981 0
10986 0
10994 0
11000 0
11003 0
11011 0
11020 0
11024 0
11032 0
11033 0
11034 0
11040 0
11047 0
11055 0
11057 0
11062 0
11063 0
11065 0
11071 0
11073 0
11074 0
11083 0
11085 0
11092 0
11098 0
11099 0
11104 0
11108 0
11115 0
11124 0
11133 0
11141 0
11143 0
11147 0
11154 0
11160 0
11167 0
11176 0
11178 0
11180 0
11186 0
11193 0
11201 0
11206 0
11207 0
11214 0
11220 0
11223 0
11225 0
11231 0
11240 0
11241 0
11246 0
11250 0
11253 0
11258 0
11266 0
11274 0
11282 0
11288 0
11290 0
11294 0
11303 0
11305 0
11312 0
11321 0
11325 0
11329 0
11331 0
11333 0
11342 0
11346 0
11348 0
11357 0
11362 0
11371 0
11372 0
11373 0
11380 0
11387 0
11396 0
11401 0
11408 0
11414 0
11422 0
11424 0
11425 0
11430 0
11436 0
11439 0
11445 0
11453 0
11460 0
11463 0
11468 0
11474 0
11476 0
11478 0
11481 0
11485 0
11488 0
11489 0
11491 0
11495 0
11504 0
11510 0
11519 0
11525 0
11534 0
11542 0
11546 0
11550 0
11556 0
11558 0
11564 0
11566 0
11573 0
11577 0
11582 0
11583 0
11591 0
11595 0
11599 0
11601 0
11610 0
11613 0
11614 0
11615 0
11621 0
11628 0
11633 0
11634 0
11637 0
11642 0
11651 0
11656 0
11658 0
11664 0
11669 0
11671 0
11674 0
11680 0
11685 0
11693 0
11700 0
11707 0
11708 0
11712 0
11720 0
11727 0
11734 0
11737 0
11744 0
11751 0
11760 0
11765 0
11767 0
11773 0
11776 0
11782 0
11789 0
11795 0
11803 0
11810 0
11812 0
11813 0
11816 0
11824 0
11833 0
11835 0
11839 0
11842 0
11848 0
11849 0
11850 0
11857 0
11866 0
11870 0
11876 0
11878 0
11880 0
11884 0
11893 0
11902 0
11909 0
11915 0
11920 0
11924 0
11929 0
11931 0
11936 0
11937 0
11941 0
11942 0
11944 0
11945 0
11948 0
11951 0
11960 0
11966 0
11968 0
11973 0
11976 0
11978 0
11984 0
11991 0
11992 0
11999 0
12007 0
12009 0
12011 0
12019 0
12020 0
12028 0
12037 0
12045 0
12046 0
12051 0
12060 0
12067 0
12070 0
12076 0
12082 0
12089 0
12091 0
12100 0
12106 0
12110 0
12112 0
12116 0
12118 0
12125 0
12129 0
12136 0
12142 0
12143 0
12144 0
12153 0
12156 0
12158 0
12160 0
12165 0
12166 0
12169 0
12170 0
12172 0
12175 0
12177 0
12179 0
12185 0
12190 0
12191 0
12194 0
12197 0
12206 0
12207 0
12209 0
12214 0
12219 0
12223 0
12226 0
12232 0
12234 0
12235 0
12241 0
12243 0
12247 0
12250 0
12252 0
12258 0
12265 0
12268 0
12273 0
12274 0
12280 0
12281 0
12284 0
12285 0
12289 0
12293 0
12296 0
12304 0
12306 0
12308 0
12313 0
12314 0
12315 0
12321 0
12329 0
12337 0
12342 0
12347 0
12349 0
12355 0
12357 0
12362 0
12364 0
12367 0
12372 0
12377 0
12384 0
12388 0
12396 0
12402 0
12405 0
12407 0
12410 0
12415 0
12423 0
12429 0
12430 0
12431 0
12439 0
12445 0
12452 0
12454 0
12463 0
12472 0
12474 0
12482 0
12488 0
12492 0
12500 0
12505 0
12512 0
12519 0
12520 0
12523 0
12531 0
12537 0
12541 0
12543 0
12545 0
12546 0
12550 0
12559 0
12560 0
12561 0
12567 0
12568 0
12573 0
12576 0
12583 0
12585 0
12586 0
12593 0
12601 0
12606 0
12608 0
12617 0
12623 0
12626 0
12633 0
12641 0
12643 0
12648 0
12652 0
12654 0
12660 0
12667 0
12676 0
12682 0
12683 0
12687 0
12688 0
12691 0
12697 0
12706 0
12707 0
12708 0
12714 0
12717 0
12720 0
12728 0
12730 0
12734 0
12743 0
12747 0
12754 0
12759 0
12764 0
12772 0
12776 0
12785 0
12790 0
12795 0
12799 0
12802 0
12808 0
12811 0
12815 0
12816 0
12824 0
12825 0
12828 0
12836 0
12838 0
12840 0
12845 0
12848 0
12855 0
12857 0
12858 0
12863 0
12865 0
12871 0
12876 0
12878 0
12884 0
12886 0
12895 0
12898 0
12900 0
12905 0
12908 0
12915 0
12917 0
12923 0
12932 0
12935 0
12940 0
12942 0
12944 0
12950 0
12953 0
12955 0
12956 0
12958 0
12962 0
12966 0
12969 0
12974 0
12980 0
12987 0
12993 0
12999 0
13001 0
13003 0
13005 0
13007 0
13008 0
13011 0
13012 0
13019 0
13024 0
13033 0
13040 0
13045 0
13047 0
13049 0
13053 0
13059 0
13061 0
13068 0
13071 0
13075 0
13076 0
13083 0
13086 0
13087 0
13092 0
13098 0
13102 0
13105 0
13108 0
13115 0
13116 0
13122 0
13129 0
13133 0
13137 0
13143 0
13145 0
13151 0
13157 0
13161 0
13168 0
13176 0
13185 0
13186 0
13188 0
13190 0
13192 0
13195 0
13203 0
13204 0
13211 0
13214 0
13222 0
13229 0
13230 0
13238 0
13239 0
13247 0
13254 0
13258 0
13260 0
13261 0
13266 0
13273 0
13276 0
13280 0
13283 0
13287 0
13294 0
13295 0
13302 0
13303 0
13308 0
13313 0
13314 0
13316 0
13317 0
13325 0
13326 0
13329 0
13334 0
13335 0
13343 0
13352 0
13358 0
13359 0
13364 0
13373 0
13375 0
13376 0
13385 0
13392 0
13397 0
13406 0
13414 0
13418 0
13422 0
13423 0
13430 0
13436 0
13437 0
13445 0
13448 0
13457 0
13466 0
13470 0
13478 0
13485 0
13486 0
13495 0
13501 0
13505 0
13506 0
13509 0
13516 0
13518 0
13524 0
13527 0
13532 0
13536 0
13538 0
13545 0
13549 0
13556 0
13565 0
13569 0
13576 0
13579 0
13583 0
13585 0
13592 0
13596 0
13605 0
13609 0
13616 0
13622 0
13628 0
13631 0
13639 0
13643 0
13645 0
13652 0
13656 0
13661 0
13670 0
13675 0
13678 0
13686 0
13694 0
13696 0
13699 0
13700 0
13706 0
13707 0
13715 0
13719 0
13720 0
13722 0
13724 0
13729 0
13732 0
13735 0
13741 0
13749 0
13754 0
13758 0
13767 0
13771 0
13779 0
13782 0
13791 0
13796 0
13799 0
13801 0
13805 0
13809 0
13816 0
13824 0
13825 0
13834 0
13835 0
13841 0
13850 0
13852 0
13857 0
13860 0
13867 0
13869 0
13875 0
13878 0
13882 0
13883 0
13892 0
13897 0
13904 0
13911 0
13913 0
13914 0
13923 0
13931 0
13937 0
13942 0
13945 0
13952 0
13958 0
13965 0
13972 0
13977 0
13984 0
13990 0
13996 0
13999 0
14003 0
14008 0
14015 0
14023 0
14028 0
14032 0
14041 0
14047 0
14055 0
14061 0
14063 0
14072 0
14074 0
14083 0
14091 0
14098 0
14104 0
14107 0
14109 0
14110 0
14115 0
14123 0
14130 0
14133 0
14134 0
14140 0
14145 0
14152 0
14153 0
14156 0
14158 0
14166 0
14172 0
14181 0
14189 0
14196 0
14202 0
14206 0
14214 0
14216 0
14224 0
14227 0
14234 0
14243 0
14251 0
14258 0
14261 0
14266 0
14272 0
14278 0
14287 0
14296 0
14305 0
14309 0
14311 0
14313 0
14315 0
14321 0
14328 0
14334 0
14335 0
14344 0
14352 0
14354 0
14363 0
14367 0
14369 0
14377 0
14379 0
14386 0
14389 0
14390 0
14395 0
14401 0
14406 0
14412 0
14418 0
14427 0
14436 0
14439 0
14443 0
14450 0
14458 0
14464 0
14467 0
14471 0
14473 0
14477 0
14486 0
14487 0
14491 0
14494 0
14498 0
14505 0
14510 0
14519 0
14520 0
14523 0
14528 0
14536 0
14543 0
14547 0
14550 0
14559 0
14561 0
14566 0
14570 0
14576 0
14580 0
14581 0
14589 0
14593 0
14602 0
14608 0
14611 0
14620 0
14628 0
14630 0
14636 0
14638 0
14647 0
14653 0
14662 0
14669 0
14674 0
14675 0
14678 0
14680 0
14681 0
14689 0
14690 0
14694 0
14700 0
14705 0
14708 0
14715 0
14724 0
14728 0
14736 0
14737 0
14740 0
14749 0
14757 0
14763 0
14772 0
14777 0
14783 0
14792 0
14798 0
14802 0
14811 0
14818 0
14824 0
14828 0
14831 0
14835 0
14844 0
14846 0
14849 0
14856 0
14864 0
14869 0
14871 0
14879 0
14886 0
14888 0
14891 0
14896 0
14899 0
14901 0
14910 0
14918 0
14922 0
14929 0
14932 0
14936 0
14939 0
14946 0
14951 0
14960 0
14962 0
14965 0
14966 0
14974 0
14981 0
14987 0
14994 0
14997 0
15004 0
15007 0
15014 0
15019 0
15020 0
15021 0
15024 0
15032 0
15036 0
15040 0
15043 0
15050 0
15059 0
15064 0
15072 0
15078 0
15080 0
15088 0
15090 0
15091 0
15093 0
15097 0
15106 0
15108 0
15112 0
15117 0
15119 0
15121 0
15124 0
15133 0
15139 0
15143 0
15144 0
15151 0
15155 0
15157 0
15163 0
15171 0
15178 0
15184 0
15193 0
15194 0
15199 0
15208 0
15216 0
15224 0
15225 0
15228 0
15232 0
15239 0
15241 0
15243 0
15245 0
15250 0
15251 0
15260 0
15266 0
15271 0
15280 0
15289 0
15290 0
15292 0
15299 0
15306 0
15308 0
15311 0
15320 0
15326 0
15327 0
15332 0
15337 0
15345 0
15348 0
15350 0
15356 0
15359 0
15368 0
15376 0
15379 0
15385 0
15391 0
15397 0
15401 0
15409 0
15415 0
15417 0
15420 0
15429 0
15437 0
15445 0
15449 0
15451 0
15458 0
15460 0
15462 0
15471 0
15475 0
15478 0
15482 0
15489 0
15496 0
15501 0
15507 0
15511 0
15516 0
15521 0
15528 0
15536 0
15542 0
15545 0
15546 0
15554 0
15560 0
15563 0
15566 0
15570 0
15576 0
15581 0
15582 0
15587 0
15591 0
15594 0
15603 0
15604 0
15609 0
15614 0
15623 0
15627 0
15633 0
15638 0
15639 0
15641 0
15642 0
15650 0
15651 0
15659 0
15661 0
15663 0
15672 0
15679 0
15680 0
15682 0
15688 0
15689 0
15690 0
15694 0
15699 0
15700 0
15708 0
15715 0
15721 0
15724 0
15732 0
15736 0
15737 0
15743 0
15745 0
15751 0
15759 0
15766 0
15772 0
15778 0
15781 0
15787 0
15792 0
15800 0
15808 0
15809 0
15815 0
15818 0
15827 0
15834 0
15842 0
15843 0
15846 0
15848 0
15853 0
15856 0
15861 0
15864 0
15868 0
15875 0
15878 0
15883 0
15887 0
15893 0
15899 0
15902 0
15909 0
15911 0
15917 0
15919 0
15926 0
15935 0
15942 0
15943 0
15947 0
15953 0
15962 0
15968 0
15975 0
15982 0
15987 0
15988 0
15996 0
16005 0
16014 0
16017 0
16022 0
16025 0
16031 0
16037 0
16038 0
16045 0
16052 0
16060 0
16067 0
16071 0
16077 0
16079 0
16086 0
16088 0
16089 0
16092 0
16094 0
16103 0
16104 0
16111 0
16118 0
16127 0
16129 0
16136 0
16138 0
16145 0
16153 0
16162 0
16166 0
16168 0
16176 0
16179 0
16186 0
16194 0
16201 0
16204 0
16211 0
16215 0
16223 0
16231 0
16239 0
16243 0
16250 0
16254 0
16258 0
16260 0
16266 0
16269 0
16273 0
16277 0
16286 0
16292 0
16298 0
16307 0
16314 0
16322 0
16328 0
16335 0
16340 0
16344 0
16347 0
16348 0
16355 0
16359 0
16365 0
16372 0
16378 0
16381 0
16383 0
16384 0
16388 0
16397 0
16399 0
16403 0
16406 0
16411 0
16419 0
16424 0
16433 0
16436 0
16445 0
16450 0
16451 0
16454 0
16463 0
16470 0
16478 0
16480 0
16483 0
16485 0
16490 0
16497 0
16500 0
16508 0
16509 0
16516 0
16524 0
16527 0
16530 0
16534 0
16542 0
16546 0
16550 0
16551 0
16560 0
16564 0
16573 0
16582 0
16584 0
16586 0
16590 0
16592 0
16599 0
16602 0
16608 0
16615 0
16620 0
16621 0
16626 0
16627 0
16634 0
16639 0
16648 0
16649 0
16651 0
16660 0
16665 0
16668 0
16674 0
16677 0
16686 0
16694 0
16698 0
16702 0
16703 0
16704 0
16712 0
16716 0
16720 0
16724 0
16727 0
16728 0
16733 0
16738 0
16746 0
16753 0
16758 0
16759 0
16766 0
16770 0
16777 0
16781 0
16783 0
16787 0
16788 0
16794 0
16803 0
16805 0
16811 0
16817 0
16823 0
16830 0
16835 0
16843 0
16849 0
16857 0
16864 0
16867 0
16871 0
16873 0
16879 0
16880 0
16886 0
16888 0
16893 0
16897 0
16903 0
16911 0
16914 0
16923 0
16927 0
16929 0
16931 0
16933 0
16934 0
16943 0
16948 0
16952 0
16954 0
16962 0
16971 0
16980 0
16985 0
16993 0
17002 0
17011 0
17013 0
17019 0
17020 0
17029 0
17030 0
17032 0
17037 0
17045 0
17049 0
17052 0
17054 0
17059 0
17064 0
17067 0
17069 0
17073 0
17075 0
17081 0
17083 0
17091 0
17093 0
17099 0
17103 0
17109 0
17116 0
17124 0
17130 0
17132 0
17135 0
17139 0
17140 0
17144 0
17149 0
17153 0
17155 0
17156 0
17164 0
17167 0
17174 0
17178 0
17179 0
17187 0
17192 0
17195 0
17198 0
17202 0
17211 0
17218 0
17225 0
17232 0
17234 0
17242 0
17243 0
17249 0
17252 0
17261 0
17269 0
17277 0
17283 0
17292 0
17296 0
17303 0
17312 0
17319 0
17321 0
17328 0
17332 0
17341 0
17343 0
17347 0
17353 0
17361 0
17369 0
17372 0
17377 0
17378 0
17381 0
17382 0
17383 0
17390 0
17391 0
17399 0
17401 0
17405 0
17406 0
17415 0
17419 0
17426 0
17429 0
17430 0
17434 0
17439 0
17446 0
17450 0
17452 0
17457 0
17464 0
17471 0
17473 0
17479 0
17483 0
17491 0
17498 0
17500 0
17506 0
17512 0
17519 0
17520 0
17524 0
17527 0
17533 0
17537 0
17545 0
17547 0
17551 0
17554 0
17563 0
17568 0
17573 0
17574 0
17578 0
17585 0
17588 0
17596 0
17601 0
17605 0
17606 0
17613 0
17618 0
17620 0
17622 0
17628 0
17635 0
17641 0
17645 0
17653 0
17662 0
17671 0
17679 0
17683 0
17684 0
17692 0
17700 0
17706 0
17708 0
17711 0
17715 0
17720 0
17723 0
17728 0
17736 0
17745 0
17750 0
17754 0
17757 0
17763 0
17765 0
17774 0
17776 0
17778 0
17787 0
17789 0
17792 0
17800 0
17809 0
17815 0
17824 0
17828 0
17831 0
17833 0
17836 0
17843 0
17850 0
17855 0
17859 0
17867 0
17869 0
17878 0
17885 0
17890 0
17896 0
17897 0
17904 0
17908 0
17914 0
17923 0
17927 0
17929 0
17931 0
17939 0
17941 0
17950 0
17954 0
17955 0
17959 0
17966 0
17972 0
17974 0
17982 0
17991 0
17993 0
17996 0
17998 0
18006 0
18011 0
18019 0
18027 0
18032 0
18034 0
18038 0
18046 0
18048 0
18055 0
18060 0
18064 0
18069 0
18073 0
18081 0
18090 0
18096 0
18101 0
18102 0
18105 0
18108 0
18110 0
18112 0
18121 0
18124 0
18125 0
18132 0
18141 0
18145 0
18150 0
18152 0
18159 0
18163 0
18172 0
18175 0
18178 0
18179 0
18187 0
18190 0
18193 0
18194 0
18197 0
18200 0
18208 0
18213 0
18216 0
18219 0
18228 0
18229 0
18234 0
18235 0
18237 0
18238 0
18241 0
18244 0
18249 0
18253 0
18260 0
18266 0
18269 0
18276 0
18285 0
18290 0
18296 0
18297 0
18306 0
18314 0
18319 0
18322 0
18329 0
18333 0
18340 0
18349 0
18356 0
18358 0
18365 0
18367 0
18370 0
18375 0
18376 0
18383 0
18387 0
18396 0
18401 0
18404 0
18410 0
18411 0
18414 0
18422 0
18431 0
18433 0
18439 0
18444 0
18447 0
18449 0
18452 0
18455 0
18463 0
18472 0
18479 0
18485 0
18488 0
18493 0
18501 0
18504 0
18512 0
18521 0
18525 0
18526 0
18535 0
18536 0
18537 0
18543 0
18549 0
18550 0
18555 0
18556 0
18565 0
18571 0
18572 0
18574 0
18577 0
18580 0
18586 0
18592 0
18595 0
18601 0
18610 0
18613 0
18619 0
18625 0
18634 0
18640 0
18643 0
18652 0
18660 0
18666 0
18675 0
18680 0
18684 0
18687 0
18694 0
18695 0
18696 0
18698 0
18702 0
18704 0
18705 0
18706 0
18715 0
18716 0
18717 0
18725 0
18734 0
18740 0
18746 0
18747 0
18754 0
18756 0
18762 0
18765 0
18772 0
18773 0
18781 0
18782 0
18789 0
18793 0
18798 0
18806 0
18815 0
18820 0
18822 0
18825 0
18828 0
18831 0
18835 0
18842 0
18848 0
18850 0
18859 0
18863 0
18868 0
18877 0
18886 0
18894 0
18900 0
18905 0
18906 0
18907 0
18914 0
18916 0
18917 0
18920 0
18929 0
18935 0
18941 0
18948 0
18949 0
18956 0
18964 0
18971 0
18977 0
18980 0
18984 0
18990 0
18991 0
18993 0
18994 0
18995 0
18996 0
18999 0
19008 0
19010 0
19014 0
19019 0
19025 0
19030 0
19039 0
19042 0
19049 0
19057 0
19059 0
19061 0
19064 0
19069 0
19073 0
19074 0
19081 0
19084 0
19085 0
19086 0
19087 0
19088 0
19089 0
19090 0
19095 0
19097 0
19100 0
19103 0
19110 0
19115 0
19120 0
19124 0
19129 0
19133 0
19142 0
19146 0
19152 0
19160 0
19166 0
19171 0
19179 0
19186 0
19187 0
19189 0
19196 0
19201 0
19204 0
19211 0
19220 0
19226 0
19230 0
19234 0
19241 0
19246 0
19255 0
19259 0
19260 0
19267 0
19276 0
19284 0
19293 0
19296 0
19301 0
19303 0
19304 0
19306 0
19312 0
19321 0
19326 0
19335 0
19341 0
19343 0
19345 0
19353 0
19360 0
19364 0
19368 0
19371 0
19379 0
19382 0
19386 0
19392 0
19399 0
19402 0
19407 0
19409 0
19416 0
19420 0
19429 0
19435 0
19443 0
19446 0
19452 0
19459 0
19465 0
19473 0
19479 0
19488 0
19492 0
19493 0
19500 0
19507 0
19515 0
19516 0
19523 0
19530 0
19537 0
19540 0
19545 0
19550 0
19558 0
19562 0
19566 0
19571 0
19578 0
19579 0
19588 0
19593 0
19595 0
19599 0
19603 0
19606 0
19611 0
19617 0
19618 0
19620 0
19625 0
19633 0
19638 0
19647 0
19653 0
19659 0
19667 0
19672 0
19681 0
19688 0
19697 0
19704 0
19705 0
19708 0
19715 0
19716 0
19719 0
19720 0
19724 0
19725 0
19731 0
19734 0
19735 0
19740 0
19746 0
19749 0
19753 0
19761 0
19766 0
19768 0
19775 0
19782 0
19790 0
19798 0
19804 0
19806 0
19808 0
19813 0
19817 0
19825 0
19832 0
19835 0
19842 0
19843 0
19851 0
19855 0
19862 0
19863 0
19869 0
19872 0
19876 0
19883 0
19884 0
19886 0
19894 0
19900 0
19904 0
19906 0
19910 0
19914 0
19915 0
19921 0
19929 0
19936 0
19944 0
19953 0
19961 0
19969 0
19977 0
19985 0
19991 0
20000 0
20008 0
20009 0
20014 0
20021 0
20028 0
20033 0
20036 0
20043 0
20047 0
20049 0
20050 0
20057 0
20064 0
20065 0
20072 0
20075 0
20077 0
20083 0
20084 0
20087 0
20089 0
20094 0
20101 0
20105 0
20107 0
20112 0
20115 0
20119 0
20120 0
20129 0
20131 0
20133 0
20136 0
20141 0
20150 0
20158 0
20159 0
20166 0
20169 0
20175 0
20177 0
20186 0
20192 0
20197 0
20204 0
20207 0
20210 0
20212 0
20213 0
20221 0
20226 0
20229 0
20230 0
20231 0
20233 0
20239 0
20248 0
20253 0
20254 0
20255 0
20261 0
20262 0
20267 0
20276 0
20283 0
20289 0
20297 0
20301 0
20310 0
20318 0
20326 0
20330 0
20336 0
20344 0
20351 0
20359 0
20366 0
20372 0
20379 0
20382 0
20390 0
20399 0
20400 0
20401 0
20404 0
20412 0
20417 0
20420 0
20425 0
20429 0
20434 0
20436 0
20444 0
20453 0
20462 0
20463 0
20465 0
20471 0
20473 0
20474 0
20475 0
20481 0
20487 0
20489 0
20492 0
20499 0
20507 0
20516 0
20525 0
20533 0
20534 0
20535 0
20536 0
20542 0
20550 0
20553 0
20555 0
20563 0
20569 0
20570 0
20577 0
20581 0
20587 0
20589 0
20596 0
20599 0
20600 0
20602 0
20603 0
20606 0
20608 0
20610 0
20616 0
20625 0
20627 0
20631 0
20637 0
20645 0
20649 0
20657 0
20659 0
20662 0
20664 0
20670 0
20675 0
20679 0
20680 0
20686 0
20688 0
20693 0
20695 0
20698 0
20699 0
20706 0
20709 0
20718 0
20719 0
20723 0
20727 0
20728 0
20733 0
20739 0
20744 0
20750 0
20756 0
20757 0
20759 0
20765 0
20772 0
20774 0
20780 0
20782 0
20789 0
20793 0
20795 0
20797 0
20805 0
20808 0
20817 0
20822 0
20830 0
20833 0
20838 0
20845 0
20849 0
20855 0
20864 0
20867 0
20875 0
20881 0
20887 0
20895 0
20896 0
20897 0
20899 0
20900 0
20905 0
20907 0
20909 0
20914 0
20920 0
20927 0
20934 0
20940 0
20947 0
20952 0
20953 0
20954 0
20962 0
20966 0
20971 0
20976 0
20977 0
20982 0
20986 0
20994 0
20996 0
20997 0
21004 0
21013 0
21021 0
21030 0
21038 0
21040 0
21044 0
21048 0
21054 0
21059 0
21068 0
21071 0
21074 0
21075 0
21078 0
21086 0
21087 0
21091 0
21093 0
21094 0
21098 0
21103 0
21108 0
21112 0
21121 0
21128 0
21129 0
21130 0
21139 0
21146 0
21155 0
21164 0
21170 0
21172 0
21181 0
21189 0
21192 0
21197 0
21204 0
21211 0
21219 0
21223 0
21227 0
21236 0
21237 0
21244 0
21249 0
21258 0
21263 0
21270 0
21271 0
21276 0
21283 0
21285 0
21292 0
21295 0
21304 0
21313 0
21319 0
21327 0
21336 0
21341 0
21343 0
21349 0
21358 0
21367 0
21372 0
21374 0
21377 0
21379 0
21382 0
21386 0
21392 0
21400 0
21405 0
21410 0
21414 0
21417 0
21426 0
21434 0
21441 0
21446 0
21455 0
21462 0
21467 0
21476 0
21482 0
21485 0
21493 0
21499 0
21505 0
21508 0
21514 0
21515 0
21519 0
21521 0
21529 0
21531 0
21539 0
21543 0
21547 0
21552 0
21561 0
21562 0
21565 0
21573 0
21574 0
21579 0
21580 0
21589 0
21592 0
21596 0
21603 0
21606 0
21607 0
21613 0
21615 0
21616 0
21619 0
21623 0
21624 0
21625 0
21629 0
21630 0
21632 0
21637 0
21638 0
21644 0
21647 0
21653 0
21659 0
21662 0
21668 0
21669 0
21677 0
21683 0
21684 0
21693 0
21699 0
21702 0
21709 0
21715 0
21724 0
21729 0
21735 0
21738 0
21744 0
21745 0
21746 0
21748 0
21755 0
21764 0
21768 0
21770 0
21776 0
21778 0
21784 0
21793 0
21795 0
21802 0
21810 0
21811 0
21820 0
21823 0
21831 0
21832 0
21838 0
21841 0
21842 0
21848 0
21853 0
21857 0
21862 0
21871 0
21876 0
21885 0
21894 0
21897 0
21902 0
21906 0
21909 0
21913 0
21914 0
21920 0
21929 0
21935 0
21936 0
21940 0
21944 0
21945 0
21950 0
21952 0
21953 0
21956 0
21958 0
21967 0
21968 0
21974 0
21975 0
21979 0
21983 0
21984 0
21993 0
22002 0
22003 0
22011 0
22015 0
22020 0
22029 0
22038 0
22047 0
22055 0
22061 0
22064 0
22072 0
22080 0
22082 0
22087 0
22091 0
22095 0
22104 0
22111 0
22119 0
22120 0
22126 0
22128 0
22129 0
22137 0
22144 0
22152 0
22156 0
22164 0
22172 0
22180 0
22188 0
22190 0
22197 0
22198 0
22207 0
22212 0
22218 0
22222 0
22227 0
22236 0
22238 0
22243 0
22246 0
22252 0
22261 0
22268 0
22275 0
22281 0
22282 0
22288 0
22289 0
22291 0
22298 0
22302 0
22307 0
22313 0
22319 0
22326 0
22332 0
22339 0
22341 0
22346 0
22348 0
22350 0
22355 0
22356 0
22363 0
22370 0
22375 0
22381 0
22390 0
22393 0
22401 0
22406 0
22412 0
22416 0
22417 0
22418 0
22422 0
22426 0
22428 0
22435 0
22442 0
22451 0
22456 0
22462 0
22466 0
22470 0
22472 0
22480 0
22487 0
22490 0
22492 0
22496 0
22503 0
22505 0
22508 0
22509 0
22517 0
22520 0
22529 0
22533 0
22538 0
22544 0
22549 0
22550 0
22551 0
22560 0
22569 0
22571 0
22580 0
22582 0
22590 0
22591 0
22594 0
22603 0
22604 0
22610 0
22614 0
22618 0
22622 0
22629 0
22634 0
22643 0
22648 0
22654 0
22661 0
22662 0
22665 0
22671 0
22673 0
22677 0
22685 0
22693 0
22697 0
22701 0
22702 0
22711 0
22712 0
22716 0
22718 0
22723 0
22727 0
22736 0
22738 0
22741 0
22743 0
22745 0
22753 0
22754 0
22755 0
22762 0
22767 0
22773 0
22778 0
22779 0
22781 0
22790 0
22794 0
22802 0
22811 0
22815 0
22823 0
22826 0
22834 0
22841 0
22846 0
22854 0
22862 0
22869 0
22873 0
22879 0
22885 0
22889 0
22890 0
22899 0
22903 0
22910 0
22914 0
22919 0
22925 0
22933 0
22936 0
22937 0
22943 0
22952 0
22959 0
22965 0
22971 0
22976 0
22980 0
22985 0
22986 0
22987 0
22990 0
22997 0
23006 0
23010 0
23016 0
23021 0
23022 0
23027 0
23028 0
23036 0
23037 0
23039 0
23045 0
23052 0
23056 0
23065 0
23072 0
23075 0
23083 0
23085 0
23086 0
23091 0
23092 0
23094 0
23101 0
23106 0
23107 0
23114 0
23116 0
23124 0
23128 0
23134 0
23137 0
23140 0
23141 0
23146 0
23153 0
23162 0
23170 0
23177 0
23182 0
23185 0
23191 0
23192 0
23196 0
23202 0
23203 0
23212 0
23219 0
23226 0
23232 0
23236 0
23243 0
23248 0
23251 0
23260 0
23269 0
23273 0
23276 0
23277 0
23281 0
23290 0
23297 0
23305 0
23311 0
23313 0
23321 0
23325 0
23326 0
23335 0
23337 0
23340 0
23345 0
23354 0
23363 0
23365 0
23372 0
23376 0
23381 0
23382 0
23383 0
23385 0
23386 0
23392 0
23394 0
23399 0
23400 0
23406 0
23411 0
23420 0
23421 0
23428 0
23437 0
23439 0
23441 0
23449 0
23450 0
23451 0
23458 0
23466 0
23472 0
23475 0
23476 0
23479 0
23484 0
23486 0
23494 0
23496 0
23497 0
23500 0
23503 0
23509 0
23515 0
23516 0
23518 0
23521 0
23523 0
23525 0
23530 0
23531 0
23534 0
23543 0
23549 0
23551 0
23554 0
23562 0
23563 0
23572 0
23579 0
23580 0
23582 0
23590 0
23599 0
23608 0
23615 0
23620 0
23625 0
23633 0
23634 0
23643 0
23646 0
23651 0
23659 0
23664 0
23671 0
23675 0
23684 0
23691 0
23698 0
23699 0
23700 0
23702 0
23708 0
23709 0
23718 0
23720 0
23725 0
23733 0
23737 0
23742 0
23751 0
23760 0
23766 0
23771 0
23774 0
23781 0
23788 0
23792 0
23798 0
23804 0
23813 0
23815 0
23816 0
23820 0
23822 0
23831 0
23839 0
23845 0
23850 0
23857 0
23865 0
23867 0
23869 0
23877 0
23884 0
23885 0
23888 0
23896 0
23903 0
23905 0
23912 0
23921 0
23929 0
23938 0
23939 0
23944 0
23949 0
23955 0
23963 0
23972 0
23978 0
23982 0
23987 0
23994 0
23997 0
24005 0
24007 0
24008 0
24012 0
24017 0
24023 0
24024 0
24026 0
24034 0
24038 0
24045 0
24054 0
24062 0
24067 0
24074 0
24081 0
24090 0
24098 0
24100 0
24109 0
24114 0
24115 0
24121 0
24128 0
24136 0
24142 0
24149 0
24158 0
24161 0
24169 0
24178 0
24180 0
24182 0
24183 0
24191 0
24200 0
24209 0
24217 0
24223 0
24226 0
24234 0
24241 0
24247 0
24254 0
24263 0
24265 0
24273 0
24274 0
24279 0
24280 0
24281 0
24288 0
24292 0
24299 0
24308 0
24309 0
24314 0
24317 0
24322 0
24330 0
24332 0
24335 0
24338 0
24339 0
24344 0
24349 0
24355 0
24358 0
24360 0
24361 0
24365 0
24368 0
24376 0
24380 0
24384 0
24391 0
24394 0
24403 0
24410 0
24415 0
24419 0
24421 0
24429 0
24435 0
24440 0
24448 0
24456 0
24458 0
24460 0
24464 0
24471 0
24472 0
24479 0
24487 0
24492 0
24500 0
24509 0
24513 0
24519 0
24526 0
24528 0
24536 0
24540 0
24546 0
24555 0
24558 0
24560 0
24566 0
24570 0
24573 0
24577 0
24578 0
24582 0
24583 0
24590 0
24592 0
24595 0
24600 0
24601 0
24610 0
24613 0
24617 0
24619 0
24625 0
24631 0
24639 0
24642 0
24644 0
24648 0
24656 0
24663 0
24664 0
24673 0
24682 0
24687 0
24690 0
24691 0
24696 0
24699 0
24704 0
24707 0
24710 0
24711 0
24713 0
24717 0
24720 0
24728 0
24731 0
24738 0
24742 0
24747 0
24752 0
24754 0
24763 0
24767 0
24769 0
24776 0
24777 0
24785 0
24788 0
24791 0
24792 0
24797 0
24803 0
24811 0
24812 0
24814 0
24815 0
24819 0
24827 0
24836 0
24844 0
24849 0
24851 0
24854 0
24860 0
24861 0
24867 0
24872 0
24873 0
24876 0
24884 0
24890 0
24898 0
24904 0
24905 0
24909 0
24918 0
24919 0
24924 0
24926 0
24935 0
24944 0
24945 0
24953 0
24962 0
24965 0
24971 0
24974 0
24975 0
24979 0
24984 0
24988 0
24996 0
24998 0
25004 0
25011 0
25017 0
25020 0
25028 0
25035 0
25044 0
25051 0
25059 0
25060 0
25062 0
25071 0
25078 0
25085 0
25087 0
25095 0
25097 0
25098 0
25107 0
25108 0
25110 0
25111 0
25120 0
25127 0
25128 0
25131 0
25137 0
25141 0
25145 0
25152 0
25153 0
25160 0
25169 0
25175 0
25182 0
25186 0
25194 0
25201 0
25204 0
25213 0
25217 0
25221 0
25230 0
25236 0
25239 0
25247 0
25254 0
25255 0
25259 0
25264 0
25272 0
25281 0
25290 0
25298 0
25300 0
25301 0
25302 0
25307 0
25309 0
25315 0
25324 0
25328 0
25332 0
25340 0
25342 0
25346 0
25354 0
25360 0
25366 0
25368 0
25375 0
25376 0
25385 0
25393 0
25396 0
25397 0
25403 0
25408 0
25409 0
25417 0
25423 0
25424 0
25428 0
25434 0
25442 0
25444 0
25446 0
25454 0
25457 0
25463 0
25466 0
25473 0
25477 0
25480 0
25484 0
25493 0
25496 0
25503 0
25509 0
25513 0
25518 0
25526 0
25533 0
25539 0
25547 0
25555 0
25560 0
25568 0
25577 0
25578 0
25583 0
25590 0
25596 0
25599 0
25608 0
25610 0
25619 0
25625 0
25628 0
25633 0
25642 0
25646 0
25650 0
25653 0
25658 0
25663 0
25670 0
25676 0
25677 0
25678 0
25682 0
25684 0
25687 0
25693 0
25700 0
25708 0
25709 0
25710 0
25718 0
25723 0
25730 0
25736 0
25739 0
25745 0
25753 0
25760 0
25768 0
25771 0
25780 0
25784 0
25785 0
25790 0
25798 0
25801 0
25805 0
25808 0
25810 0
25819 0
25820 0
25823 0
25826 0
25830 0
25836 0
25841 0
25849 0
25851 0
25855 0
25861 0
25866 0
25872 0
25880 0
25885 0
25886 0
25894 0
25900 0
25908 0
25909 0
25918 0
25927 0
25931 0
25935 0
25942 0
25945 0
25951 0
25960 0
25968 0
25977 0
25984 0
25992 0
25993 0
26000 0
26007 0
26009 0
26015 0
26024 0
26030 0
26031 0
26037 0
26046 0
26051 0
26057 0
26060 0
26061 0
26066 0
26068 0
26071 0
26079 0
26082 0
26085 0
26087 0
26092 0
26099 0
26108 0
26110 0
26115 0
26123 0
26131 0
26132 0
26139 0
26145 0
26147 0
26152 0
26159 0
26163 0
26168 0
26175 0
26177 0
26181 0
26188 0
26195 0
26198 0
26203 0
26207 0
26211 0
26214 0
26221 0
26223 0
26230 0
26237 0
26241 0
26249 0
26258 0
26267 0
26272 0
26280 0
26283 0
26287 0
26295 0
26302 0
26308 0
26310 0
26317 0
26321 0
26325 0
26327 0
26328 0
26331 0
26334 0
26339 0
26346 0
26355 0
26359 0
26361 0
26365 0
26371 0
26380 0
26382 0
26383 0
26385 0
26391 0
26394 0
26397 0
26400 0
26406 0
26408 0
26410 0
26415 0
26418 0
26423 0
26427 0
26436 0
26443 0
26444 0
26453 0
26456 0
26463 0
26471 0
26472 0
26477 0
26481 0
26483 0
26486 0
26493 0
26501 0
26502 0
26505 0
26506 0
26512 0
26516 0
26525 0
26527 0
26528 0
26530 0
26535 0
26541 0
26548 0
26552 0
26561 0
26570 0
26573 0
26580 0
26585 0
26591 0
26592 0
26593 0
26598 0
26607 0
26608 0
26615 0
26616 0
26621 0
26630 0
26632 0
26640 0
26645 0
26651 0
26658 0
26665 0
26668 0
26671 0
26675 0
26681 0
26686 0
26688 0
26689 0
26696 0
26705 0
26712 0
26718 0
26724 0
26731 0
26740 0
26743 0
26751 0
26753 0
26754 0
26761 0
26764 0
26766 0
26767 0
26771 0
26772 0
26775 0
26782 0
26787 0
26796 0
26802 0
26806 0
26814 0
26821 0
26825 0
26832 0
26838 0
26844 0
26853 0
26854 0
26860 0
26867 0
26872 0
26874 0
26879 0
26885 0
26889 0
26895 0
26903 0
26909 0
26915 0
26920 0
26928 0
26937 0
26944 0
26947 0
26954 0
26956 0
26965 0
26968 0
26977 0
26986 0
26992 0
26993 0
26996 0
27002 0
27005 0
27007 0
27013 0
27017 0
27020 0
27023 0
27027 0
27028 0
27037 0
27045 0
27052 0
27057 0
27059 0
27062 0
27070 0
27071 0
27078 0
27081 0
27087 0
27094 0
27099 0
27102 0
27110 0
27116 0
27125 0
27126 0
27127 0
27136 0
27138 0
27147 0
27156 0
27158 0
27160 0
27163 0
27170 0
27176 0
27181 0
27184 0
27193 0
27198 0
27205 0
27210 0
27216 0
27223 0
27226 0
27230 0
27238 0
27243 0
27247 0
27249 0
27254 0
27255 0
27257 0
27261 0
27266 0
27267 0
27270 0
27274 0
27278 0
27286 0
27288 0
27290 0
27293 0
27295 0
27299 0
27303 0
27309 0
27315 0
27321 0
27324 0
27330 0
27339 0
27344 0
27352 0
27353 0
27361 0
27370 0
27374 0
27379 0
27381 0
27390 0
27395 0
27398 0
27406 0
27407 0
27410 0
27416 0
27418 0
27423 0
27427 0
27436 0
27437 0
27445 0
27449 0
27451 0
27455 0
27457 0
27463 0
27472 0
27475 0
27482 0
27483 0
27486 0
27488 0
27493 0
27494 0
27498 0
27505 0
27513 0
27518 0
27527 0
27529 0
27531 0
27535 0
27539 0
27543 0
27545 0
27554 0
27556 0
27558 0
27561 0
27570 0
27578 0
27581 0
27586 0
27594 0
27597 0
27598 0
27605 0
27612 0
27621 0
27624 0
27631 0
27633 0
27636 0
27641 0
27649 0
27654 0
27657 0
27661 0
27670 0
27672 0
27680 0
27688 0
27693 0
27696 0
27705 0
27712 0
27716 0
27724 0
27727 0
27735 0
27738 0
27743 0
27750 0
27754 0
27763 0
27772 0
27777 0
27782 0
27788 0
27790 0
27796 0
27802 0
27806 0
27809 0
27816 0
27820 0
27826 0
27835 0
27841 0
27850 0
27856 0
27862 0
27871 0
27875 0
27881 0
27883 0
27888 0
27897 0
27900 0
27909 0
27912 0
27921 0
27929 0
27936 0
27944 0
27946 0
27954 0
27961 0
27968 0
27969 0
27971 0
27974 0
27976 0
27983 0
27987 0
27991 0
27997 0
28001 0
28002 0
28011 0
28020 0
28026 0
28031 0
28034 0
28041 0
28046 0
28050 0
28052 0
28059 0
28061 0
28063 0
28064 0
28065 0
28070 0
28075 0
28079 0
28081 0
28084 0
28092 0
28098 0
28100 0
28101 0
28102 0
28106 0
28108 0
28110 0
28119 0
28122 0
28123 0
28131 0
28132 0
28139 0
28140 0
28141 0
28142 0
28148 0
28156 0
28164 0
28173 0
28178 0
28186 0
28193 0
28197 0
28204 0
28205 0
28210 0
28216 0
28217 0
28223 0
28232 0
28240 0
28246 0
28248 0
28256 0
28264 0
28270 0
28273 0
28276 0
28283 0
28289 0
28290 0
28296 0
28298 0
28303 0
28310 0
28311 0
28318 0
28322 0
28325 0
28328 0
28331 0
28333 0
28336 0
28338 0
28345 0
28346 0
28354 0
28358 0
28366 0
28375 0
28377 0
28383 0
28391 0
28396 0
28399 0
28403 0
28404 0
28405 0
28408 0
28412 0
28420 0
28424 0
28431 0
28437 0
28444 0
28449 0
28456 0
28462 0
28469 0
28471 0
28477 0
28480 0
28485 0
28494 0
28502 0
28510 0
28519 0
28523 0
28531 0
28532 0
28540 0
28542 0
28546 0
28548 0
28553 0
28555 0
28561 0
28563 0
28569 0
28578 0
28579 0
28585 0
28589 0
28593 0
28597 0
28600 0
28602 0
28604 0
28610 0
28618 0
28620 0
28622 0
28624 0
28632 0
28640 0
28648 0
28651 0
28656 0
28664 0
28668 0
28671 0
28679 0
28688 0
28692 0
28697 0
28698 0
28705 0
28709 0
28712 0
28719 0
28722 0
28725 0
28726 0
28730 0
28734 0
28738 0
28746 0
28747 0
28754 0
28762 0
28771 0
28772 0
28779 0
28785 0
28789 0
28794 0
28800 0
28807 0
28808 0
28815 0
28817 0
28825 0
28831 0
28834 0
28838 0
28845 0
28854 0
28858 0
28859 0
28862 0
28865 0
28866 0
28868 0
28875 0
28882 0
28883 0
28885 0
28891 0
28895 0
28904 0
28910 0
28918 0
28927 0
28933 0
28939 0
28943 0
28950 0
28954 0
28962 0
28970 0
28976 0
28985 0
28991 0
28998 0
29000 0
29009 0
29017 0
29022 0
29023 0
29031 0
29035 0
29039 0
29046 0
29047 0
29052 0
29057 0
29061 0
29066 0
29073 0
29075 0
29078 0
29087 0
29090 0
29099 0
29106 0
29109 0
29111 0
29112 0
29119 0
29124 0
29129 0
29133 0
29141 0
29142 0
29148 0
29149 0
29154 0
29155 0
29164 0
29168 0
29169 0
29171 0
29172 0
29178 0
29185 0
29191 0
29200 0
29208 0
29217 0
29219 0
29223 0
29226 0
29234 0
29235 0
29237 0
29245 0
29250 0
29256 0
29262 0
29269 0
29277 0
29283 0
29292 0
29300 0
29306 0
29308 0
29312 0
29319 0
29326 0
29333 0
29336 0
29338 0
29342 0
29346 0
29349 0
29351 0
29355 0
29360 0
29366 0
29373 0
29380 0
29388 0
29391 0
29396 0
29398 0
29404 0
29409 0
29414 0
29417 0
29425 0
29426 0
29427 0
29433 0
29434 0
29439 0
29440 0
29441 0
29444 0
29449 0
29453 0
29462 0
29463 0
29465 0
29466 0
29467 0
29468 0
29475 0
29479 0
29480 0
29488 0
29491 0
29494 0
29495 0
29496 0
29500 0
29501 0
29509 0
29514 0
29515 0
29524 0
29529 0
29532 0
29538 0
29540 0
29548 0
29553 0
29556 0
29558 0
29566 0
29572 0
29579 0
29585 0
29592 0
29601 0
29602 0
29608 0
29615 0
29617 0
29625 0
29634 0
29643 0
29645 0
29648 0
29649 0
29654 0
29662 0
29664 0
29670 0
29677 0
29685 0
29689 0
29691 0
29696 0
29705 0
29713 0
29716 0
29719 0
29728 0
29737 0
29741 0
29749 0
29753 0
29756 0
29762 0
29766 0
29769 0
29774 0
29778 0
29784 0
29785 0
29792 0
29797 0
29806 0
29808 0
29809 0
29816 0
29822 0
29824 0
29833 0
29841 0
29843 0
29845 0
29853 0
29854 0
29857 0
29864 0
29866 0
29871 0
29874 0
29877 0
29880 0
29881 0
29890 0
29891 0
29897 0
29906 0
29911 0
29913 0
29921 0
29926 0
29934 0
29935 0
29937 0
29946 0
29951 0
29954 0
29956 0
29964 0
29966 0
29971 0
29975 0
29984 0
29986 0
29995 0
29997 0
30003 0
30010 0
30019 0
30025 0
30029 0
30033 0
30037 0
30038 0
30046 0
30055 0
30064 0
30068 0
30070 0
30078 0
30080 0
30086 0
30087 0
30093 0
30094 0
30097 0
30105 0
30108 0
30112 0
30113 0
30115 0
30120 0
30126 0
30132 0
30138 0
30146 0
30150 0
30155 0
30160 0
30168 0
30177 0
30181 0
30186 0
30194 0
30203 0
30204 0
30210 0
30214 0
30222 0
30226 0
30235 0
30236 0
30245 0
30254 0
30257 0
30259 0
30268 0
30276 0
30281 0
30287 0
30295 0
30303 0
30311 0
30315 0
30321 0
30327 0
30335 0
30340 0
30345 0
30352 0
30359 0
30367 0
30376 0
30383 0
30384 0
30385 0
30394 0
30397 0
30402 0
30405 0
30408 0
30413 0
30416 0
30425 0
30429 0
30430 0
30431 0
30439 0
30442 0
30446 0
30450 0
30454 0
30458 0
30466 0
30473 0
30480 0
30483 0
30490 0
30492 0
30499 0
30508 0
30514 0
30523 0
30526 0
30530 0
30533 0
30539 0
30546 0
30549 0
30555 0
30563 0
30569 0
30574 0
30575 0
30579 0
30588 0
30593 0
30600 0
30607 0
30608 0
30612 0
30616 0
30619 0
30627 0
30630 0
30636 0
30642 0
30645 0
30651 0
30660 0
30666 0
30668 0
30676 0
30680 0
30687 0
30693 0
30695 0
30698 0
30706 0
30711 0
30719 0
30723 0
30730 0
30735 0
30743 0
30752 0
30761 0
30769 0
30771 0
30777 0
30785 0
30790 0
30797 0
30799 0
30806 0
30807 0
30808 0
30809 0
30814 0
30821 0
30827 0
30832 0
30836 0
30839 0
30841 0
30845 0
30854 0
30860 0
30861 0
30868 0
30871 0
30875 0
30877 0
30881 0
30886 0
30893 0
30897 0
30899 0
30902 0
30907 0
30909 0
30917 0
30926 0
30932 0
30941 0
30944 0
30953 0
30955 0
30958 0
30967 0
30971 0
30979 0
30983 0
30991 0
30996 0
31002 0
31005 0
31012 0
31014 0
31016 0
31022 0
31031 0
31033 0
31040 0
31049 0
31052 0
31060 0
31063 0
31071 0
31080 0
31081 0
31088 0
31093 0
31100 0
31101 0
31108 0
31113 0
31121 0
31123 0
31125 0
31131 0
31139 0
31141 0
31146 0
31155 0
31164 0
31172 0
31180 0
31185 0
31188 0
31195 0
31202 0
31209 0
31212 0
31215 0
31216 0
31222 0
31224 0
31231 0
31232 0
31239 0
31242 0
31243 0
31250 0
31255 0
31263 0
31271 0
31274 0
31279 0
31283 0
31286 0
31295 0
31296 0
31303 0
31310 0
31315 0
31321 0
31329 0
31331 0
31338 0
31347 0
31356 0
31362 0
31368 0
31373 0
31378 0
31384 0
31385 0
31390 0
31395 0
31398 0
31404 0
31407 0
31414 0
31420 0
31427 0
31435 0
31443 0
31446 0
31454 0
31462 0
31467 0
31470 0
31475 0
31484 0
31486 0
31495 0
31497 0
31501 0
31504 0
31506 0
31515 0
31520 0
31523 0
31531 0
31535 0
31538 0
31547 0
31549 0
31554 0
31563 0
31567 0
31572 0
31580 0
31583 0
31584 0
31590 0
31592 0
31596 0
31597 0
31599 0
31604 0
31605 0
31608 0
31609 0
31612 0
31621 0
31628 0
31636 0
31645 0
31654 0
31660 0
31667 0
31675 0
31681 0
31683 0
31687 0
31696 0
31702 0
31704 0
31705 0
31713 0
31718 0
31721 0
31725 0
31731 0
31735 0
31740 0
31744 0
31753 0
31755 0
31759 0
31762 0
31771 0
31778 0
31781 0
31788 0
31790 0
31799 0
31800 0
31809 0
31817 0
31826 0
31829 0
31831 0
31834 0
31843 0
31847 0
31849 0
31852 0
31855 0
31864 0
31871 0
31877 0
31882 0
31891 0
31893 0
31896 0
31901 0
31907 0
31913 0
31918 0
31925 0
31931 0
31939 0
31940 0
31948 0
31952 0
31957 0
31966 0
31971 0
31972 0
31977 0
31984 0
31989 0
31996 0
31998 0
32007 0
32012 0
32020 0
32025 0
32030 0
32037 0
32044 0
32047 0
32050 0
32051 0
32052 0
32053 0
32058 0
32059 0
32062 0
32063 0
32072 0
32080 0
32089 0
32095 0
32104 0
32106 0
32111 0
32118 0
32123 0
32125 0
32133 0
32134 0
32142 0
32149 0
32154 0
32157 0
32162 0
32165 0
32168 0
32175 0
32179 0
32180 0
32188 0
32191 0
32194 0
32197 0
32198 0
32200 0
32209 0
32214 0
32223 0
32227 0
32228 0
32236 0
32242 0
32248 0
32250 0
32254 0
32255 0
32264 0
32271 0
32276 0
32282 0
32288 0
32289 0
32295 0
32296 0
32299 0
32304 0
32310 0
32317 0
32323 0
32331 0
32339 0
32347 0
32355 0
32359 0
32360 0
32369 0
32371 0
32376 0
32379 0
32380 0
32383 0
32392 0
32401 0
32409 0
32418 0
32424 0
32432 0
32438 0
32440 0
32448 0
32453 0
32459 0
32465 0
32473 0
32475 0
32478 0
32481 0
32488 0
32490 0
32494 0
32496 0
32504 0
32511 0
32513 0
32521 0
32523 0
32527 0
32535 0
32543 0
32546 0
32553 0
32556 0
32565 0
32572 0
32575 0
32576 0
32577 0
32582 0
32591 0
32592 0
32601 0
32610 0
32618 0
32619 0
32624 0
32629 0
32634 0
32643 0
32650 0
32652 0
32655 0
32664 0
32670 0
32676 0
32679 0
32687 0
32694 0
32702 0
32708 0
32716 0
32718 0
32727 0
32734 0
32742 0
32746 0
32750 0
32753 0
32760 0
32768 0
32775 0
32778 0
32780 0
32783 0
32788 0
32789 0
32797 0
32799 0
32807 0
32810 0
32816 0
32818 0
32823 0
32828 0
32836 0
32844 0
32849 0
32855 0
32864 0
32865 0
32867 0
32868 0
32871 0
32876 0
32885 0
32890 0
32893 0
32901 0
32907 0
32908 0
32910 0
32917 0
32921 0
32925 0
32934 0
32935 0
32941 0
32947 0
32949 0
32954 0
32956 0
32961 0
32969 0
32974 0
32978 0
32984 0
32993 0
33000 0
33004 0
33010 0
33018 0
33023 0
33031 0
33036 0
33045 0
33054 0
33057 0
33058 0
33062 0
33063 0
33069 0
33073 0
33078 0
33086 0
33091 0
33094 0
33099 0
33107 0
33109 0
33115 0
33116 0
33121 0
33124 0
33128 0
33129 0
33132 0
33134 0
33137 0
33143 0
33148 0
33154 0
33157 0
33163 0
33169 0
33175 0
33177 0
33180 0
33181 0
33183 0
33188 0
33189 0
33195 0
33200 0
33209 0
33211 0
33212 0
33220 0
33225 0
33232 0
33236 0
33244 0
33248 0
33250 0
33258 0
33265 0
33268 0
33270 0
33271 0
33275 0
33277 0
33278 0
33285 0
33292 0
33299 0
33306 0
33309 0
33313 0
33316 0
33324 0
33325 0
33329 0
33333 0
33339 0
33347 0
33350 0
33356 0
33360 0
33361 0
33364 0
33366 0
33368 0
33371 0
33372 0
33373 0
33374 0
33381 0
33388 0
33395 0
33398 0
33399 0
33403 0
33412 0
33414 0
33420 0
33426 0
33429 0
33436 0
33438 0
33441 0
33449 0
33450 0
33458 0
33465 0
33470 0
33479 0
33486 0
33493 0
33502 0
33511 0
33513 0
33521 0
33524 0
33532 0
33534 0
33541 0
33548 0
33551 0
33559 0
33563 0
33565 0
33570 0
33572 0
33577 0
33582 0
33585 0
33593 0
33597 0
33605 0
33611 0
33617 0
33623 0
33632 0
33635 0
33636 0
33638 0
33640 0
33645 0
33646 0
33651 0
33659 0
33664 0
33672 0
33680 0
33687 0
33689 0
33690 0
33694 0
33699 0
33708 0
33715 0
33723 0
33732 0
33737 0
33743 0
33745 0
33753 0
33760 0
33769 0
33777 0
33783 0
33789 0
33798 0
33801 0
33807 0
33813 0
33816 0
33817 0
33818 0
33824 0
33825 0
33832 0
33840 0
33847 0
33852 0
33856 0
33859 0
33866 0
33873 0
33878 0
33884 0
33893 0
33899 0
33900 0
33909 0
33912 0
33920 0
33927 0
33933 0
33936 0
33945 0
33948 0
33952 0
33956 0
33961 0
33964 0
33970 0
33974 0
33980 0
33983 0
33992 0
34001 0
34007 0
34008 0
34013 0
34022 0
34031 0
34037 0
34039 0
34046 0
34049 0
34052 0
34058 0
34061 0
34063 0
34067 0
34069 0
34077 0
34080 0
34085 0
34088 0
34095 0
34097 0
34104 0
34112 0
34113 0
34117 0
34120 0
34125 0
34126 0
34129 0
34131 0
34135 0
34138 0
34140 0
34144 0
34147 0
34149 0
34151 0
34158 0
34167 0
34172 0
34177 0
34180 0
34181 0
34187 0
34193 0
34196 0
34203 0
34209 0
34214 0
34222 0
34223 0
34230 0
34233 0
34240 0
34246 0
34248 0
34254 0
34263 0
34272 0
34277 0
34278 0
34280 0
34284 0
34291 0
34297 0
34300 0
34309 0
34310 0
34312 0
34319 0
34328 0
34333 0
34339 0
34342 0
34349 0
34354 0
34355 0
34361 0
34366 0
34369 0
34371 0
34376 0
34384 0
34385 0
34390 0
34394 0
34397 0
34400 0
34403 0
34408 0
34410 0
34413 0
34418 0
34426 0
34429 0
34434 0
34442 0
34443 0
34444 0
34448 0
34453 0
34455 0
34458 0
34459 0
34468 0
34477 0
34481 0
34489 0
34492 0
34493 0
34499 0
34508 0
34513 0
34517 0
34519 0
34525 0
34527 0
34534 0
34543 0
34550 0
34551 0
34559 0
34564 0
34569 0
34570 0
34577 0
34578 0
34581 0
34582 0
34590 0
34595 0
34601 0
34609 0
34610 0
34615 0
34624 0
34630 0
34637 0
34646 0
34653 0
34661 0
34666 0
34675 0
34680 0
34683 0
34685 0
34688 0
34695 0
34700 0
34705 0
34712 0
34718 0
34726 0
34733 0
34738 0
34740 0
34745 0
34749 0
34755 0
34763 0
34769 0
34773 0
34776 0
34777 0
34784 0
34789 0
34791 0
34800 0
34808 0
34812 0
34820 0
34823 0
34825 0
34827 0
34830 0
34837 0
34841 0
34849 0
34855 0
34857 0
34859 0
34861 0
34869 0
34877 0
34881 0
34888 0
34896 0
34898 0
34901 0
34910 0
34918 0
34926 0
34935 0
34944 0
34947 0
34950 0
34956 0
34963 0
34966 0
34967 0
34968 0
34976 0
34979 0
34981 0
34983 0
34990 0
34997 0
35003 0
35011 0
35012 0
35019 0
35024 0
35027 0
35036 0
35042 0
35050 0
35054 0
35063 0
35070 0
35076 0
35083 0
35087 0
35092 0
35100 0
35103 0
35105 0
35113 0
35117 0
35124 0
35126 0
35132 0
35136 0
35139 0
35148 0
35154 0
35160 0
35161 0
35167 0
35174 0
35180 0
35184 0
35185 0
35188 0
35194 0
35202 0
35211 0
35218 0
35223 0
35230 0
35236 0
35242 0
35251 0
35258 0
35264 0
35266 0
35271 0
35272 0
35277 0
35283 0
35291 0
35300 0
35305 0
35313 0
35320 0
35328 0
35336 0
35337 0
35342 0
35351 0
35356 0
35364 0
35365 0
35369 0
35377 0
35383 0
35391 0
35400 0
35407 0
35412 0
35416 0
35419 0
35420 0
35425 0
35430 0
35431 0
35437 0
35442 0
35444 0
35453 0
35458 0
35464 0
35470 0
35474 0
35478 0
35482 0
35489 0
35494 0
35497 0
35506 0
35514 0
35515 0
35517 0
35525 0
35531 0
35538 0
35545 0
35546 0
35550 0
35558 0
35561 0
35569 0
35577 0
35582 0
35586 0
35590 0
35595 0
35599 0
35600 0
35602 0
35604 0
35605 0
35608 0
35614 0
35615 0
35616 0
35619 0
35622 0
35623 0
35625 0
35632 0
35637 0
35641 0
35650 0
35658 0
35659 0
35663 0
35664 0
35673 0
35679 0
35682 0
35687 0
35688 0
35692 0
35693 0
35696 0
35697 0
35698 0
35702 0
35705 0
35706 0
35711 0
35716 0
35719 0
35722 0
35730 0
35732 0
35738 0
35740 0
35742 0
35743 0
35751 0
35756 0
35758 0
35766 0
35769 0
35777 0
35779 0
35787 0
35790 0
35795 0
35800 0
35807 0
35809 0
35817 0
35821 0
35824 0
35833 0
35842 0
35844 0
35851 0
35855 0
35858 0
35862 0
35864 0
35870 0
35874 0
35877 0
35878 0
35887 0
35893 0
35896 0
35898 0
35906 0
35914 0
35918 0
35927 0
35934 0
35939 0
35943 0
35950 0
35953 0
35962 0
35967 0
35968 0
35972 0
35976 0
35982 0
35985 0
35992 0
35993 0
35998 0
36003 0
36012 0
36020 0
36028 0
36032 0
36034 0
36040 0
36044 0
36051 0
36055 0
36058 0
36064 0
36073 0
36074 0
36079 0
36080 0
36083 0
36085 0
36094 0
36099 0
36100 0
36105 0
36106 0
36113 0
36117 0
36119 0
36122 0
36129 0
36131 0
36132 0
36140 0
36141 0
36147 0
36148 0
36154 0
36161 0
36170 0
36177 0
36180 0
36183 0
36190 0
36194 0
36199 0
36201 0
36204 0
36211 0
36219 0
36220 0
36225 0
36234 0
36240 0
36248 0
36251 0
36260 0
36261 0
36270 0
36277 0
36285 0
36294 0
36299 0
36301 0
36305 0
36312 0
36319 0
36322 0
36326 0
36332 0
36336 0
36342 0
36351 0
36358 0
36361 0
36365 0
36372 0
36376 0
36382 0
36388 0
36397 0
36406 0
36414 0
36421 0
36430 0
36435 0
36437 0
36442 0
36451 0
36453 0
36462 0
36469 0
36475 0
36484 0
36485 0
36487 0
36494 0
36502 0
36506 0
36508 0
36514 0
36519 0
36526 0
36533 0
36542 0
36547 0
36556 0
36561 0
36566 0
36572 0
36575 0
36584 0
36593 0
36602 0
36607 0
36611 0
36615 0
36621 0
36624 0
36630 0
36637 0
36645 0
36646 0
36651 0
36656 0
36662 0
36671 0
36673 0
36678 0
36683 0
36691 0
36698 0
36703 0
36710 0
36719 0
36722 0
36723 0
36726 0
36728 0
36737 0
36739 0
36743 0
36749 0
36756 0
36763 0
36769 0
36778 0
36784 0
36785 0
36791 0
36792 0
36801 0
36807 0
36815 0
36821 0
36825 0
36833 0
36839 0
36840 0
36842 0
36851 0
36852 0
36857 0
36864 0
36865 0
36871 0
36872 0
36880 0
36885 0
36892 0
36900 0
36903 0
36906 0
36909 0
36918 0
36920 0
36929 0
36937 0
36945 0
36947 0
36948 0
36949 0
36951 0
36952 0
36958 0
36967 0
36976 0
36983 0
36989 0
36991 0
36999 0
37003 0
37007 0
37012 0
37019 0
37021 0
37025 0
37034 0
37037 0
37040 0
37043 0
37051 0
37052 0
37058 0
37065 0
37067 0
37070 0
37078 0
37083 0
37088 0
37094 0
37098 0
37101 0
37104 0
37107 0
37111 0
37120 0
37129 0
37130 0
37132 0
37137 0
37144 0
37153 0
37158 0
37166 0
37174 0
37176 0
37177 0
37182 0
37186 0
37187 0
37191 0
37197 0
37205 0
37210 0
37217 0
37221 0
37224 0
37231 0
37233 0
37241 0
37247 0
37256 0
37265 0
37273 0
37277 0
37279 0
37286 0
37291 0
37295 0
37298 0
37300 0
37304 0
37308 0
37314 0
37322 0
37328 0
37330 0
37333 0
37338 0
37344 0
37349 0
37352 0
37355 0
37358 0
37362 0
37366 0
37373 0
37380 0
37383 0
37391 0
37398 0
37405 0
37410 0
37415 0
37416 0
37425 0
37431 0
37440 0
37445 0
37446 0
37454 0
37461 0
37465 0
37473 0
37480 0
37485 0
37486 0
37489 0
37494 0
37500 0
37504 0
37506 0
37511 0
37513 0
37522 0
37523 0
37527 0
37530 0
37539 0
37541 0
37550 0
37554 0
37557 0
37559 0
37565 0
37566 0
37567 0
37573 0
37575 0
37576 0
37580 0
37586 0
37588 0
37597 0
37604 0
37605 0
37608 0
37612 0
37617 0
37626 0
37628 0
37637 0
37643 0
37650 0
37651 0
37652 0
37655 0
37657 0
37666 0
37669 0
37670 0
37672 0
37675 0
37680 0
37689 0
37690 0
37699 0
37705 0
37707 0
37710 0
37711 0
37715 0
37716 0
37719 0
37726 0
37731 0
37737 0
37738 0
37739 0
37746 0
37751 0
37760 0
37765 0
37769 0
37773 0
37774 0
37775 0
37776 0
37783 0
37786 0
37792 0
37793 0
37797 0
37799 0
37805 0
37809 0
37815 0
37821 0
37825 0
37832 0
37839 0
37841 0
37843 0
37847 0
37853 0
37859 0
37863 0
37870 0
37875 0
37879 0
37886 0
37890 0
37897 0
37903 0
37909 0
37915 0
37921 0
37924 0
37933 0
37939 0
37943 0
37951 0
37953 0
37955 0
37957 0
37965 0
37970 0
37977 0
37986 0
37990 0
37999 0
38001 0
38005 0
38009 0
38015 0
38022 0
38023 0
38025 0
38029 0
38032 0
38038 0
38043 0
38046 0
38048 0
38052 0
38053 0
38056 0
38062 0
38068 0
38073 0
38076 0
38077 0
38079 0
38080 0
38083 0
38088 0
38097 0
38099 0
38108 0
38115 0
38122 0
38131 0
38139 0
38148 0
38150 0
38157 0
38162 0
38166 0
38174 0
38175 0
38180 0
38185 0
38191 0
38197 0
38204 0
38210 0
38214 0
38217 0
38221 0
38227 0
38229 0
38238 0
38243 0
38250 0
38256 0
38261 0
38266 0
38272 0
38280 0
38283 0
38287 0
38291 0
38297 0
38305 0
38306 0
38308 0
38312 0
38320 0
38325 0
38334 0
38337 0
38346 0
38349 0
38351 0
38353 0
38355 0
38361 0
38370 0
38377 0
38383 0
38391 0
38397 0
38401 0
38405 0
38411 0
38417 0
38419 0
38428 0
38435 0
38436 0
38442 0
38448 0
38451 0
38460 0
38469 0
38474 0
38475 0
38480 0
38483 0
38485 0
38494 0
38495 0
38500 0
38506 0
38515 0
38521 0
38524 0
38528 0
38536 0
38543 0
38550 0
38555 0
38563 0
38566 0
38570 0
38578 0
38579 0
38580 0
38585 0
38590 0
38599 0
38600 0
38602 0
38607 0
38612 0
38615 0
38616 0
38624 0
38625 0
38631 0
38637 0
38646 0
38652 0
38660 0
38663 0
38667 0
38672 0
38673 0
38682 0
38690 0
38691 0
38697 0
38706 0
38709 0
38711 0
38713 0
38721 0
38727 0
38734 0
38736 0
38741 0
38750 0
38758 0
38767 0
38768 0
38776 0
38781 0
38787 0
38791 0
38797 0
38802 0
38803 0
38809 0
38816 0
38821 0
38827 0
38832 0
38836 0
38840 0
38842 0
38843 0
38846 0
38854 0
38858 0
38864 0
38870 0
38875 0
38877 0
38884 0
38885 0
38889 0
38890 0
38897 0
38900 0
38904 0
38912 0
38917 0
38925 0
38928 0
38935 0
38941 0
38943 0
38945 0
38949 0
38951 0
38960 0
38963 0
38972 0
38974 0
38977 0
38982 0
38987 0
38996 0
38998 0
39001 0
39005 0
39014 0
39015 0
39020 0
39029 0
39037 0
39040 0
39041 0
39049 0
39055 0
39062 0
39071 0
39073 0
39081 0
39082 0
39090 0
39091 0
39099 0
39101 0
39110 0
39111 0
39118 0
39124 0
39128 0
39137 0
39143 0
39150 0
39158 0
39160 0
39166 0
39172 0
39175 0
39183 0
39186 0
39193 0
39194 0
39198 0
39200 0
39206 0
39207 0
39211 0
39219 0
39228 0
39236 0
39243 0
39248 0
39252 0
39254 0
39261 0
39269 0
39273 0
39279 0
39282 0
39285 0
39292 0
39301 0
39306 0
39314 0
39323 0
39326 0
39328 0
39331 0
39332 0
39337 0
39344 0
39349 0
39351 0
39360 0
39366 0
39369 0
39373 0
39381 0
39390 0
39396 0
39405 0
39410 0
39413 0
39422 0
39424 0
39433 0
39439 0
39446 0
39454 0
39463 0
39465 0
39471 0
39475 0
39479 0
39486 0
39493 0
39498 0
39502 0
39507 0
39509 0
39514 0
39516 0
39524 0
39532 0
39540 0
39545 0
39554 0
39559 0
39561 0
39568 0
39570 0
39579 0
39582 0
39589 0
39597 0
39598 0
39607 0
39613 0
39615 0
39622 0
39631 0
39638 0
39646 0
39652 0
39657 0
39666 0
39671 0
39677 0
39683 0
39688 0
39692 0
39699 0
39705 0
39708 0
39714 0
39719 0
39725 0
39727 0
39730 0
39736 0
39744 0
39750 0
39757 0
39761 0
39763 0
39766 0
39769 0
39776 0
39785 0
39793 0
39796 0
39802 0
39803 0
39807 0
39816 0
39819 0
39828 0
39836 0
39838 0
39847 0
39856 0
39860 0
39863 0
39872 0
39880 0
39889 0
39896 0
39901 0
39907 0
39910 0
39914 0
39921 0
39926 0
39928 0
39937 0
39945 0
39949 0
39956 0
39965 0
39973 0
39978 0
39983 0
39989 0
39996 0
40002 0
40010 0
40012 0
40014 0
40015 0
40024 0
40032 0
40039 0
40048 0
40049 0
40054 0
40062 0
40063 0
40070 0
40077 0
40080 0
40087 0
40092 0
40093 0
40102 0
40111 0
40113 0
40121 0
40124 0
40129 0
40133 0
40135 0
40143 0
40147 0
40149 0
40156 0
40160 0
40169 0
40170 0
40178 0
40180 0
40189 0
40192 0
40198 0
40202 0
40203 0
40211 0
40213 0
40222 0
40225 0
40226 0
40228 0
40229 0
40238 0
40242 0
40243 0
40249 0
40255 0
40258 0
40267 0
40276 0
40281 0
40284 0
40287 0
40295 0
40296 0
40301 0
40302 0
40309 0
40310 0
40318 0
40324 0
40325 0
40329 0
40331 0
40333 0
40337 0
40342 0
40348 0
40355 0
40357 0
40363 0
40371 0
40376 0
40380 0
40383 0
40384 0
40392 0
40393 0
40394 0
40403 0
40412 0
40413 0
40422 0
40425 0
40427 0
40429 0
40435 0
40443 0
40447 0
40456 0
40464 0
40466 0
40474 0
40482 0
40484 0
40489 0
40495 0
40496 0
40504 0
40508 0
40512 0
40516 0
40524 0
40530 0
40534 0
40542 0
40545 0
40550 0
40558 0
40565 0
40573 0
40582 0
40585 0
40588 0
40590 0
40593 0
40600 0
40601 0
40607 0
40615 0
40616 0
40624 0
40630 0
40639 0
40645 0
40648 0
40650 0
40658 0
40664 0
40665 0
40667 0
40673 0
40675 0
40682 0
40690 0
40697 0
40705 0
40708 0
40713 0
40719 0
40722 0
40729 0
40734 0
40743 0
40748 0
40751 0
40757 0
40764 0
40772 0
40778 0
40782 0
40784 0
40785 0
40791 0
40792 0
40799 0
40801 0
40809 0
40816 0
40821 0
40823 0
40830 0
40832 0
40834 0
40842 0
40851 0
40860 0
40867 0
40873 0
40882 0
40885 0
40888 0
40894 0
40899 0
40904 0
40910 0
40915 0
40922 0
40925 0
40928 0
40937 0
40945 0
40952 0
40961 0
40964 0
40973 0
40976 0
40984 0
40992 0
40999 0
41006 0
41009 0
41014 0
41015 0
41024 0
41028 0
41031 0
41032 0
41040 0
41046 0
41050 0
41052 0
41059 0
41067 0
41070 0
41079 0
41082 0
41083 0
41084 0
41091 0
41100 0
41102 0
41107 0
41108 0
41112 0
41120 0
41126 0
41133 0
41139 0
41145 0
41147 0
41149 0
41158 0
41160 0
41167 0
41169 0
41172 0
41175 0
41181 0
41187 0
41190 0
41191 0
41193 0
41196 0
41202 0
41204 0
41209 0
41216 0
41224 0
41230 0
41234 0
41238 0
41245 0
41247 0
41250 0
41259 0
41260 0
41267 0
41269 0
41273 0
41280 0
41287 0
41294 0
41300 0
41301 0
41308 0
41312 0
41314 0
41321 0
41322 0
41327 0
41328 0
41333 0
41337 0
41342 0
41347 0
41356 0
41360 0
41364 0
41370 0
41373 0
41379 0
41384 0
41387 0
41389 0
41397 0
41400 0
41409 0
41415 0
41417 0
41423 0
41427 0
41435 0
41438 0
41442 0
41450 0
41453 0
41455 0
41456 0
41459 0
41462 0
41470 0
41479 0
41482 0
41484 0
41489 0
41491 0
41494 0
41495 0
41502 0
41508 0
41509 0
41516 0
41521 0
41524 0
41526 0
41531 0
41535 0
41540 0
41547 0
41554 0
41555 0
41556 0
41564 0
41570 0
41573 0
41575 0
41580 0
41582 0
41591 0
41593 0
41594 0
41596 0
41600 0
41607 0
41613 0
41614 0
41615 0
41623 0
41632 0
41636 0
41641 0
41646 0
41652 0
41657 0
41665 0
41666 0
41672 0
41674 0
41677 0
41681 0
41687 0
41690 0
41692 0
41693 0
41701 0
41708 0
41714 0
41723 0
41732 0
41733 0
41738 0
41740 0
41747 0
41754 0
41762 0
41765 0
41767 0
41772 0
41778 0
41786 0
41790 0
41796 0
41797 0
41803 0
41808 0
41814 0
41821 0
41825 0
41833 0
41841 0
41847 0
41852 0
41854 0
41856 0
41862 0
41869 0
41872 0
41881 0
41882 0
41889 0
41896 0
41901 0
41903 0
41906 0
41914 0
41919 0
41926 0
41930 0
41933 0
41937 0
41943 0
41951 0
41957 0
41959 0
41960 0
41962 0
41964 0
41973 0
41981 0
41985 0
41986 0
41990 0
41996 0
41998 0
42006 0
42007 0
42009 0
42015 0
42020 0
42023 0
42025 0
42031 0
42040 0
42045 0
42048 0
42050 0
42052 0
42058 0
42063 0
42066 0
42070 0
42072 0
42073 0
42077 0
42082 0
42085 0
42089 0
42092 0
42098 0
42100 0
42105 0
42114 0
42117 0
42118 0
42125 0
42132 0
42141 0
42146 0
42150 0
42159 0
42165 0
42174 0
42181 0
42182 0
42183 0
42184 0
42189 0
42196 0
42200 0
42202 0
42206 0
42210 0
42212 0
42220 0
42225 0
42229 0
42236 0
42241 0
42249 0
42251 0
42252 0
42253 0
42257 0
42259 0
42267 0
42269 0
42272 0
42281 0
42282 0
42291 0
42296 0
42301 0
42306 0
42313 0
42314 0
42316 0
42323 0
42326 0
42327 0
42328 0
42330 0
42335 0
42336 0
42341 0
42342 0
42346 0
42349 0
42358 0
42367 0
42374 0
42377 0
42380 0
42387 0
42389 0
42391 0
42399 0
42400 0
42409 0
42412 0
42421 0
42422 0
42428 0
42434 0
42443 0
42451 0
42457 0
42464 0
42470 0
42472 0
42479 0
42481 0
42490 0
42498 0
42499 0
42505 0
42512 0
42514 0
42517 0
42525 0
42527 0
42530 0
42532 0
42536 0
42538 0
42539 0
42541 0
42550 0
42557 0
42558 0
42564 0
42571 0
42579 0
42585 0
42586 0
42588 0
42590 0
42597 0
42603 0
42604 0
42608 0
42617 0
42621 0
42624 0
42625 0
42628 0
42634 0
42635 0
42639 0
42643 0
42650 0
42657 0
42660 0
42664 0
42666 0
42667 0
42675 0
42677 0
42684 0
42686 0
42691 0
42700 0
42704 0
42708 0
42714 0
42723 0
42728 0
42737 0
42739 0
42740 0
42741 0
42748 0
42757 0
42763 0
42766 0
42775 0
42782 0
42783 0
42790 0
42791 0
42796 0
42798 0
42807 0
42811 0
42814 0
42816 0
42823 0
42830 0
42832 0
42839 0
42840 0
42847 0
42852 0
42858 0
42860 0
42868 0
42872 0
42877 0
42884 0
42887 0
42894 0
42898 0
42903 0
42904 0
42906 0
42912 0
42916 0
42917 0
42922 0
42930 0
42938 0
42942 0
42949 0
42958 0
42961 0
42964 0
42973 0
42979 0
42988 0
42995 0
43002 0
43003 0
43009 0
43015 0
43020 0
43025 0
43034 0
43040 0
43043 0
43045 0
43050 0
43052 0
43059 0
43063 0
43067 0
43072 0
43073 0
43081 0
43087 0
43094 0
43100 0
43104 0
43110 0
43115 0
43124 0
43129 0
43135 0
43142 0
43146 0
43155 0
43160 0
43168 0
43175 0
43176 0
43178 0
43179 0
43187 0
43188 0
43189 0
43198 0
43205 0
43208 0
43215 0
43219 0
43227 0
43228 0
43236 0
43239 0
43244 0
43246 0
43252 0
43259 0
43267 0
43273 0
43280 0
43289 0
43295 0
43302 0
43303 0
43305 0
43310 0
43314 0
43315 0
43321 0
43325 0
43331 0
43332 0
43335 0
43338 0
43345 0
43350 0
43354 0
43363 0
43370 0
43373 0
43381 0
43382 0
43389 0
43397 0
43405 0
43414 0
43421 0
43425 0
43427 0
43428 0
43433 0
43437 0
43438 0
43443 0
43451 0
43454 0
43458 0
43459 0
43462 0
43466 0
43474 0
43482 0
43489 0
43492 0
43500 0
43505 0
43512 0
43520 0
43526 0
43528 0
43532 0
43538 0
43540 0
43542 0
43546 0
43551 0
43558 0
43566 0
43568 0
43569 0
43571 0
43573 0
43580 0
43588 0
43589 0
43597 0
43605 0
43611 0
43620 0
43626 0
43629 0
43635 0
43639 0
43645 0
43649 0
43651 0
43655 0
43658 0
43662 0
43667 0
43676 0
43685 0
43694 0
43700 0
43706 0
43712 0
43717 0
43723 0
43732 0
43741 0
43742 0
43749 0
43757 0
43765 0
43767 0
43772 0
43777 0
43786 0
43789 0
43793 0
43794 0
43796 0
43799 0
43804 0
43809 0
43815 0
43823 0
43824 0
43828 0
43833 0
43835 0
43843 0
43848 0
43856 0
43859 0
43861 0
43866 0
43871 0
43873 0
43876 0
43879 0
43881 0
43885 0
43886 0
43892 0
43901 0
43907 0
43908 0
43915 0
43922 0
43925 0
43932 0
43935 0
43939 0
43940 0
43947 0
43953 0
43954 0
43963 0
43972 0
43973 0
43975 0
43984 0
43985 0
43991 0
43998 0
44006 0
44008 0
44015 0
44017 0
44019 0
44025 0
44028 0
44030 0
44035 0
44038 0
44040 0
44048 0
44051 0
44054 0
44063 0
44066 0
44067 0
44075 0
44084 0
44091 0
44098 0
44106 0
44114 0
44119 0
44128 0
44133 0
44137 0
44145 0
44148 0
44149 0
44153 0
44156 0
44161 0
44169 0
44175 0
44184 0
44192 0
44196 0
44197 0
44203 0
44209 0
44216 0
44225 0
44228 0
44231 0
44240 0
44245 0
44250 0
44258 0
44264 0
44273 0
44275 0
44282 0
44284 0
44287 0
44296 0
44300 0
44309 0
44311 0
44314 0
44319 0
44327 0
44330 0
44333 0
44339 0
44347 0
44353 0
44355 0
44357 0
44363 0
44366 0
44369 0
44375 0
44384 0
44388 0
44394 0
44399 0
44400 0
44409 0
44417 0
44418 0
44426 0
44427 0
44429 0
44432 0
44439 0
44447 0
44451 0
44458 0
44463 0
44467 0
44473 0
44479 0
44484 0
44492 0
44495 0
44497 0
44502 0
44505 0
44508 0
44516 0
44519 0
44523 0
44528 0
44535 0
44537 0
44538 0
44541 0
44545 0
44547 0
44551 0
44553 0
44559 0
44567 0
44572 0
44581 0
44589 0
44591 0
44597 0
44606 0
44609 0
44617 0
44621 0
44626 0
44632 0
44633 0
44640 0
44643 0
44648 0
44649 0
44657 0
44664 0
44668 0
44669 0
44672 0
44674 0
44678 0
44684 0
44693 0
44701 0
44708 0
44711 0
44713 0
44722 0
44724 0
44730 0
44739 0
44741 0
44743 0
44751 0
44752 0
44754 0
44757 0
44762 0
44767 0
44770 0
44776 0
44780 0
44784 0
44788 0
44796 0
44799 0
44808 0
44814 0
44822 0
44823 0
44824 0
44826 0
44828 0
44829 0
44833 0
44842 0
44844 0
44846 0
44847 0
44849 0
44855 0
44864 0
44868 0
44876 0
44884 0
44889 0
44891 0
44899 0
44903 0
44905 0
44914 0
44920 0
44925 0
44930 0
44932 0
44935 0
44939 0
44946 0
44952 0
44961 0
44969 0
44974 0
44979 0
44981 0
44990 0
44997 0
45006 0
45010 0
45015 0
45021 0
45027 0
45029 0
45035 0
45040 0
45045 0
45051 0
45059 0
45060 0
45063 0
45065 0
45073 0
45079 0
45085 0
45093 0
45101 0
45105 0
45106 0
45108 0
45110 0
45113 0
45122 0
45126 0
45128 0
45129 0
45138 0
45143 0
45149 0
45152 0
45158 0
45166 0
45168 0
45176 0
45180 0
45184 0
45190 0
45192 0
45196 0
45204 0
45206 0
45208 0
45213 0
45221 0
45229 0
45230 0
45235 0
45243 0
45245 0
45254 0
45260 0
45263 0
45264 0
45265 0
45268 0
45277 0
45278 0
45285 0
45291 0
45297 0
45299 0
45308 0
45312 0
45320 0
45326 0
45334 0
45339 0
45348 0
45351 0
45358 0
45363 0
45371 0
45375 0
45380 0
45383 0
45384 0
45390 0
45394 0
45397 0
45401 0
45408 0
45412 0
45418 0
45427 0
45430 0
45433 0
45435 0
45441 0
45442 0
45443 0
45452 0
45461 0
45462 0
45464 0
45471 0
45478 0
45480 0
45487 0
45493 0
45494 0
45498 0
45499 0
45504 0
45506 0
45509 0
45515 0
45516 0
45517 0
45525 0
45526 0
45528 0
45537 0
45538 0
45540 0
45542 0
45547 0
45556 0
45565 0
45567 0
45575 0
45581 0
45583 0
45590 0
45596 0
45602 0
45609 0
45616 0
45622 0
45627 0
45636 0
45641 0
45646 0
45647 0
45650 0
45656 0
45657 0
45665 0
45666 0
45672 0
45675 0
45681 0
45683 0
45685 0
45687 0
45692 0
45696 0
45698 0
45702 0
45710 0
45719 0
45726 0
45735 0
45741 0
45743 0
45748 0
45757 0
45766 0
45771 0
45780 0
45789 0
45792 0
45795 0
45798 0
45799 0
45808 0
45810 0
45813 0
45821 0
45827 0
45834 0
45836 0
45837 0
45841 0
45842 0
45844 0
45848 0
45854 0
45862 0
45871 0
45874 0
45875 0
45879 0
45881 0
45882 0
45890 0
45897 0
45905 0
45911 0
45919 0
45924 0
45926 0
45934 0
45939 0
45940 0
45945 0
45948 0
45957 0
45964 0
45968 0
45971 0
45975 0
45984 0
45986 0
45987 0
45989 0
45995 0
45996 0
46001 0
46006 0
46014 0
46016 0
46022 0
46024 0
46025 0
46026 0
46027 0
46031 0
46033 0
46042 0
46044 0
46047 0
46050 0
46057 0
46064 0
46072 0
46080 0
46082 0
46086 0
46094 0
46098 0
46107 0
46116 0
46118 0
46122 0
46131 0
46133 0
46136 0
46143 0
46147 0
46150 0
46158 0
46159 0
46165 0
46167 0
46169 0
46170 0
46172 0
46177 0
46180 0
46184 0
46189 0
46197 0
46201 0
46205 0
46213 0
46214 0
46219 0
46227 0
46232 0
46234 0
46235 0
46244 0
46248 0
46253 0
46261 0
46268 0
46274 0
46283 0
46285 0
46290 0
46298 0
46300 0
46303 0
46307 0
46308 0
46313 0
46320 0
46326 0
46334 0
46336 0
46345 0
46351 0
46356 0
46364 0
46367 0
46370 0
46377 0
46383 0
46389 0
46390 0
46392 0
46399 0
46406 0
46412 0
46421 0
46427 0
46434 0
46440 0
46449 0
46451 0
46457 0
46459 0
46466 0
46475 0
46482 0
46485 0
46486 0
46488 0
46493 0
46500 0
46503 0
46512 0
46515 0
46522 0
46530 0
46533 0
46540 0
46545 0
46548 0
46551 0
46556 0
46557 0
46562 0
46565 0
46572 0
46577 0
46578 0
46579 0
46586 0
46590 0
46592 0
46596 0
46603 0
46610 0
46619 0
46624 0
46628 0
46632 0
46641 0
46650 0
46657 0
46659 0
46666 0
46670 0
46679 0
46681 0
46686 0
46693 0
46696 0
46697 0
46706 0
46714 0
46721 0
46725 0
46731 0
46740 0
46744 0
46745 0
46753 0
46762 0
46766 0
46767 0
46768 0
46769 0
46774 0
46775 0
46776 0
46782 0
46783 0
46788 0
46793 0
46797 0
46806 0
46812 0
46816 0
46821 0
46822 0
46830 0
46836 0
46838 0
46842 0
46849 0
46852 0
46856 0
46865 0
46874 0
46880 0
46887 0
46893 0
46901 0
46910 0
46915 0
46923 0
46926 0
46932 0
46940 0
46948 0
46952 0
46959 0
46960 0
46968 0
46972 0
46980 0
46985 0
46994 0
46998 0
47005 0
47010 0
47016 0
47022 0
47030 0
47033 0
47034 0
47041 0
47043 0
47045 0
47054 0
47061 0
47064 0
47066 0
47068 0
47076 0
47081 0
47089 0
47094 0
47095 0
47100 0
47106 0
47110 0
47119 0
47120 0
47127 0
47134 0
47138 0
47142 0
47148 0
47149 0
47152 0
47161 0
47165 0
47173 0
47180 0
47188 0
47197 0
47206 0
47214 0
47222 0
47228 0
47237 0
47240 0
47241 0
47246 0
47248 0
47252 0
47256 0
47263 0
47271 0
47280 0
47284 0
47288 0
47291 0
47294 0
47302 0
47304 0
47305 0
47314 0
47318 0
47324 0
47333 0
47342 0
47350 0
47359 0
47365 0
47374 0
47375 0
47382 0
47388 0
47394 0
47402 0
47409 0
47418 0
47426 0
47430 0
47439 0
47447 0
47453 0
47460 0
47463 0
47464 0
47466 0
47473 0
47482 0
47491 0
47494 0
47501 0
47503 0
47505 0
47506 0
47514 0
47522 0
47527 0
47529 0
47531 0
47537 0
47540 0
47541 0
47548 0
47556 0
47559 0
47561 0
47570 0
47578 0
47580 0
47589 0
47590 0
47597 0
47598 0
47605 0
47612 0
47617 0
47621 0
47630 0
47636 0
47642 0
47646 0
47649 0
47654 0
47658 0
47667 0
47668 0
47671 0
47673 0
47680 0
47686 0
47693 0
47696 0
47705 0
47714 0
47720 0
47721 0
47726 0
47735 0
47738 0
47742 0
47743 0
47745 0
47749 0
47758 0
47759 0
47768 0
47776 0
47778 0
47785 0
47787 0
47788 0
47794 0
47802 0
47806 0
47811 0
47819 0
47825 0
47832 0
47840 0
47842 0
47847 0
47853 0
47862 0
47865 0
47869 0
47878 0
47882 0
47883 0
47885 0
47887 0
47890 0
47891 0
47897 0
47900 0
47902 0
47904 0
47911 0
47918 0
47920 0
47922 0
47929 0
47938 0
47939 0
47940 0
47948 0
47957 0
47961 0
47970 0
47974 0
47979 0
47980 0
47981 0
47988 0
47992 0
47993 0
48000 0
48006 0
48007 0
48009 0
48011 0
48020 0
48023 0
48032 0
48039 0
48043 0
48049 0
48054 0
48059 0
48066 0
48073 0
48078 0
48084 0
48089 0
48091 0
48093 0
48099 0
48103 0
48109 0
48118 0
48126 0
48132 0
48134 0
48141 0
48150 0
48153 0
48159 0
48160 0
48162 0
48167 0
48168 0
48171 0
48175 0
48177 0
48186 0
48190 0
48193 0
48202 0
48203 0
48210 0
48219 0
48226 0
48235 0
48239 0
48245 0
48252 0
48257 0
48259 0
48266 0
48268 0
48277 0
48283 0
48288 0
48295 0
48299 0
48308 0
48317 0
48321 0
48323 0
48330 0
48339 0
48347 0
48350 0
48353 0
48357 0
48361 0
48367 0
48376 0
48384 0
48392 0
48395 0
48402 0
48411 0
48417 0
48419 0
48427 0
48432 0
48434 0
48438 0
48441 0
48445 0
48449 0
48453 0
48461 0
48466 0
48467 0
48469 0
48471 0
48473 0
48479 0
48488 0
48492 0
48493 0
48498 0
48507 0
48508 0
48516 0
48517 0
48519 0
48524 0
48526 0
48533 0
48536 0
48541 0
48550 0
48559 0
48567 0
48574 0
48575 0
48577 0
48580 0
48581 0
48582 0
48591 0
48598 0
48606 0
48613 0
48619 0
48622 0
48626 0
48630 0
48632 0
48635 0
48643 0
48648 0
48655 0
48660 0
48662 0
48664 0
48665 0
48666 0
48674 0
48682 0
48685 0
48686 0
48695 0
48700 0
48708 0
48714 0
48717 0
48722 0
48731 0
48738 0
48747 0
48748 0
48753 0
48762 0
48770 0
48771 0
48773 0
48779 0
48784 0
48790 0
48797 0
48802 0
48804 0
48809 0
48813 0
48819 0
48825 0
48830 0
48836 0
48844 0
48853 0
48862 0
48863 0
48865 0
48869 0
48873 0
48882 0
48886 0
48889 0
48894 0
48897 0
48905 0
48906 0
48909 0
48912 0
48916 0
48921 0
48923 0
48926 0
48934 0
48941 0
48947 0
48956 0
48961 0
48964 0
48966 0
48974 0
48981 0
48989 0
48991 0
48996 0
48999 0
49005 0
49011 0
49015 0
49020 0
49021 0
49028 0
49034 0
49041 0
49046 0
49054 0
49060 0
49061 0
49063 0
49067 0
49071 0
49078 0
49080 0
49081 0
49082 0
49084 0
49085 0
49090 0
49098 0
49106 0
49108 0
49116 0
49118 0
49127 0
49132 0
49135 0
49139 0
49140 0
49142 0
49143 0
49147 0
49152 0
49153 0
49161 0
49162 0
49167 0
49173 0
49177 0
49186 0
49189 0
49196 0
49198 0
49199 0
49206 0
49208 0
49213 0
49216 0
49221 0
49226 0
49231 0
49239 0
49245 0
49247 0
49248 0
49256 0
49257 0
49260 0
49269 0
49270 0
49277 0
49284 0
49293 0
49298 0
49301 0
49306 0
49314 0
49322 0
49328 0
49334 0
49342 0
49351 0
49352 0
49357 0
49360 0
49363 0
49370 0
49375 0
49382 0
49389 0
49393 0
49397 0
49398 0
49405 0
49411 0
49420 0
49427 0
49435 0
49436 0
49443 0
49451 0
49453 0
49460 0
