100
4 1
9 0
13 1
18 0
22 1
27 0
31 1
36 0
40 1
45 0
49 1
54 0
58 1
63 0
67 1
72 0
76 1
81 0
85 1
90 0
94 1
99 0
103 1
108 0
112 1
117 0
121 1
126 0
130 1
135 0
139 1
144 0
148 1
153 0
157 1
162 0
166 1
171 0
175 1
180 0
184 1
189 0
193 1
198 0
202 1
207 0
211 1
216 0
220 1
225 0
229 1
234 0
238 1
243 0
247 1
252 0
256 1
261 0
265 1
270 0
274 1
279 0
283 1
288 0
292 1
297 0
301 1
306 0
310 1
315 0
319 1
324 0
328 1
333 0
337 1
342 0
346 1
351 0
355 1
360 0
364 1
369 0
373 1
378 0
382 1
387 0
391 1
396 0
400 1
405 0
409 1
414 0
418 1
423 0
427 1
432 0
436 1
441 0
445 1
450 0
