1000
4 0
9 1
13 0
18 1
22 0
27 1
31 0
36 1
40 0
45 1
49 0
54 1
58 0
63 1
67 0
72 1
76 0
81 1
85 0
90 1
94 0
99 1
103 0
108 1
112 0
117 1
121 0
126 1
130 0
135 1
139 0
144 1
148 0
153 1
157 0
162 1
166 0
171 1
175 0
180 1
184 0
189 1
193 0
198 1
202 0
207 1
211 0
216 1
220 0
225 1
229 0
234 1
238 0
243 1
247 0
252 1
256 0
261 1
265 0
270 1
274 0
279 1
283 0
288 1
292 0
297 1
301 0
306 1
310 0
315 1
319 0
324 1
328 0
333 1
337 0
342 1
346 0
351 1
355 0
360 1
364 0
369 1
373 0
378 1
382 0
387 1
391 0
396 1
400 0
405 1
409 0
414 1
418 0
423 1
427 0
432 1
436 0
441 1
445 0
450 1
454 0
459 1
463 0
468 1
472 0
477 1
481 0
486 1
490 0
495 1
499 0
504 1
508 0
513 1
517 0
522 1
526 0
531 1
535 0
540 1
544 0
549 1
553 0
558 1
562 0
567 1
571 0
576 1
580 0
585 1
589 0
594 1
598 0
603 1
607 0
612 1
616 0
621 1
625 0
630 1
634 0
639 1
643 0
648 1
652 0
657 1
661 0
666 1
670 0
675 1
679 0
684 1
688 0
693 1
697 0
702 1
706 0
711 1
715 0
720 1
724 0
729 1
733 0
738 1
742 0
747 1
751 0
756 1
760 0
765 1
769 0
774 1
778 0
783 1
787 0
792 1
796 0
801 1
805 0
810 1
814 0
819 1
823 0
828 1
832 0
837 1
841 0
846 1
850 0
855 1
859 0
864 1
868 0
873 1
877 0
882 1
886 0
891 1
895 0
900 1
904 0
909 1
913 0
918 1
922 0
927 1
931 0
936 1
940 0
945 1
949 0
954 1
958 0
963 1
967 0
972 1
976 0
981 1
985 0
990 1
994 0
999 1
1003 0
1008 1
1012 0
1017 1
1021 0
1026 1
1030 0
1035 1
1039 0
1044 1
1048 0
1053 1
1057 0
1062 1
1066 0
1071 1
1075 0
1080 1
1084 0
1089 1
1093 0
1098 1
1102 0
1107 1
1111 0
1116 1
1120 0
1125 1
1129 0
1134 1
1138 0
1143 1
1147 0
1152 1
1156 0
1161 1
1165 0
1170 1
1174 0
1179 1
1183 0
1188 1
1192 0
1197 1
1201 0
1206 1
1210 0
1215 1
1219 0
1224 1
1228 0
1233 1
1237 0
1242 1
1246 0
1251 1
1255 0
1260 1
1264 0
1269 1
1273 0
1278 1
1282 0
1287 1
1291 0
1296 1
1300 0
1305 1
1309 0
1314 1
1318 0
1323 1
1327 0
1332 1
1336 0
1341 1
1345 0
1350 1
1354 0
1359 1
1363 0
1368 1
1372 0
1377 1
1381 0
1386 1
1390 0
1395 1
1399 0
1404 1
1408 0
1413 1
1417 0
1422 1
1426 0
1431 1
1435 0
1440 1
1444 0
1449 1
1453 0
1458 1
1462 0
1467 1
1471 0
1476 1
1480 0
1485 1
1489 0
1494 1
1498 0
1503 1
1507 0
1512 1
1516 0
1521 1
1525 0
1530 1
1534 0
1539 1
1543 0
1548 1
1552 0
1557 1
1561 0
1566 1
1570 0
1575 1
1579 0
1584 1
1588 0
1593 1
1597 0
1602 1
1606 0
1611 1
1615 0
1620 1
1624 0
1629 1
1633 0
1638 1
1642 0
1647 1
1651 0
1656 1
1660 0
1665 1
1669 0
1674 1
1678 0
1683 1
1687 0
1692 1
1696 0
1701 1
1705 0
1710 1
1714 0
1719 1
1723 0
1728 1
1732 0
1737 1
1741 0
1746 1
1750 0
1755 1
1759 0
1764 1
1768 0
1773 1
1777 0
1782 1
1786 0
1791 1
1795 0
1800 1
1804 0
1809 1
1813 0
1818 1
1822 0
1827 1
1831 0
1836 1
1840 0
1845 1
1849 0
1854 1
1858 0
1863 1
1867 0
1872 1
1876 0
1881 1
1885 0
1890 1
1894 0
1899 1
1903 0
1908 1
1912 0
1917 1
1921 0
1926 1
1930 0
1935 1
1939 0
1944 1
1948 0
1953 1
1957 0
1962 1
1966 0
1971 1
1975 0
1980 1
1984 0
1989 1
1993 0
1998 1
2002 0
2007 1
2011 0
2016 1
2020 0
2025 1
2029 0
2034 1
2038 0
2043 1
2047 0
2052 1
2056 0
2061 1
2065 0
2070 1
2074 0
2079 1
2083 0
2088 1
2092 0
2097 1
2101 0
2106 1
2110 0
2115 1
2119 0
2124 1
2128 0
2133 1
2137 0
2142 1
2146 0
2151 1
2155 0
2160 1
2164 0
2169 1
2173 0
2178 1
2182 0
2187 1
2191 0
2196 1
2200 0
2205 1
2209 0
2214 1
2218 0
2223 1
2227 0
2232 1
2236 0
2241 1
2245 0
2250 1
2254 0
2259 1
2263 0
2268 1
2272 0
2277 1
2281 0
2286 1
2290 0
2295 1
2299 0
2304 1
2308 0
2313 1
2317 0
2322 1
2326 0
2331 1
2335 0
2340 1
2344 0
2349 1
2353 0
2358 1
2362 0
2367 1
2371 0
2376 1
2380 0
2385 1
2389 0
2394 1
2398 0
2403 1
2407 0
2412 1
2416 0
2421 1
2425 0
2430 1
2434 0
2439 1
2443 0
2448 1
2452 0
2457 1
2461 0
2466 1
2470 0
2475 1
2479 0
2484 1
2488 0
2493 1
2497 0
2502 1
2506 0
2511 1
2515 0
2520 1
2524 0
2529 1
2533 0
2538 1
2542 0
2547 1
2551 0
2556 1
2560 0
2565 1
2569 0
2574 1
2578 0
2583 1
2587 0
2592 1
2596 0
2601 1
2605 0
2610 1
2614 0
2619 1
2623 0
2628 1
2632 0
2637 1
2641 0
2646 1
2650 0
2655 1
2659 0
2664 1
2668 0
2673 1
2677 0
2682 1
2686 0
2691 1
2695 0
2700 1
2704 0
2709 1
2713 0
2718 1
2722 0
2727 1
2731 0
2736 1
2740 0
2745 1
2749 0
2754 1
2758 0
2763 1
2767 0
2772 1
2776 0
2781 1
2785 0
2790 1
2794 0
2799 1
2803 0
2808 1
2812 0
2817 1
2821 0
2826 1
2830 0
2835 1
2839 0
2844 1
2848 0
2853 1
2857 0
2862 1
2866 0
2871 1
2875 0
2880 1
2884 0
2889 1
2893 0
2898 1
2902 0
2907 1
2911 0
2916 1
2920 0
2925 1
2929 0
2934 1
2938 0
2943 1
2947 0
2952 1
2956 0
2961 1
2965 0
2970 1
2974 0
2979 1
2983 0
2988 1
2992 0
2997 1
3001 0
3006 1
3010 0
3015 1
3019 0
3024 1
3028 0
3033 1
3037 0
3042 1
3046 0
3051 1
3055 0
3060 1
3064 0
3069 1
3073 0
3078 1
3082 0
3087 1
3091 0
3096 1
3100 0
3105 1
3109 0
3114 1
3118 0
3123 1
3127 0
3132 1
3136 0
3141 1
3145 0
3150 1
3154 0
3159 1
3163 0
3168 1
3172 0
3177 1
3181 0
3186 1
3190 0
3195 1
3199 0
3204 1
3208 0
3213 1
3217 0
3222 1
3226 0
3231 1
3235 0
3240 1
3244 0
3249 1
3253 0
3258 1
3262 0
3267 1
3271 0
3276 1
3280 0
3285 1
3289 0
3294 1
3298 0
3303 1
3307 0
3312 1
3316 0
3321 1
3325 0
3330 1
3334 0
3339 1
3343 0
3348 1
3352 0
3357 1
3361 0
3366 1
3370 0
3375 1
3379 0
3384 1
3388 0
3393 1
3397 0
3402 1
3406 0
3411 1
3415 0
3420 1
3424 0
3429 1
3433 0
3438 1
3442 0
3447 1
3451 0
3456 1
3460 0
3465 1
3469 0
3474 1
3478 0
3483 1
3487 0
3492 1
3496 0
3501 1
3505 0
3510 1
3514 0
3519 1
3523 0
3528 1
3532 0
3537 1
3541 0
3546 1
3550 0
3555 1
3559 0
3564 1
3568 0
3573 1
3577 0
3582 1
3586 0
3591 1
3595 0
3600 1
3604 0
3609 1
3613 0
3618 1
3622 0
3627 1
3631 0
3636 1
3640 0
3645 1
3649 0
3654 1
3658 0
3663 1
3667 0
3672 1
3676 0
3681 1
3685 0
3690 1
3694 0
3699 1
3703 0
3708 1
3712 0
3717 1
3721 0
3726 1
3730 0
3735 1
3739 0
3744 1
3748 0
3753 1
3757 0
3762 1
3766 0
3771 1
3775 0
3780 1
3784 0
3789 1
3793 0
3798 1
3802 0
3807 1
3811 0
3816 1
3820 0
3825 1
3829 0
3834 1
3838 0
3843 1
3847 0
3852 1
3856 0
3861 1
3865 0
3870 1
3874 0
3879 1
3883 0
3888 1
3892 0
3897 1
3901 0
3906 1
3910 0
3915 1
3919 0
3924 1
3928 0
3933 1
3937 0
3942 1
3946 0
3951 1
3955 0
3960 1
3964 0
3969 1
3973 0
3978 1
3982 0
3987 1
3991 0
3996 1
4000 0
4005 1
4009 0
4014 1
4018 0
4023 1
4027 0
4032 1
4036 0
4041 1
4045 0
4050 1
4054 0
4059 1
4063 0
4068 1
4072 0
4077 1
4081 0
4086 1
4090 0
4095 1
4099 0
4104 1
4108 0
4113 1
4117 0
4122 1
4126 0
4131 1
4135 0
4140 1
4144 0
4149 1
4153 0
4158 1
4162 0
4167 1
4171 0
4176 1
4180 0
4185 1
4189 0
4194 1
4198 0
4203 1
4207 0
4212 1
4216 0
4221 1
4225 0
4230 1
4234 0
4239 1
4243 0
4248 1
4252 0
4257 1
4261 0
4266 1
4270 0
4275 1
4279 0
4284 1
4288 0
4293 1
4297 0
4302 1
4306 0
4311 1
4315 0
4320 1
4324 0
4329 1
4333 0
4338 1
4342 0
4347 1
4351 0
4356 1
4360 0
4365 1
4369 0
4374 1
4378 0
4383 1
4387 0
4392 1
4396 0
4401 1
4405 0
4410 1
4414 0
4419 1
4423 0
4428 1
4432 0
4437 1
4441 0
4446 1
4450 0
4455 1
4459 0
4464 1
4468 0
4473 1
4477 0
4482 1
4486 0
4491 1
4495 0
4500 1
