10000
5 1
11 0
16 1
22 0
27 1
33 0
38 1
44 0
49 1
55 0
60 1
66 0
71 1
77 0
82 1
88 0
93 1
99 0
104 1
110 0
115 1
121 0
126 1
132 0
137 1
143 0
148 1
154 0
159 1
165 0
170 1
176 0
181 1
187 0
192 1
198 0
203 1
209 0
214 1
220 0
225 1
231 0
236 1
242 0
247 1
253 0
258 1
264 0
269 1
275 0
280 1
286 0
291 1
297 0
302 1
308 0
313 1
319 0
324 1
330 0
335 1
341 0
346 1
352 0
357 1
363 0
368 1
374 0
379 1
385 0
390 1
396 0
401 1
407 0
412 1
418 0
423 1
429 0
434 1
440 0
445 1
451 0
456 1
462 0
467 1
473 0
478 1
484 0
489 1
495 0
500 1
506 0
511 1
517 0
522 1
528 0
533 1
539 0
544 1
550 0
555 1
561 0
566 1
572 0
577 1
583 0
588 1
594 0
599 1
605 0
610 1
616 0
621 1
627 0
632 1
638 0
643 1
649 0
654 1
660 0
665 1
671 0
676 1
682 0
687 1
693 0
698 1
704 0
709 1
715 0
720 1
726 0
731 1
737 0
742 1
748 0
753 1
759 0
764 1
770 0
775 1
781 0
786 1
792 0
797 1
803 0
808 1
814 0
819 1
825 0
830 1
836 0
841 1
847 0
852 1
858 0
863 1
869 0
874 1
880 0
885 1
891 0
896 1
902 0
907 1
913 0
918 1
924 0
929 1
935 0
940 1
946 0
951 1
957 0
962 1
968 0
973 1
979 0
984 1
990 0
995 1
1001 0
1006 1
1012 0
1017 1
1023 0
1028 1
1034 0
1039 1
1045 0
1050 1
1056 0
1061 1
1067 0
1072 1
1078 0
1083 1
1089 0
1094 1
1100 0
1105 1
1111 0
1116 1
1122 0
1127 1
1133 0
1138 1
1144 0
1149 1
1155 0
1160 1
1166 0
1171 1
1177 0
1182 1
1188 0
1193 1
1199 0
1204 1
1210 0
1215 1
1221 0
1226 1
1232 0
1237 1
1243 0
1248 1
1254 0
1259 1
1265 0
1270 1
1276 0
1281 1
1287 0
1292 1
1298 0
1303 1
1309 0
1314 1
1320 0
1325 1
1331 0
1336 1
1342 0
1347 1
1353 0
1358 1
1364 0
1369 1
1375 0
1380 1
1386 0
1391 1
1397 0
1402 1
1408 0
1413 1
1419 0
1424 1
1430 0
1435 1
1441 0
1446 1
1452 0
1457 1
1463 0
1468 1
1474 0
1479 1
1485 0
1490 1
1496 0
1501 1
1507 0
1512 1
1518 0
1523 1
1529 0
1534 1
1540 0
1545 1
1551 0
1556 1
1562 0
1567 1
1573 0
1578 1
1584 0
1589 1
1595 0
1600 1
1606 0
1611 1
1617 0
1622 1
1628 0
1633 1
1639 0
1644 1
1650 0
1655 1
1661 0
1666 1
1672 0
1677 1
1683 0
1688 1
1694 0
1699 1
1705 0
1710 1
1716 0
1721 1
1727 0
1732 1
1738 0
1743 1
1749 0
1754 1
1760 0
1765 1
1771 0
1776 1
1782 0
1787 1
1793 0
1798 1
1804 0
1809 1
1815 0
1820 1
1826 0
1831 1
1837 0
1842 1
1848 0
1853 1
1859 0
1864 1
1870 0
1875 1
1881 0
1886 1
1892 0
1897 1
1903 0
1908 1
1914 0
1919 1
1925 0
1930 1
1936 0
1941 1
1947 0
1952 1
1958 0
1963 1
1969 0
1974 1
1980 0
1985 1
1991 0
1996 1
2002 0
2007 1
2013 0
2018 1
2024 0
2029 1
2035 0
2040 1
2046 0
2051 1
2057 0
2062 1
2068 0
2073 1
2079 0
2084 1
2090 0
2095 1
2101 0
2106 1
2112 0
2117 1
2123 0
2128 1
2134 0
2139 1
2145 0
2150 1
2156 0
2161 1
2167 0
2172 1
2178 0
2183 1
2189 0
2194 1
2200 0
2205 1
2211 0
2216 1
2222 0
2227 1
2233 0
2238 1
2244 0
2249 1
2255 0
2260 1
2266 0
2271 1
2277 0
2282 1
2288 0
2293 1
2299 0
2304 1
2310 0
2315 1
2321 0
2326 1
2332 0
2337 1
2343 0
2348 1
2354 0
2359 1
2365 0
2370 1
2376 0
2381 1
2387 0
2392 1
2398 0
2403 1
2409 0
2414 1
2420 0
2425 1
2431 0
2436 1
2442 0
2447 1
2453 0
2458 1
2464 0
2469 1
2475 0
2480 1
2486 0
2491 1
2497 0
2502 1
2508 0
2513 1
2519 0
2524 1
2530 0
2535 1
2541 0
2546 1
2552 0
2557 1
2563 0
2568 1
2574 0
2579 1
2585 0
2590 1
2596 0
2601 1
2607 0
2612 1
2618 0
2623 1
2629 0
2634 1
2640 0
2645 1
2651 0
2656 1
2662 0
2667 1
2673 0
2678 1
2684 0
2689 1
2695 0
2700 1
2706 0
2711 1
2717 0
2722 1
2728 0
2733 1
2739 0
2744 1
2750 0
2755 1
2761 0
2766 1
2772 0
2777 1
2783 0
2788 1
2794 0
2799 1
2805 0
2810 1
2816 0
2821 1
2827 0
2832 1
2838 0
2843 1
2849 0
2854 1
2860 0
2865 1
2871 0
2876 1
2882 0
2887 1
2893 0
2898 1
2904 0
2909 1
2915 0
2920 1
2926 0
2931 1
2937 0
2942 1
2948 0
2953 1
2959 0
2964 1
2970 0
2975 1
2981 0
2986 1
2992 0
2997 1
3003 0
3008 1
3014 0
3019 1
3025 0
3030 1
3036 0
3041 1
3047 0
3052 1
3058 0
3063 1
3069 0
3074 1
3080 0
3085 1
3091 0
3096 1
3102 0
3107 1
3113 0
3118 1
3124 0
3129 1
3135 0
3140 1
3146 0
3151 1
3157 0
3162 1
3168 0
3173 1
3179 0
3184 1
3190 0
3195 1
3201 0
3206 1
3212 0
3217 1
3223 0
3228 1
3234 0
3239 1
3245 0
3250 1
3256 0
3261 1
3267 0
3272 1
3278 0
3283 1
3289 0
3294 1
3300 0
3305 1
3311 0
3316 1
3322 0
3327 1
3333 0
3338 1
3344 0
3349 1
3355 0
3360 1
3366 0
3371 1
3377 0
3382 1
3388 0
3393 1
3399 0
3404 1
3410 0
3415 1
3421 0
3426 1
3432 0
3437 1
3443 0
3448 1
3454 0
3459 1
3465 0
3470 1
3476 0
3481 1
3487 0
3492 1
3498 0
3503 1
3509 0
3514 1
3520 0
3525 1
3531 0
3536 1
3542 0
3547 1
3553 0
3558 1
3564 0
3569 1
3575 0
3580 1
3586 0
3591 1
3597 0
3602 1
3608 0
3613 1
3619 0
3624 1
3630 0
3635 1
3641 0
3646 1
3652 0
3657 1
3663 0
3668 1
3674 0
3679 1
3685 0
3690 1
3696 0
3701 1
3707 0
3712 1
3718 0
3723 1
3729 0
3734 1
3740 0
3745 1
3751 0
3756 1
3762 0
3767 1
3773 0
3778 1
3784 0
3789 1
3795 0
3800 1
3806 0
3811 1
3817 0
3822 1
3828 0
3833 1
3839 0
3844 1
3850 0
3855 1
3861 0
3866 1
3872 0
3877 1
3883 0
3888 1
3894 0
3899 1
3905 0
3910 1
3916 0
3921 1
3927 0
3932 1
3938 0
3943 1
3949 0
3954 1
3960 0
3965 1
3971 0
3976 1
3982 0
3987 1
3993 0
3998 1
4004 0
4009 1
4015 0
4020 1
4026 0
4031 1
4037 0
4042 1
4048 0
4053 1
4059 0
4064 1
4070 0
4075 1
4081 0
4086 1
4092 0
4097 1
4103 0
4108 1
4114 0
4119 1
4125 0
4130 1
4136 0
4141 1
4147 0
4152 1
4158 0
4163 1
4169 0
4174 1
4180 0
4185 1
4191 0
4196 1
4202 0
4207 1
4213 0
4218 1
4224 0
4229 1
4235 0
4240 1
4246 0
4251 1
4257 0
4262 1
4268 0
4273 1
4279 0
4284 1
4290 0
4295 1
4301 0
4306 1
4312 0
4317 1
4323 0
4328 1
4334 0
4339 1
4345 0
4350 1
4356 0
4361 1
4367 0
4372 1
4378 0
4383 1
4389 0
4394 1
4400 0
4405 1
4411 0
4416 1
4422 0
4427 1
4433 0
4438 1
4444 0
4449 1
4455 0
4460 1
4466 0
4471 1
4477 0
4482 1
4488 0
4493 1
4499 0
4504 1
4510 0
4515 1
4521 0
4526 1
4532 0
4537 1
4543 0
4548 1
4554 0
4559 1
4565 0
4570 1
4576 0
4581 1
4587 0
4592 1
4598 0
4603 1
4609 0
4614 1
4620 0
4625 1
4631 0
4636 1
4642 0
4647 1
4653 0
4658 1
4664 0
4669 1
4675 0
4680 1
4686 0
4691 1
4697 0
4702 1
4708 0
4713 1
4719 0
4724 1
4730 0
4735 1
4741 0
4746 1
4752 0
4757 1
4763 0
4768 1
4774 0
4779 1
4785 0
4790 1
4796 0
4801 1
4807 0
4812 1
4818 0
4823 1
4829 0
4834 1
4840 0
4845 1
4851 0
4856 1
4862 0
4867 1
4873 0
4878 1
4884 0
4889 1
4895 0
4900 1
4906 0
4911 1
4917 0
4922 1
4928 0
4933 1
4939 0
4944 1
4950 0
4955 1
4961 0
4966 1
4972 0
4977 1
4983 0
4988 1
4994 0
4999 1
5005 0
5010 1
5016 0
5021 1
5027 0
5032 1
5038 0
5043 1
5049 0
5054 1
5060 0
5065 1
5071 0
5076 1
5082 0
5087 1
5093 0
5098 1
5104 0
5109 1
5115 0
5120 1
5126 0
5131 1
5137 0
5142 1
5148 0
5153 1
5159 0
5164 1
5170 0
5175 1
5181 0
5186 1
5192 0
5197 1
5203 0
5208 1
5214 0
5219 1
5225 0
5230 1
5236 0
5241 1
5247 0
5252 1
5258 0
5263 1
5269 0
5274 1
5280 0
5285 1
5291 0
5296 1
5302 0
5307 1
5313 0
5318 1
5324 0
5329 1
5335 0
5340 1
5346 0
5351 1
5357 0
5362 1
5368 0
5373 1
5379 0
5384 1
5390 0
5395 1
5401 0
5406 1
5412 0
5417 1
5423 0
5428 1
5434 0
5439 1
5445 0
5450 1
5456 0
5461 1
5467 0
5472 1
5478 0
5483 1
5489 0
5494 1
5500 0
5505 1
5511 0
5516 1
5522 0
5527 1
5533 0
5538 1
5544 0
5549 1
5555 0
5560 1
5566 0
5571 1
5577 0
5582 1
5588 0
5593 1
5599 0
5604 1
5610 0
5615 1
5621 0
5626 1
5632 0
5637 1
5643 0
5648 1
5654 0
5659 1
5665 0
5670 1
5676 0
5681 1
5687 0
5692 1
5698 0
5703 1
5709 0
5714 1
5720 0
5725 1
5731 0
5736 1
5742 0
5747 1
5753 0
5758 1
5764 0
5769 1
5775 0
5780 1
5786 0
5791 1
5797 0
5802 1
5808 0
5813 1
5819 0
5824 1
5830 0
5835 1
5841 0
5846 1
5852 0
5857 1
5863 0
5868 1
5874 0
5879 1
5885 0
5890 1
5896 0
5901 1
5907 0
5912 1
5918 0
5923 1
5929 0
5934 1
5940 0
5945 1
5951 0
5956 1
5962 0
5967 1
5973 0
5978 1
5984 0
5989 1
5995 0
6000 1
6006 0
6011 1
6017 0
6022 1
6028 0
6033 1
6039 0
6044 1
6050 0
6055 1
6061 0
6066 1
6072 0
6077 1
6083 0
6088 1
6094 0
6099 1
6105 0
6110 1
6116 0
6121 1
6127 0
6132 1
6138 0
6143 1
6149 0
6154 1
6160 0
6165 1
6171 0
6176 1
6182 0
6187 1
6193 0
6198 1
6204 0
6209 1
6215 0
6220 1
6226 0
6231 1
6237 0
6242 1
6248 0
6253 1
6259 0
6264 1
6270 0
6275 1
6281 0
6286 1
6292 0
6297 1
6303 0
6308 1
6314 0
6319 1
6325 0
6330 1
6336 0
6341 1
6347 0
6352 1
6358 0
6363 1
6369 0
6374 1
6380 0
6385 1
6391 0
6396 1
6402 0
6407 1
6413 0
6418 1
6424 0
6429 1
6435 0
6440 1
6446 0
6451 1
6457 0
6462 1
6468 0
6473 1
6479 0
6484 1
6490 0
6495 1
6501 0
6506 1
6512 0
6517 1
6523 0
6528 1
6534 0
6539 1
6545 0
6550 1
6556 0
6561 1
6567 0
6572 1
6578 0
6583 1
6589 0
6594 1
6600 0
6605 1
6611 0
6616 1
6622 0
6627 1
6633 0
6638 1
6644 0
6649 1
6655 0
6660 1
6666 0
6671 1
6677 0
6682 1
6688 0
6693 1
6699 0
6704 1
6710 0
6715 1
6721 0
6726 1
6732 0
6737 1
6743 0
6748 1
6754 0
6759 1
6765 0
6770 1
6776 0
6781 1
6787 0
6792 1
6798 0
6803 1
6809 0
6814 1
6820 0
6825 1
6831 0
6836 1
6842 0
6847 1
6853 0
6858 1
6864 0
6869 1
6875 0
6880 1
6886 0
6891 1
6897 0
6902 1
6908 0
6913 1
6919 0
6924 1
6930 0
6935 1
6941 0
6946 1
6952 0
6957 1
6963 0
6968 1
6974 0
6979 1
6985 0
6990 1
6996 0
7001 1
7007 0
7012 1
7018 0
7023 1
7029 0
7034 1
7040 0
7045 1
7051 0
7056 1
7062 0
7067 1
7073 0
7078 1
7084 0
7089 1
7095 0
7100 1
7106 0
7111 1
7117 0
7122 1
7128 0
7133 1
7139 0
7144 1
7150 0
7155 1
7161 0
7166 1
7172 0
7177 1
7183 0
7188 1
7194 0
7199 1
7205 0
7210 1
7216 0
7221 1
7227 0
7232 1
7238 0
7243 1
7249 0
7254 1
7260 0
7265 1
7271 0
7276 1
7282 0
7287 1
7293 0
7298 1
7304 0
7309 1
7315 0
7320 1
7326 0
7331 1
7337 0
7342 1
7348 0
7353 1
7359 0
7364 1
7370 0
7375 1
7381 0
7386 1
7392 0
7397 1
7403 0
7408 1
7414 0
7419 1
7425 0
7430 1
7436 0
7441 1
7447 0
7452 1
7458 0
7463 1
7469 0
7474 1
7480 0
7485 1
7491 0
7496 1
7502 0
7507 1
7513 0
7518 1
7524 0
7529 1
7535 0
7540 1
7546 0
7551 1
7557 0
7562 1
7568 0
7573 1
7579 0
7584 1
7590 0
7595 1
7601 0
7606 1
7612 0
7617 1
7623 0
7628 1
7634 0
7639 1
7645 0
7650 1
7656 0
7661 1
7667 0
7672 1
7678 0
7683 1
7689 0
7694 1
7700 0
7705 1
7711 0
7716 1
7722 0
7727 1
7733 0
7738 1
7744 0
7749 1
7755 0
7760 1
7766 0
7771 1
7777 0
7782 1
7788 0
7793 1
7799 0
7804 1
7810 0
7815 1
7821 0
7826 1
7832 0
7837 1
7843 0
7848 1
7854 0
7859 1
7865 0
7870 1
7876 0
7881 1
7887 0
7892 1
7898 0
7903 1
7909 0
7914 1
7920 0
7925 1
7931 0
7936 1
7942 0
7947 1
7953 0
7958 1
7964 0
7969 1
7975 0
7980 1
7986 0
7991 1
7997 0
8002 1
8008 0
8013 1
8019 0
8024 1
8030 0
8035 1
8041 0
8046 1
8052 0
8057 1
8063 0
8068 1
8074 0
8079 1
8085 0
8090 1
8096 0
8101 1
8107 0
8112 1
8118 0
8123 1
8129 0
8134 1
8140 0
8145 1
8151 0
8156 1
8162 0
8167 1
8173 0
8178 1
8184 0
8189 1
8195 0
8200 1
8206 0
8211 1
8217 0
8222 1
8228 0
8233 1
8239 0
8244 1
8250 0
8255 1
8261 0
8266 1
8272 0
8277 1
8283 0
8288 1
8294 0
8299 1
8305 0
8310 1
8316 0
8321 1
8327 0
8332 1
8338 0
8343 1
8349 0
8354 1
8360 0
8365 1
8371 0
8376 1
8382 0
8387 1
8393 0
8398 1
8404 0
8409 1
8415 0
8420 1
8426 0
8431 1
8437 0
8442 1
8448 0
8453 1
8459 0
8464 1
8470 0
8475 1
8481 0
8486 1
8492 0
8497 1
8503 0
8508 1
8514 0
8519 1
8525 0
8530 1
8536 0
8541 1
8547 0
8552 1
8558 0
8563 1
8569 0
8574 1
8580 0
8585 1
8591 0
8596 1
8602 0
8607 1
8613 0
8618 1
8624 0
8629 1
8635 0
8640 1
8646 0
8651 1
8657 0
8662 1
8668 0
8673 1
8679 0
8684 1
8690 0
8695 1
8701 0
8706 1
8712 0
8717 1
8723 0
8728 1
8734 0
8739 1
8745 0
8750 1
8756 0
8761 1
8767 0
8772 1
8778 0
8783 1
8789 0
8794 1
8800 0
8805 1
8811 0
8816 1
8822 0
8827 1
8833 0
8838 1
8844 0
8849 1
8855 0
8860 1
8866 0
8871 1
8877 0
8882 1
8888 0
8893 1
8899 0
8904 1
8910 0
8915 1
8921 0
8926 1
8932 0
8937 1
8943 0
8948 1
8954 0
8959 1
8965 0
8970 1
8976 0
8981 1
8987 0
8992 1
8998 0
9003 1
9009 0
9014 1
9020 0
9025 1
9031 0
9036 1
9042 0
9047 1
9053 0
9058 1
9064 0
9069 1
9075 0
9080 1
9086 0
9091 1
9097 0
9102 1
9108 0
9113 1
9119 0
9124 1
9130 0
9135 1
9141 0
9146 1
9152 0
9157 1
9163 0
9168 1
9174 0
9179 1
9185 0
9190 1
9196 0
9201 1
9207 0
9212 1
9218 0
9223 1
9229 0
9234 1
9240 0
9245 1
9251 0
9256 1
9262 0
9267 1
9273 0
9278 1
9284 0
9289 1
9295 0
9300 1
9306 0
9311 1
9317 0
9322 1
9328 0
9333 1
9339 0
9344 1
9350 0
9355 1
9361 0
9366 1
9372 0
9377 1
9383 0
9388 1
9394 0
9399 1
9405 0
9410 1
9416 0
9421 1
9427 0
9432 1
9438 0
9443 1
9449 0
9454 1
9460 0
9465 1
9471 0
9476 1
9482 0
9487 1
9493 0
9498 1
9504 0
9509 1
9515 0
9520 1
9526 0
9531 1
9537 0
9542 1
9548 0
9553 1
9559 0
9564 1
9570 0
9575 1
9581 0
9586 1
9592 0
9597 1
9603 0
9608 1
9614 0
9619 1
9625 0
9630 1
9636 0
9641 1
9647 0
9652 1
9658 0
9663 1
9669 0
9674 1
9680 0
9685 1
9691 0
9696 1
9702 0
9707 1
9713 0
9718 1
9724 0
9729 1
9735 0
9740 1
9746 0
9751 1
9757 0
9762 1
9768 0
9773 1
9779 0
9784 1
9790 0
9795 1
9801 0
9806 1
9812 0
9817 1
9823 0
9828 1
9834 0
9839 1
9845 0
9850 1
9856 0
9861 1
9867 0
9872 1
9878 0
9883 1
9889 0
9894 1
9900 0
9905 1
9911 0
9916 1
9922 0
9927 1
9933 0
9938 1
9944 0
9949 1
9955 0
9960 1
9966 0
9971 1
9977 0
9982 1
9988 0
9993 1
9999 0
10004 1
10010 0
10015 1
10021 0
10026 1
10032 0
10037 1
10043 0
10048 1
10054 0
10059 1
10065 0
10070 1
10076 0
10081 1
10087 0
10092 1
10098 0
10103 1
10109 0
10114 1
10120 0
10125 1
10131 0
10136 1
10142 0
10147 1
10153 0
10158 1
10164 0
10169 1
10175 0
10180 1
10186 0
10191 1
10197 0
10202 1
10208 0
10213 1
10219 0
10224 1
10230 0
10235 1
10241 0
10246 1
10252 0
10257 1
10263 0
10268 1
10274 0
10279 1
10285 0
10290 1
10296 0
10301 1
10307 0
10312 1
10318 0
10323 1
10329 0
10334 1
10340 0
10345 1
10351 0
10356 1
10362 0
10367 1
10373 0
10378 1
10384 0
10389 1
10395 0
10400 1
10406 0
10411 1
10417 0
10422 1
10428 0
10433 1
10439 0
10444 1
10450 0
10455 1
10461 0
10466 1
10472 0
10477 1
10483 0
10488 1
10494 0
10499 1
10505 0
10510 1
10516 0
10521 1
10527 0
10532 1
10538 0
10543 1
10549 0
10554 1
10560 0
10565 1
10571 0
10576 1
10582 0
10587 1
10593 0
10598 1
10604 0
10609 1
10615 0
10620 1
10626 0
10631 1
10637 0
10642 1
10648 0
10653 1
10659 0
10664 1
10670 0
10675 1
10681 0
10686 1
10692 0
10697 1
10703 0
10708 1
10714 0
10719 1
10725 0
10730 1
10736 0
10741 1
10747 0
10752 1
10758 0
10763 1
10769 0
10774 1
10780 0
10785 1
10791 0
10796 1
10802 0
10807 1
10813 0
10818 1
10824 0
10829 1
10835 0
10840 1
10846 0
10851 1
10857 0
10862 1
10868 0
10873 1
10879 0
10884 1
10890 0
10895 1
10901 0
10906 1
10912 0
10917 1
10923 0
10928 1
10934 0
10939 1
10945 0
10950 1
10956 0
10961 1
10967 0
10972 1
10978 0
10983 1
10989 0
10994 1
11000 0
11005 1
11011 0
11016 1
11022 0
11027 1
11033 0
11038 1
11044 0
11049 1
11055 0
11060 1
11066 0
11071 1
11077 0
11082 1
11088 0
11093 1
11099 0
11104 1
11110 0
11115 1
11121 0
11126 1
11132 0
11137 1
11143 0
11148 1
11154 0
11159 1
11165 0
11170 1
11176 0
11181 1
11187 0
11192 1
11198 0
11203 1
11209 0
11214 1
11220 0
11225 1
11231 0
11236 1
11242 0
11247 1
11253 0
11258 1
11264 0
11269 1
11275 0
11280 1
11286 0
11291 1
11297 0
11302 1
11308 0
11313 1
11319 0
11324 1
11330 0
11335 1
11341 0
11346 1
11352 0
11357 1
11363 0
11368 1
11374 0
11379 1
11385 0
11390 1
11396 0
11401 1
11407 0
11412 1
11418 0
11423 1
11429 0
11434 1
11440 0
11445 1
11451 0
11456 1
11462 0
11467 1
11473 0
11478 1
11484 0
11489 1
11495 0
11500 1
11506 0
11511 1
11517 0
11522 1
11528 0
11533 1
11539 0
11544 1
11550 0
11555 1
11561 0
11566 1
11572 0
11577 1
11583 0
11588 1
11594 0
11599 1
11605 0
11610 1
11616 0
11621 1
11627 0
11632 1
11638 0
11643 1
11649 0
11654 1
11660 0
11665 1
11671 0
11676 1
11682 0
11687 1
11693 0
11698 1
11704 0
11709 1
11715 0
11720 1
11726 0
11731 1
11737 0
11742 1
11748 0
11753 1
11759 0
11764 1
11770 0
11775 1
11781 0
11786 1
11792 0
11797 1
11803 0
11808 1
11814 0
11819 1
11825 0
11830 1
11836 0
11841 1
11847 0
11852 1
11858 0
11863 1
11869 0
11874 1
11880 0
11885 1
11891 0
11896 1
11902 0
11907 1
11913 0
11918 1
11924 0
11929 1
11935 0
11940 1
11946 0
11951 1
11957 0
11962 1
11968 0
11973 1
11979 0
11984 1
11990 0
11995 1
12001 0
12006 1
12012 0
12017 1
12023 0
12028 1
12034 0
12039 1
12045 0
12050 1
12056 0
12061 1
12067 0
12072 1
12078 0
12083 1
12089 0
12094 1
12100 0
12105 1
12111 0
12116 1
12122 0
12127 1
12133 0
12138 1
12144 0
12149 1
12155 0
12160 1
12166 0
12171 1
12177 0
12182 1
12188 0
12193 1
12199 0
12204 1
12210 0
12215 1
12221 0
12226 1
12232 0
12237 1
12243 0
12248 1
12254 0
12259 1
12265 0
12270 1
12276 0
12281 1
12287 0
12292 1
12298 0
12303 1
12309 0
12314 1
12320 0
12325 1
12331 0
12336 1
12342 0
12347 1
12353 0
12358 1
12364 0
12369 1
12375 0
12380 1
12386 0
12391 1
12397 0
12402 1
12408 0
12413 1
12419 0
12424 1
12430 0
12435 1
12441 0
12446 1
12452 0
12457 1
12463 0
12468 1
12474 0
12479 1
12485 0
12490 1
12496 0
12501 1
12507 0
12512 1
12518 0
12523 1
12529 0
12534 1
12540 0
12545 1
12551 0
12556 1
12562 0
12567 1
12573 0
12578 1
12584 0
12589 1
12595 0
12600 1
12606 0
12611 1
12617 0
12622 1
12628 0
12633 1
12639 0
12644 1
12650 0
12655 1
12661 0
12666 1
12672 0
12677 1
12683 0
12688 1
12694 0
12699 1
12705 0
12710 1
12716 0
12721 1
12727 0
12732 1
12738 0
12743 1
12749 0
12754 1
12760 0
12765 1
12771 0
12776 1
12782 0
12787 1
12793 0
12798 1
12804 0
12809 1
12815 0
12820 1
12826 0
12831 1
12837 0
12842 1
12848 0
12853 1
12859 0
12864 1
12870 0
12875 1
12881 0
12886 1
12892 0
12897 1
12903 0
12908 1
12914 0
12919 1
12925 0
12930 1
12936 0
12941 1
12947 0
12952 1
12958 0
12963 1
12969 0
12974 1
12980 0
12985 1
12991 0
12996 1
13002 0
13007 1
13013 0
13018 1
13024 0
13029 1
13035 0
13040 1
13046 0
13051 1
13057 0
13062 1
13068 0
13073 1
13079 0
13084 1
13090 0
13095 1
13101 0
13106 1
13112 0
13117 1
13123 0
13128 1
13134 0
13139 1
13145 0
13150 1
13156 0
13161 1
13167 0
13172 1
13178 0
13183 1
13189 0
13194 1
13200 0
13205 1
13211 0
13216 1
13222 0
13227 1
13233 0
13238 1
13244 0
13249 1
13255 0
13260 1
13266 0
13271 1
13277 0
13282 1
13288 0
13293 1
13299 0
13304 1
13310 0
13315 1
13321 0
13326 1
13332 0
13337 1
13343 0
13348 1
13354 0
13359 1
13365 0
13370 1
13376 0
13381 1
13387 0
13392 1
13398 0
13403 1
13409 0
13414 1
13420 0
13425 1
13431 0
13436 1
13442 0
13447 1
13453 0
13458 1
13464 0
13469 1
13475 0
13480 1
13486 0
13491 1
13497 0
13502 1
13508 0
13513 1
13519 0
13524 1
13530 0
13535 1
13541 0
13546 1
13552 0
13557 1
13563 0
13568 1
13574 0
13579 1
13585 0
13590 1
13596 0
13601 1
13607 0
13612 1
13618 0
13623 1
13629 0
13634 1
13640 0
13645 1
13651 0
13656 1
13662 0
13667 1
13673 0
13678 1
13684 0
13689 1
13695 0
13700 1
13706 0
13711 1
13717 0
13722 1
13728 0
13733 1
13739 0
13744 1
13750 0
13755 1
13761 0
13766 1
13772 0
13777 1
13783 0
13788 1
13794 0
13799 1
13805 0
13810 1
13816 0
13821 1
13827 0
13832 1
13838 0
13843 1
13849 0
13854 1
13860 0
13865 1
13871 0
13876 1
13882 0
13887 1
13893 0
13898 1
13904 0
13909 1
13915 0
13920 1
13926 0
13931 1
13937 0
13942 1
13948 0
13953 1
13959 0
13964 1
13970 0
13975 1
13981 0
13986 1
13992 0
13997 1
14003 0
14008 1
14014 0
14019 1
14025 0
14030 1
14036 0
14041 1
14047 0
14052 1
14058 0
14063 1
14069 0
14074 1
14080 0
14085 1
14091 0
14096 1
14102 0
14107 1
14113 0
14118 1
14124 0
14129 1
14135 0
14140 1
14146 0
14151 1
14157 0
14162 1
14168 0
14173 1
14179 0
14184 1
14190 0
14195 1
14201 0
14206 1
14212 0
14217 1
14223 0
14228 1
14234 0
14239 1
14245 0
14250 1
14256 0
14261 1
14267 0
14272 1
14278 0
14283 1
14289 0
14294 1
14300 0
14305 1
14311 0
14316 1
14322 0
14327 1
14333 0
14338 1
14344 0
14349 1
14355 0
14360 1
14366 0
14371 1
14377 0
14382 1
14388 0
14393 1
14399 0
14404 1
14410 0
14415 1
14421 0
14426 1
14432 0
14437 1
14443 0
14448 1
14454 0
14459 1
14465 0
14470 1
14476 0
14481 1
14487 0
14492 1
14498 0
14503 1
14509 0
14514 1
14520 0
14525 1
14531 0
14536 1
14542 0
14547 1
14553 0
14558 1
14564 0
14569 1
14575 0
14580 1
14586 0
14591 1
14597 0
14602 1
14608 0
14613 1
14619 0
14624 1
14630 0
14635 1
14641 0
14646 1
14652 0
14657 1
14663 0
14668 1
14674 0
14679 1
14685 0
14690 1
14696 0
14701 1
14707 0
14712 1
14718 0
14723 1
14729 0
14734 1
14740 0
14745 1
14751 0
14756 1
14762 0
14767 1
14773 0
14778 1
14784 0
14789 1
14795 0
14800 1
14806 0
14811 1
14817 0
14822 1
14828 0
14833 1
14839 0
14844 1
14850 0
14855 1
14861 0
14866 1
14872 0
14877 1
14883 0
14888 1
14894 0
14899 1
14905 0
14910 1
14916 0
14921 1
14927 0
14932 1
14938 0
14943 1
14949 0
14954 1
14960 0
14965 1
14971 0
14976 1
14982 0
14987 1
14993 0
14998 1
15004 0
15009 1
15015 0
15020 1
15026 0
15031 1
15037 0
15042 1
15048 0
15053 1
15059 0
15064 1
15070 0
15075 1
15081 0
15086 1
15092 0
15097 1
15103 0
15108 1
15114 0
15119 1
15125 0
15130 1
15136 0
15141 1
15147 0
15152 1
15158 0
15163 1
15169 0
15174 1
15180 0
15185 1
15191 0
15196 1
15202 0
15207 1
15213 0
15218 1
15224 0
15229 1
15235 0
15240 1
15246 0
15251 1
15257 0
15262 1
15268 0
15273 1
15279 0
15284 1
15290 0
15295 1
15301 0
15306 1
15312 0
15317 1
15323 0
15328 1
15334 0
15339 1
15345 0
15350 1
15356 0
15361 1
15367 0
15372 1
15378 0
15383 1
15389 0
15394 1
15400 0
15405 1
15411 0
15416 1
15422 0
15427 1
15433 0
15438 1
15444 0
15449 1
15455 0
15460 1
15466 0
15471 1
15477 0
15482 1
15488 0
15493 1
15499 0
15504 1
15510 0
15515 1
15521 0
15526 1
15532 0
15537 1
15543 0
15548 1
15554 0
15559 1
15565 0
15570 1
15576 0
15581 1
15587 0
15592 1
15598 0
15603 1
15609 0
15614 1
15620 0
15625 1
15631 0
15636 1
15642 0
15647 1
15653 0
15658 1
15664 0
15669 1
15675 0
15680 1
15686 0
15691 1
15697 0
15702 1
15708 0
15713 1
15719 0
15724 1
15730 0
15735 1
15741 0
15746 1
15752 0
15757 1
15763 0
15768 1
15774 0
15779 1
15785 0
15790 1
15796 0
15801 1
15807 0
15812 1
15818 0
15823 1
15829 0
15834 1
15840 0
15845 1
15851 0
15856 1
15862 0
15867 1
15873 0
15878 1
15884 0
15889 1
15895 0
15900 1
15906 0
15911 1
15917 0
15922 1
15928 0
15933 1
15939 0
15944 1
15950 0
15955 1
15961 0
15966 1
15972 0
15977 1
15983 0
15988 1
15994 0
15999 1
16005 0
16010 1
16016 0
16021 1
16027 0
16032 1
16038 0
16043 1
16049 0
16054 1
16060 0
16065 1
16071 0
16076 1
16082 0
16087 1
16093 0
16098 1
16104 0
16109 1
16115 0
16120 1
16126 0
16131 1
16137 0
16142 1
16148 0
16153 1
16159 0
16164 1
16170 0
16175 1
16181 0
16186 1
16192 0
16197 1
16203 0
16208 1
16214 0
16219 1
16225 0
16230 1
16236 0
16241 1
16247 0
16252 1
16258 0
16263 1
16269 0
16274 1
16280 0
16285 1
16291 0
16296 1
16302 0
16307 1
16313 0
16318 1
16324 0
16329 1
16335 0
16340 1
16346 0
16351 1
16357 0
16362 1
16368 0
16373 1
16379 0
16384 1
16390 0
16395 1
16401 0
16406 1
16412 0
16417 1
16423 0
16428 1
16434 0
16439 1
16445 0
16450 1
16456 0
16461 1
16467 0
16472 1
16478 0
16483 1
16489 0
16494 1
16500 0
16505 1
16511 0
16516 1
16522 0
16527 1
16533 0
16538 1
16544 0
16549 1
16555 0
16560 1
16566 0
16571 1
16577 0
16582 1
16588 0
16593 1
16599 0
16604 1
16610 0
16615 1
16621 0
16626 1
16632 0
16637 1
16643 0
16648 1
16654 0
16659 1
16665 0
16670 1
16676 0
16681 1
16687 0
16692 1
16698 0
16703 1
16709 0
16714 1
16720 0
16725 1
16731 0
16736 1
16742 0
16747 1
16753 0
16758 1
16764 0
16769 1
16775 0
16780 1
16786 0
16791 1
16797 0
16802 1
16808 0
16813 1
16819 0
16824 1
16830 0
16835 1
16841 0
16846 1
16852 0
16857 1
16863 0
16868 1
16874 0
16879 1
16885 0
16890 1
16896 0
16901 1
16907 0
16912 1
16918 0
16923 1
16929 0
16934 1
16940 0
16945 1
16951 0
16956 1
16962 0
16967 1
16973 0
16978 1
16984 0
16989 1
16995 0
17000 1
17006 0
17011 1
17017 0
17022 1
17028 0
17033 1
17039 0
17044 1
17050 0
17055 1
17061 0
17066 1
17072 0
17077 1
17083 0
17088 1
17094 0
17099 1
17105 0
17110 1
17116 0
17121 1
17127 0
17132 1
17138 0
17143 1
17149 0
17154 1
17160 0
17165 1
17171 0
17176 1
17182 0
17187 1
17193 0
17198 1
17204 0
17209 1
17215 0
17220 1
17226 0
17231 1
17237 0
17242 1
17248 0
17253 1
17259 0
17264 1
17270 0
17275 1
17281 0
17286 1
17292 0
17297 1
17303 0
17308 1
17314 0
17319 1
17325 0
17330 1
17336 0
17341 1
17347 0
17352 1
17358 0
17363 1
17369 0
17374 1
17380 0
17385 1
17391 0
17396 1
17402 0
17407 1
17413 0
17418 1
17424 0
17429 1
17435 0
17440 1
17446 0
17451 1
17457 0
17462 1
17468 0
17473 1
17479 0
17484 1
17490 0
17495 1
17501 0
17506 1
17512 0
17517 1
17523 0
17528 1
17534 0
17539 1
17545 0
17550 1
17556 0
17561 1
17567 0
17572 1
17578 0
17583 1
17589 0
17594 1
17600 0
17605 1
17611 0
17616 1
17622 0
17627 1
17633 0
17638 1
17644 0
17649 1
17655 0
17660 1
17666 0
17671 1
17677 0
17682 1
17688 0
17693 1
17699 0
17704 1
17710 0
17715 1
17721 0
17726 1
17732 0
17737 1
17743 0
17748 1
17754 0
17759 1
17765 0
17770 1
17776 0
17781 1
17787 0
17792 1
17798 0
17803 1
17809 0
17814 1
17820 0
17825 1
17831 0
17836 1
17842 0
17847 1
17853 0
17858 1
17864 0
17869 1
17875 0
17880 1
17886 0
17891 1
17897 0
17902 1
17908 0
17913 1
17919 0
17924 1
17930 0
17935 1
17941 0
17946 1
17952 0
17957 1
17963 0
17968 1
17974 0
17979 1
17985 0
17990 1
17996 0
18001 1
18007 0
18012 1
18018 0
18023 1
18029 0
18034 1
18040 0
18045 1
18051 0
18056 1
18062 0
18067 1
18073 0
18078 1
18084 0
18089 1
18095 0
18100 1
18106 0
18111 1
18117 0
18122 1
18128 0
18133 1
18139 0
18144 1
18150 0
18155 1
18161 0
18166 1
18172 0
18177 1
18183 0
18188 1
18194 0
18199 1
18205 0
18210 1
18216 0
18221 1
18227 0
18232 1
18238 0
18243 1
18249 0
18254 1
18260 0
18265 1
18271 0
18276 1
18282 0
18287 1
18293 0
18298 1
18304 0
18309 1
18315 0
18320 1
18326 0
18331 1
18337 0
18342 1
18348 0
18353 1
18359 0
18364 1
18370 0
18375 1
18381 0
18386 1
18392 0
18397 1
18403 0
18408 1
18414 0
18419 1
18425 0
18430 1
18436 0
18441 1
18447 0
18452 1
18458 0
18463 1
18469 0
18474 1
18480 0
18485 1
18491 0
18496 1
18502 0
18507 1
18513 0
18518 1
18524 0
18529 1
18535 0
18540 1
18546 0
18551 1
18557 0
18562 1
18568 0
18573 1
18579 0
18584 1
18590 0
18595 1
18601 0
18606 1
18612 0
18617 1
18623 0
18628 1
18634 0
18639 1
18645 0
18650 1
18656 0
18661 1
18667 0
18672 1
18678 0
18683 1
18689 0
18694 1
18700 0
18705 1
18711 0
18716 1
18722 0
18727 1
18733 0
18738 1
18744 0
18749 1
18755 0
18760 1
18766 0
18771 1
18777 0
18782 1
18788 0
18793 1
18799 0
18804 1
18810 0
18815 1
18821 0
18826 1
18832 0
18837 1
18843 0
18848 1
18854 0
18859 1
18865 0
18870 1
18876 0
18881 1
18887 0
18892 1
18898 0
18903 1
18909 0
18914 1
18920 0
18925 1
18931 0
18936 1
18942 0
18947 1
18953 0
18958 1
18964 0
18969 1
18975 0
18980 1
18986 0
18991 1
18997 0
19002 1
19008 0
19013 1
19019 0
19024 1
19030 0
19035 1
19041 0
19046 1
19052 0
19057 1
19063 0
19068 1
19074 0
19079 1
19085 0
19090 1
19096 0
19101 1
19107 0
19112 1
19118 0
19123 1
19129 0
19134 1
19140 0
19145 1
19151 0
19156 1
19162 0
19167 1
19173 0
19178 1
19184 0
19189 1
19195 0
19200 1
19206 0
19211 1
19217 0
19222 1
19228 0
19233 1
19239 0
19244 1
19250 0
19255 1
19261 0
19266 1
19272 0
19277 1
19283 0
19288 1
19294 0
19299 1
19305 0
19310 1
19316 0
19321 1
19327 0
19332 1
19338 0
19343 1
19349 0
19354 1
19360 0
19365 1
19371 0
19376 1
19382 0
19387 1
19393 0
19398 1
19404 0
19409 1
19415 0
19420 1
19426 0
19431 1
19437 0
19442 1
19448 0
19453 1
19459 0
19464 1
19470 0
19475 1
19481 0
19486 1
19492 0
19497 1
19503 0
19508 1
19514 0
19519 1
19525 0
19530 1
19536 0
19541 1
19547 0
19552 1
19558 0
19563 1
19569 0
19574 1
19580 0
19585 1
19591 0
19596 1
19602 0
19607 1
19613 0
19618 1
19624 0
19629 1
19635 0
19640 1
19646 0
19651 1
19657 0
19662 1
19668 0
19673 1
19679 0
19684 1
19690 0
19695 1
19701 0
19706 1
19712 0
19717 1
19723 0
19728 1
19734 0
19739 1
19745 0
19750 1
19756 0
19761 1
19767 0
19772 1
19778 0
19783 1
19789 0
19794 1
19800 0
19805 1
19811 0
19816 1
19822 0
19827 1
19833 0
19838 1
19844 0
19849 1
19855 0
19860 1
19866 0
19871 1
19877 0
19882 1
19888 0
19893 1
19899 0
19904 1
19910 0
19915 1
19921 0
19926 1
19932 0
19937 1
19943 0
19948 1
19954 0
19959 1
19965 0
19970 1
19976 0
19981 1
19987 0
19992 1
19998 0
20003 1
20009 0
20014 1
20020 0
20025 1
20031 0
20036 1
20042 0
20047 1
20053 0
20058 1
20064 0
20069 1
20075 0
20080 1
20086 0
20091 1
20097 0
20102 1
20108 0
20113 1
20119 0
20124 1
20130 0
20135 1
20141 0
20146 1
20152 0
20157 1
20163 0
20168 1
20174 0
20179 1
20185 0
20190 1
20196 0
20201 1
20207 0
20212 1
20218 0
20223 1
20229 0
20234 1
20240 0
20245 1
20251 0
20256 1
20262 0
20267 1
20273 0
20278 1
20284 0
20289 1
20295 0
20300 1
20306 0
20311 1
20317 0
20322 1
20328 0
20333 1
20339 0
20344 1
20350 0
20355 1
20361 0
20366 1
20372 0
20377 1
20383 0
20388 1
20394 0
20399 1
20405 0
20410 1
20416 0
20421 1
20427 0
20432 1
20438 0
20443 1
20449 0
20454 1
20460 0
20465 1
20471 0
20476 1
20482 0
20487 1
20493 0
20498 1
20504 0
20509 1
20515 0
20520 1
20526 0
20531 1
20537 0
20542 1
20548 0
20553 1
20559 0
20564 1
20570 0
20575 1
20581 0
20586 1
20592 0
20597 1
20603 0
20608 1
20614 0
20619 1
20625 0
20630 1
20636 0
20641 1
20647 0
20652 1
20658 0
20663 1
20669 0
20674 1
20680 0
20685 1
20691 0
20696 1
20702 0
20707 1
20713 0
20718 1
20724 0
20729 1
20735 0
20740 1
20746 0
20751 1
20757 0
20762 1
20768 0
20773 1
20779 0
20784 1
20790 0
20795 1
20801 0
20806 1
20812 0
20817 1
20823 0
20828 1
20834 0
20839 1
20845 0
20850 1
20856 0
20861 1
20867 0
20872 1
20878 0
20883 1
20889 0
20894 1
20900 0
20905 1
20911 0
20916 1
20922 0
20927 1
20933 0
20938 1
20944 0
20949 1
20955 0
20960 1
20966 0
20971 1
20977 0
20982 1
20988 0
20993 1
20999 0
21004 1
21010 0
21015 1
21021 0
21026 1
21032 0
21037 1
21043 0
21048 1
21054 0
21059 1
21065 0
21070 1
21076 0
21081 1
21087 0
21092 1
21098 0
21103 1
21109 0
21114 1
21120 0
21125 1
21131 0
21136 1
21142 0
21147 1
21153 0
21158 1
21164 0
21169 1
21175 0
21180 1
21186 0
21191 1
21197 0
21202 1
21208 0
21213 1
21219 0
21224 1
21230 0
21235 1
21241 0
21246 1
21252 0
21257 1
21263 0
21268 1
21274 0
21279 1
21285 0
21290 1
21296 0
21301 1
21307 0
21312 1
21318 0
21323 1
21329 0
21334 1
21340 0
21345 1
21351 0
21356 1
21362 0
21367 1
21373 0
21378 1
21384 0
21389 1
21395 0
21400 1
21406 0
21411 1
21417 0
21422 1
21428 0
21433 1
21439 0
21444 1
21450 0
21455 1
21461 0
21466 1
21472 0
21477 1
21483 0
21488 1
21494 0
21499 1
21505 0
21510 1
21516 0
21521 1
21527 0
21532 1
21538 0
21543 1
21549 0
21554 1
21560 0
21565 1
21571 0
21576 1
21582 0
21587 1
21593 0
21598 1
21604 0
21609 1
21615 0
21620 1
21626 0
21631 1
21637 0
21642 1
21648 0
21653 1
21659 0
21664 1
21670 0
21675 1
21681 0
21686 1
21692 0
21697 1
21703 0
21708 1
21714 0
21719 1
21725 0
21730 1
21736 0
21741 1
21747 0
21752 1
21758 0
21763 1
21769 0
21774 1
21780 0
21785 1
21791 0
21796 1
21802 0
21807 1
21813 0
21818 1
21824 0
21829 1
21835 0
21840 1
21846 0
21851 1
21857 0
21862 1
21868 0
21873 1
21879 0
21884 1
21890 0
21895 1
21901 0
21906 1
21912 0
21917 1
21923 0
21928 1
21934 0
21939 1
21945 0
21950 1
21956 0
21961 1
21967 0
21972 1
21978 0
21983 1
21989 0
21994 1
22000 0
22005 1
22011 0
22016 1
22022 0
22027 1
22033 0
22038 1
22044 0
22049 1
22055 0
22060 1
22066 0
22071 1
22077 0
22082 1
22088 0
22093 1
22099 0
22104 1
22110 0
22115 1
22121 0
22126 1
22132 0
22137 1
22143 0
22148 1
22154 0
22159 1
22165 0
22170 1
22176 0
22181 1
22187 0
22192 1
22198 0
22203 1
22209 0
22214 1
22220 0
22225 1
22231 0
22236 1
22242 0
22247 1
22253 0
22258 1
22264 0
22269 1
22275 0
22280 1
22286 0
22291 1
22297 0
22302 1
22308 0
22313 1
22319 0
22324 1
22330 0
22335 1
22341 0
22346 1
22352 0
22357 1
22363 0
22368 1
22374 0
22379 1
22385 0
22390 1
22396 0
22401 1
22407 0
22412 1
22418 0
22423 1
22429 0
22434 1
22440 0
22445 1
22451 0
22456 1
22462 0
22467 1
22473 0
22478 1
22484 0
22489 1
22495 0
22500 1
22506 0
22511 1
22517 0
22522 1
22528 0
22533 1
22539 0
22544 1
22550 0
22555 1
22561 0
22566 1
22572 0
22577 1
22583 0
22588 1
22594 0
22599 1
22605 0
22610 1
22616 0
22621 1
22627 0
22632 1
22638 0
22643 1
22649 0
22654 1
22660 0
22665 1
22671 0
22676 1
22682 0
22687 1
22693 0
22698 1
22704 0
22709 1
22715 0
22720 1
22726 0
22731 1
22737 0
22742 1
22748 0
22753 1
22759 0
22764 1
22770 0
22775 1
22781 0
22786 1
22792 0
22797 1
22803 0
22808 1
22814 0
22819 1
22825 0
22830 1
22836 0
22841 1
22847 0
22852 1
22858 0
22863 1
22869 0
22874 1
22880 0
22885 1
22891 0
22896 1
22902 0
22907 1
22913 0
22918 1
22924 0
22929 1
22935 0
22940 1
22946 0
22951 1
22957 0
22962 1
22968 0
22973 1
22979 0
22984 1
22990 0
22995 1
23001 0
23006 1
23012 0
23017 1
23023 0
23028 1
23034 0
23039 1
23045 0
23050 1
23056 0
23061 1
23067 0
23072 1
23078 0
23083 1
23089 0
23094 1
23100 0
23105 1
23111 0
23116 1
23122 0
23127 1
23133 0
23138 1
23144 0
23149 1
23155 0
23160 1
23166 0
23171 1
23177 0
23182 1
23188 0
23193 1
23199 0
23204 1
23210 0
23215 1
23221 0
23226 1
23232 0
23237 1
23243 0
23248 1
23254 0
23259 1
23265 0
23270 1
23276 0
23281 1
23287 0
23292 1
23298 0
23303 1
23309 0
23314 1
23320 0
23325 1
23331 0
23336 1
23342 0
23347 1
23353 0
23358 1
23364 0
23369 1
23375 0
23380 1
23386 0
23391 1
23397 0
23402 1
23408 0
23413 1
23419 0
23424 1
23430 0
23435 1
23441 0
23446 1
23452 0
23457 1
23463 0
23468 1
23474 0
23479 1
23485 0
23490 1
23496 0
23501 1
23507 0
23512 1
23518 0
23523 1
23529 0
23534 1
23540 0
23545 1
23551 0
23556 1
23562 0
23567 1
23573 0
23578 1
23584 0
23589 1
23595 0
23600 1
23606 0
23611 1
23617 0
23622 1
23628 0
23633 1
23639 0
23644 1
23650 0
23655 1
23661 0
23666 1
23672 0
23677 1
23683 0
23688 1
23694 0
23699 1
23705 0
23710 1
23716 0
23721 1
23727 0
23732 1
23738 0
23743 1
23749 0
23754 1
23760 0
23765 1
23771 0
23776 1
23782 0
23787 1
23793 0
23798 1
23804 0
23809 1
23815 0
23820 1
23826 0
23831 1
23837 0
23842 1
23848 0
23853 1
23859 0
23864 1
23870 0
23875 1
23881 0
23886 1
23892 0
23897 1
23903 0
23908 1
23914 0
23919 1
23925 0
23930 1
23936 0
23941 1
23947 0
23952 1
23958 0
23963 1
23969 0
23974 1
23980 0
23985 1
23991 0
23996 1
24002 0
24007 1
24013 0
24018 1
24024 0
24029 1
24035 0
24040 1
24046 0
24051 1
24057 0
24062 1
24068 0
24073 1
24079 0
24084 1
24090 0
24095 1
24101 0
24106 1
24112 0
24117 1
24123 0
24128 1
24134 0
24139 1
24145 0
24150 1
24156 0
24161 1
24167 0
24172 1
24178 0
24183 1
24189 0
24194 1
24200 0
24205 1
24211 0
24216 1
24222 0
24227 1
24233 0
24238 1
24244 0
24249 1
24255 0
24260 1
24266 0
24271 1
24277 0
24282 1
24288 0
24293 1
24299 0
24304 1
24310 0
24315 1
24321 0
24326 1
24332 0
24337 1
24343 0
24348 1
24354 0
24359 1
24365 0
24370 1
24376 0
24381 1
24387 0
24392 1
24398 0
24403 1
24409 0
24414 1
24420 0
24425 1
24431 0
24436 1
24442 0
24447 1
24453 0
24458 1
24464 0
24469 1
24475 0
24480 1
24486 0
24491 1
24497 0
24502 1
24508 0
24513 1
24519 0
24524 1
24530 0
24535 1
24541 0
24546 1
24552 0
24557 1
24563 0
24568 1
24574 0
24579 1
24585 0
24590 1
24596 0
24601 1
24607 0
24612 1
24618 0
24623 1
24629 0
24634 1
24640 0
24645 1
24651 0
24656 1
24662 0
24667 1
24673 0
24678 1
24684 0
24689 1
24695 0
24700 1
24706 0
24711 1
24717 0
24722 1
24728 0
24733 1
24739 0
24744 1
24750 0
24755 1
24761 0
24766 1
24772 0
24777 1
24783 0
24788 1
24794 0
24799 1
24805 0
24810 1
24816 0
24821 1
24827 0
24832 1
24838 0
24843 1
24849 0
24854 1
24860 0
24865 1
24871 0
24876 1
24882 0
24887 1
24893 0
24898 1
24904 0
24909 1
24915 0
24920 1
24926 0
24931 1
24937 0
24942 1
24948 0
24953 1
24959 0
24964 1
24970 0
24975 1
24981 0
24986 1
24992 0
24997 1
25003 0
25008 1
25014 0
25019 1
25025 0
25030 1
25036 0
25041 1
25047 0
25052 1
25058 0
25063 1
25069 0
25074 1
25080 0
25085 1
25091 0
25096 1
25102 0
25107 1
25113 0
25118 1
25124 0
25129 1
25135 0
25140 1
25146 0
25151 1
25157 0
25162 1
25168 0
25173 1
25179 0
25184 1
25190 0
25195 1
25201 0
25206 1
25212 0
25217 1
25223 0
25228 1
25234 0
25239 1
25245 0
25250 1
25256 0
25261 1
25267 0
25272 1
25278 0
25283 1
25289 0
25294 1
25300 0
25305 1
25311 0
25316 1
25322 0
25327 1
25333 0
25338 1
25344 0
25349 1
25355 0
25360 1
25366 0
25371 1
25377 0
25382 1
25388 0
25393 1
25399 0
25404 1
25410 0
25415 1
25421 0
25426 1
25432 0
25437 1
25443 0
25448 1
25454 0
25459 1
25465 0
25470 1
25476 0
25481 1
25487 0
25492 1
25498 0
25503 1
25509 0
25514 1
25520 0
25525 1
25531 0
25536 1
25542 0
25547 1
25553 0
25558 1
25564 0
25569 1
25575 0
25580 1
25586 0
25591 1
25597 0
25602 1
25608 0
25613 1
25619 0
25624 1
25630 0
25635 1
25641 0
25646 1
25652 0
25657 1
25663 0
25668 1
25674 0
25679 1
25685 0
25690 1
25696 0
25701 1
25707 0
25712 1
25718 0
25723 1
25729 0
25734 1
25740 0
25745 1
25751 0
25756 1
25762 0
25767 1
25773 0
25778 1
25784 0
25789 1
25795 0
25800 1
25806 0
25811 1
25817 0
25822 1
25828 0
25833 1
25839 0
25844 1
25850 0
25855 1
25861 0
25866 1
25872 0
25877 1
25883 0
25888 1
25894 0
25899 1
25905 0
25910 1
25916 0
25921 1
25927 0
25932 1
25938 0
25943 1
25949 0
25954 1
25960 0
25965 1
25971 0
25976 1
25982 0
25987 1
25993 0
25998 1
26004 0
26009 1
26015 0
26020 1
26026 0
26031 1
26037 0
26042 1
26048 0
26053 1
26059 0
26064 1
26070 0
26075 1
26081 0
26086 1
26092 0
26097 1
26103 0
26108 1
26114 0
26119 1
26125 0
26130 1
26136 0
26141 1
26147 0
26152 1
26158 0
26163 1
26169 0
26174 1
26180 0
26185 1
26191 0
26196 1
26202 0
26207 1
26213 0
26218 1
26224 0
26229 1
26235 0
26240 1
26246 0
26251 1
26257 0
26262 1
26268 0
26273 1
26279 0
26284 1
26290 0
26295 1
26301 0
26306 1
26312 0
26317 1
26323 0
26328 1
26334 0
26339 1
26345 0
26350 1
26356 0
26361 1
26367 0
26372 1
26378 0
26383 1
26389 0
26394 1
26400 0
26405 1
26411 0
26416 1
26422 0
26427 1
26433 0
26438 1
26444 0
26449 1
26455 0
26460 1
26466 0
26471 1
26477 0
26482 1
26488 0
26493 1
26499 0
26504 1
26510 0
26515 1
26521 0
26526 1
26532 0
26537 1
26543 0
26548 1
26554 0
26559 1
26565 0
26570 1
26576 0
26581 1
26587 0
26592 1
26598 0
26603 1
26609 0
26614 1
26620 0
26625 1
26631 0
26636 1
26642 0
26647 1
26653 0
26658 1
26664 0
26669 1
26675 0
26680 1
26686 0
26691 1
26697 0
26702 1
26708 0
26713 1
26719 0
26724 1
26730 0
26735 1
26741 0
26746 1
26752 0
26757 1
26763 0
26768 1
26774 0
26779 1
26785 0
26790 1
26796 0
26801 1
26807 0
26812 1
26818 0
26823 1
26829 0
26834 1
26840 0
26845 1
26851 0
26856 1
26862 0
26867 1
26873 0
26878 1
26884 0
26889 1
26895 0
26900 1
26906 0
26911 1
26917 0
26922 1
26928 0
26933 1
26939 0
26944 1
26950 0
26955 1
26961 0
26966 1
26972 0
26977 1
26983 0
26988 1
26994 0
26999 1
27005 0
27010 1
27016 0
27021 1
27027 0
27032 1
27038 0
27043 1
27049 0
27054 1
27060 0
27065 1
27071 0
27076 1
27082 0
27087 1
27093 0
27098 1
27104 0
27109 1
27115 0
27120 1
27126 0
27131 1
27137 0
27142 1
27148 0
27153 1
27159 0
27164 1
27170 0
27175 1
27181 0
27186 1
27192 0
27197 1
27203 0
27208 1
27214 0
27219 1
27225 0
27230 1
27236 0
27241 1
27247 0
27252 1
27258 0
27263 1
27269 0
27274 1
27280 0
27285 1
27291 0
27296 1
27302 0
27307 1
27313 0
27318 1
27324 0
27329 1
27335 0
27340 1
27346 0
27351 1
27357 0
27362 1
27368 0
27373 1
27379 0
27384 1
27390 0
27395 1
27401 0
27406 1
27412 0
27417 1
27423 0
27428 1
27434 0
27439 1
27445 0
27450 1
27456 0
27461 1
27467 0
27472 1
27478 0
27483 1
27489 0
27494 1
27500 0
27505 1
27511 0
27516 1
27522 0
27527 1
27533 0
27538 1
27544 0
27549 1
27555 0
27560 1
27566 0
27571 1
27577 0
27582 1
27588 0
27593 1
27599 0
27604 1
27610 0
27615 1
27621 0
27626 1
27632 0
27637 1
27643 0
27648 1
27654 0
27659 1
27665 0
27670 1
27676 0
27681 1
27687 0
27692 1
27698 0
27703 1
27709 0
27714 1
27720 0
27725 1
27731 0
27736 1
27742 0
27747 1
27753 0
27758 1
27764 0
27769 1
27775 0
27780 1
27786 0
27791 1
27797 0
27802 1
27808 0
27813 1
27819 0
27824 1
27830 0
27835 1
27841 0
27846 1
27852 0
27857 1
27863 0
27868 1
27874 0
27879 1
27885 0
27890 1
27896 0
27901 1
27907 0
27912 1
27918 0
27923 1
27929 0
27934 1
27940 0
27945 1
27951 0
27956 1
27962 0
27967 1
27973 0
27978 1
27984 0
27989 1
27995 0
28000 1
28006 0
28011 1
28017 0
28022 1
28028 0
28033 1
28039 0
28044 1
28050 0
28055 1
28061 0
28066 1
28072 0
28077 1
28083 0
28088 1
28094 0
28099 1
28105 0
28110 1
28116 0
28121 1
28127 0
28132 1
28138 0
28143 1
28149 0
28154 1
28160 0
28165 1
28171 0
28176 1
28182 0
28187 1
28193 0
28198 1
28204 0
28209 1
28215 0
28220 1
28226 0
28231 1
28237 0
28242 1
28248 0
28253 1
28259 0
28264 1
28270 0
28275 1
28281 0
28286 1
28292 0
28297 1
28303 0
28308 1
28314 0
28319 1
28325 0
28330 1
28336 0
28341 1
28347 0
28352 1
28358 0
28363 1
28369 0
28374 1
28380 0
28385 1
28391 0
28396 1
28402 0
28407 1
28413 0
28418 1
28424 0
28429 1
28435 0
28440 1
28446 0
28451 1
28457 0
28462 1
28468 0
28473 1
28479 0
28484 1
28490 0
28495 1
28501 0
28506 1
28512 0
28517 1
28523 0
28528 1
28534 0
28539 1
28545 0
28550 1
28556 0
28561 1
28567 0
28572 1
28578 0
28583 1
28589 0
28594 1
28600 0
28605 1
28611 0
28616 1
28622 0
28627 1
28633 0
28638 1
28644 0
28649 1
28655 0
28660 1
28666 0
28671 1
28677 0
28682 1
28688 0
28693 1
28699 0
28704 1
28710 0
28715 1
28721 0
28726 1
28732 0
28737 1
28743 0
28748 1
28754 0
28759 1
28765 0
28770 1
28776 0
28781 1
28787 0
28792 1
28798 0
28803 1
28809 0
28814 1
28820 0
28825 1
28831 0
28836 1
28842 0
28847 1
28853 0
28858 1
28864 0
28869 1
28875 0
28880 1
28886 0
28891 1
28897 0
28902 1
28908 0
28913 1
28919 0
28924 1
28930 0
28935 1
28941 0
28946 1
28952 0
28957 1
28963 0
28968 1
28974 0
28979 1
28985 0
28990 1
28996 0
29001 1
29007 0
29012 1
29018 0
29023 1
29029 0
29034 1
29040 0
29045 1
29051 0
29056 1
29062 0
29067 1
29073 0
29078 1
29084 0
29089 1
29095 0
29100 1
29106 0
29111 1
29117 0
29122 1
29128 0
29133 1
29139 0
29144 1
29150 0
29155 1
29161 0
29166 1
29172 0
29177 1
29183 0
29188 1
29194 0
29199 1
29205 0
29210 1
29216 0
29221 1
29227 0
29232 1
29238 0
29243 1
29249 0
29254 1
29260 0
29265 1
29271 0
29276 1
29282 0
29287 1
29293 0
29298 1
29304 0
29309 1
29315 0
29320 1
29326 0
29331 1
29337 0
29342 1
29348 0
29353 1
29359 0
29364 1
29370 0
29375 1
29381 0
29386 1
29392 0
29397 1
29403 0
29408 1
29414 0
29419 1
29425 0
29430 1
29436 0
29441 1
29447 0
29452 1
29458 0
29463 1
29469 0
29474 1
29480 0
29485 1
29491 0
29496 1
29502 0
29507 1
29513 0
29518 1
29524 0
29529 1
29535 0
29540 1
29546 0
29551 1
29557 0
29562 1
29568 0
29573 1
29579 0
29584 1
29590 0
29595 1
29601 0
29606 1
29612 0
29617 1
29623 0
29628 1
29634 0
29639 1
29645 0
29650 1
29656 0
29661 1
29667 0
29672 1
29678 0
29683 1
29689 0
29694 1
29700 0
29705 1
29711 0
29716 1
29722 0
29727 1
29733 0
29738 1
29744 0
29749 1
29755 0
29760 1
29766 0
29771 1
29777 0
29782 1
29788 0
29793 1
29799 0
29804 1
29810 0
29815 1
29821 0
29826 1
29832 0
29837 1
29843 0
29848 1
29854 0
29859 1
29865 0
29870 1
29876 0
29881 1
29887 0
29892 1
29898 0
29903 1
29909 0
29914 1
29920 0
29925 1
29931 0
29936 1
29942 0
29947 1
29953 0
29958 1
29964 0
29969 1
29975 0
29980 1
29986 0
29991 1
29997 0
30002 1
30008 0
30013 1
30019 0
30024 1
30030 0
30035 1
30041 0
30046 1
30052 0
30057 1
30063 0
30068 1
30074 0
30079 1
30085 0
30090 1
30096 0
30101 1
30107 0
30112 1
30118 0
30123 1
30129 0
30134 1
30140 0
30145 1
30151 0
30156 1
30162 0
30167 1
30173 0
30178 1
30184 0
30189 1
30195 0
30200 1
30206 0
30211 1
30217 0
30222 1
30228 0
30233 1
30239 0
30244 1
30250 0
30255 1
30261 0
30266 1
30272 0
30277 1
30283 0
30288 1
30294 0
30299 1
30305 0
30310 1
30316 0
30321 1
30327 0
30332 1
30338 0
30343 1
30349 0
30354 1
30360 0
30365 1
30371 0
30376 1
30382 0
30387 1
30393 0
30398 1
30404 0
30409 1
30415 0
30420 1
30426 0
30431 1
30437 0
30442 1
30448 0
30453 1
30459 0
30464 1
30470 0
30475 1
30481 0
30486 1
30492 0
30497 1
30503 0
30508 1
30514 0
30519 1
30525 0
30530 1
30536 0
30541 1
30547 0
30552 1
30558 0
30563 1
30569 0
30574 1
30580 0
30585 1
30591 0
30596 1
30602 0
30607 1
30613 0
30618 1
30624 0
30629 1
30635 0
30640 1
30646 0
30651 1
30657 0
30662 1
30668 0
30673 1
30679 0
30684 1
30690 0
30695 1
30701 0
30706 1
30712 0
30717 1
30723 0
30728 1
30734 0
30739 1
30745 0
30750 1
30756 0
30761 1
30767 0
30772 1
30778 0
30783 1
30789 0
30794 1
30800 0
30805 1
30811 0
30816 1
30822 0
30827 1
30833 0
30838 1
30844 0
30849 1
30855 0
30860 1
30866 0
30871 1
30877 0
30882 1
30888 0
30893 1
30899 0
30904 1
30910 0
30915 1
30921 0
30926 1
30932 0
30937 1
30943 0
30948 1
30954 0
30959 1
30965 0
30970 1
30976 0
30981 1
30987 0
30992 1
30998 0
31003 1
31009 0
31014 1
31020 0
31025 1
31031 0
31036 1
31042 0
31047 1
31053 0
31058 1
31064 0
31069 1
31075 0
31080 1
31086 0
31091 1
31097 0
31102 1
31108 0
31113 1
31119 0
31124 1
31130 0
31135 1
31141 0
31146 1
31152 0
31157 1
31163 0
31168 1
31174 0
31179 1
31185 0
31190 1
31196 0
31201 1
31207 0
31212 1
31218 0
31223 1
31229 0
31234 1
31240 0
31245 1
31251 0
31256 1
31262 0
31267 1
31273 0
31278 1
31284 0
31289 1
31295 0
31300 1
31306 0
31311 1
31317 0
31322 1
31328 0
31333 1
31339 0
31344 1
31350 0
31355 1
31361 0
31366 1
31372 0
31377 1
31383 0
31388 1
31394 0
31399 1
31405 0
31410 1
31416 0
31421 1
31427 0
31432 1
31438 0
31443 1
31449 0
31454 1
31460 0
31465 1
31471 0
31476 1
31482 0
31487 1
31493 0
31498 1
31504 0
31509 1
31515 0
31520 1
31526 0
31531 1
31537 0
31542 1
31548 0
31553 1
31559 0
31564 1
31570 0
31575 1
31581 0
31586 1
31592 0
31597 1
31603 0
31608 1
31614 0
31619 1
31625 0
31630 1
31636 0
31641 1
31647 0
31652 1
31658 0
31663 1
31669 0
31674 1
31680 0
31685 1
31691 0
31696 1
31702 0
31707 1
31713 0
31718 1
31724 0
31729 1
31735 0
31740 1
31746 0
31751 1
31757 0
31762 1
31768 0
31773 1
31779 0
31784 1
31790 0
31795 1
31801 0
31806 1
31812 0
31817 1
31823 0
31828 1
31834 0
31839 1
31845 0
31850 1
31856 0
31861 1
31867 0
31872 1
31878 0
31883 1
31889 0
31894 1
31900 0
31905 1
31911 0
31916 1
31922 0
31927 1
31933 0
31938 1
31944 0
31949 1
31955 0
31960 1
31966 0
31971 1
31977 0
31982 1
31988 0
31993 1
31999 0
32004 1
32010 0
32015 1
32021 0
32026 1
32032 0
32037 1
32043 0
32048 1
32054 0
32059 1
32065 0
32070 1
32076 0
32081 1
32087 0
32092 1
32098 0
32103 1
32109 0
32114 1
32120 0
32125 1
32131 0
32136 1
32142 0
32147 1
32153 0
32158 1
32164 0
32169 1
32175 0
32180 1
32186 0
32191 1
32197 0
32202 1
32208 0
32213 1
32219 0
32224 1
32230 0
32235 1
32241 0
32246 1
32252 0
32257 1
32263 0
32268 1
32274 0
32279 1
32285 0
32290 1
32296 0
32301 1
32307 0
32312 1
32318 0
32323 1
32329 0
32334 1
32340 0
32345 1
32351 0
32356 1
32362 0
32367 1
32373 0
32378 1
32384 0
32389 1
32395 0
32400 1
32406 0
32411 1
32417 0
32422 1
32428 0
32433 1
32439 0
32444 1
32450 0
32455 1
32461 0
32466 1
32472 0
32477 1
32483 0
32488 1
32494 0
32499 1
32505 0
32510 1
32516 0
32521 1
32527 0
32532 1
32538 0
32543 1
32549 0
32554 1
32560 0
32565 1
32571 0
32576 1
32582 0
32587 1
32593 0
32598 1
32604 0
32609 1
32615 0
32620 1
32626 0
32631 1
32637 0
32642 1
32648 0
32653 1
32659 0
32664 1
32670 0
32675 1
32681 0
32686 1
32692 0
32697 1
32703 0
32708 1
32714 0
32719 1
32725 0
32730 1
32736 0
32741 1
32747 0
32752 1
32758 0
32763 1
32769 0
32774 1
32780 0
32785 1
32791 0
32796 1
32802 0
32807 1
32813 0
32818 1
32824 0
32829 1
32835 0
32840 1
32846 0
32851 1
32857 0
32862 1
32868 0
32873 1
32879 0
32884 1
32890 0
32895 1
32901 0
32906 1
32912 0
32917 1
32923 0
32928 1
32934 0
32939 1
32945 0
32950 1
32956 0
32961 1
32967 0
32972 1
32978 0
32983 1
32989 0
32994 1
33000 0
33005 1
33011 0
33016 1
33022 0
33027 1
33033 0
33038 1
33044 0
33049 1
33055 0
33060 1
33066 0
33071 1
33077 0
33082 1
33088 0
33093 1
33099 0
33104 1
33110 0
33115 1
33121 0
33126 1
33132 0
33137 1
33143 0
33148 1
33154 0
33159 1
33165 0
33170 1
33176 0
33181 1
33187 0
33192 1
33198 0
33203 1
33209 0
33214 1
33220 0
33225 1
33231 0
33236 1
33242 0
33247 1
33253 0
33258 1
33264 0
33269 1
33275 0
33280 1
33286 0
33291 1
33297 0
33302 1
33308 0
33313 1
33319 0
33324 1
33330 0
33335 1
33341 0
33346 1
33352 0
33357 1
33363 0
33368 1
33374 0
33379 1
33385 0
33390 1
33396 0
33401 1
33407 0
33412 1
33418 0
33423 1
33429 0
33434 1
33440 0
33445 1
33451 0
33456 1
33462 0
33467 1
33473 0
33478 1
33484 0
33489 1
33495 0
33500 1
33506 0
33511 1
33517 0
33522 1
33528 0
33533 1
33539 0
33544 1
33550 0
33555 1
33561 0
33566 1
33572 0
33577 1
33583 0
33588 1
33594 0
33599 1
33605 0
33610 1
33616 0
33621 1
33627 0
33632 1
33638 0
33643 1
33649 0
33654 1
33660 0
33665 1
33671 0
33676 1
33682 0
33687 1
33693 0
33698 1
33704 0
33709 1
33715 0
33720 1
33726 0
33731 1
33737 0
33742 1
33748 0
33753 1
33759 0
33764 1
33770 0
33775 1
33781 0
33786 1
33792 0
33797 1
33803 0
33808 1
33814 0
33819 1
33825 0
33830 1
33836 0
33841 1
33847 0
33852 1
33858 0
33863 1
33869 0
33874 1
33880 0
33885 1
33891 0
33896 1
33902 0
33907 1
33913 0
33918 1
33924 0
33929 1
33935 0
33940 1
33946 0
33951 1
33957 0
33962 1
33968 0
33973 1
33979 0
33984 1
33990 0
33995 1
34001 0
34006 1
34012 0
34017 1
34023 0
34028 1
34034 0
34039 1
34045 0
34050 1
34056 0
34061 1
34067 0
34072 1
34078 0
34083 1
34089 0
34094 1
34100 0
34105 1
34111 0
34116 1
34122 0
34127 1
34133 0
34138 1
34144 0
34149 1
34155 0
34160 1
34166 0
34171 1
34177 0
34182 1
34188 0
34193 1
34199 0
34204 1
34210 0
34215 1
34221 0
34226 1
34232 0
34237 1
34243 0
34248 1
34254 0
34259 1
34265 0
34270 1
34276 0
34281 1
34287 0
34292 1
34298 0
34303 1
34309 0
34314 1
34320 0
34325 1
34331 0
34336 1
34342 0
34347 1
34353 0
34358 1
34364 0
34369 1
34375 0
34380 1
34386 0
34391 1
34397 0
34402 1
34408 0
34413 1
34419 0
34424 1
34430 0
34435 1
34441 0
34446 1
34452 0
34457 1
34463 0
34468 1
34474 0
34479 1
34485 0
34490 1
34496 0
34501 1
34507 0
34512 1
34518 0
34523 1
34529 0
34534 1
34540 0
34545 1
34551 0
34556 1
34562 0
34567 1
34573 0
34578 1
34584 0
34589 1
34595 0
34600 1
34606 0
34611 1
34617 0
34622 1
34628 0
34633 1
34639 0
34644 1
34650 0
34655 1
34661 0
34666 1
34672 0
34677 1
34683 0
34688 1
34694 0
34699 1
34705 0
34710 1
34716 0
34721 1
34727 0
34732 1
34738 0
34743 1
34749 0
34754 1
34760 0
34765 1
34771 0
34776 1
34782 0
34787 1
34793 0
34798 1
34804 0
34809 1
34815 0
34820 1
34826 0
34831 1
34837 0
34842 1
34848 0
34853 1
34859 0
34864 1
34870 0
34875 1
34881 0
34886 1
34892 0
34897 1
34903 0
34908 1
34914 0
34919 1
34925 0
34930 1
34936 0
34941 1
34947 0
34952 1
34958 0
34963 1
34969 0
34974 1
34980 0
34985 1
34991 0
34996 1
35002 0
35007 1
35013 0
35018 1
35024 0
35029 1
35035 0
35040 1
35046 0
35051 1
35057 0
35062 1
35068 0
35073 1
35079 0
35084 1
35090 0
35095 1
35101 0
35106 1
35112 0
35117 1
35123 0
35128 1
35134 0
35139 1
35145 0
35150 1
35156 0
35161 1
35167 0
35172 1
35178 0
35183 1
35189 0
35194 1
35200 0
35205 1
35211 0
35216 1
35222 0
35227 1
35233 0
35238 1
35244 0
35249 1
35255 0
35260 1
35266 0
35271 1
35277 0
35282 1
35288 0
35293 1
35299 0
35304 1
35310 0
35315 1
35321 0
35326 1
35332 0
35337 1
35343 0
35348 1
35354 0
35359 1
35365 0
35370 1
35376 0
35381 1
35387 0
35392 1
35398 0
35403 1
35409 0
35414 1
35420 0
35425 1
35431 0
35436 1
35442 0
35447 1
35453 0
35458 1
35464 0
35469 1
35475 0
35480 1
35486 0
35491 1
35497 0
35502 1
35508 0
35513 1
35519 0
35524 1
35530 0
35535 1
35541 0
35546 1
35552 0
35557 1
35563 0
35568 1
35574 0
35579 1
35585 0
35590 1
35596 0
35601 1
35607 0
35612 1
35618 0
35623 1
35629 0
35634 1
35640 0
35645 1
35651 0
35656 1
35662 0
35667 1
35673 0
35678 1
35684 0
35689 1
35695 0
35700 1
35706 0
35711 1
35717 0
35722 1
35728 0
35733 1
35739 0
35744 1
35750 0
35755 1
35761 0
35766 1
35772 0
35777 1
35783 0
35788 1
35794 0
35799 1
35805 0
35810 1
35816 0
35821 1
35827 0
35832 1
35838 0
35843 1
35849 0
35854 1
35860 0
35865 1
35871 0
35876 1
35882 0
35887 1
35893 0
35898 1
35904 0
35909 1
35915 0
35920 1
35926 0
35931 1
35937 0
35942 1
35948 0
35953 1
35959 0
35964 1
35970 0
35975 1
35981 0
35986 1
35992 0
35997 1
36003 0
36008 1
36014 0
36019 1
36025 0
36030 1
36036 0
36041 1
36047 0
36052 1
36058 0
36063 1
36069 0
36074 1
36080 0
36085 1
36091 0
36096 1
36102 0
36107 1
36113 0
36118 1
36124 0
36129 1
36135 0
36140 1
36146 0
36151 1
36157 0
36162 1
36168 0
36173 1
36179 0
36184 1
36190 0
36195 1
36201 0
36206 1
36212 0
36217 1
36223 0
36228 1
36234 0
36239 1
36245 0
36250 1
36256 0
36261 1
36267 0
36272 1
36278 0
36283 1
36289 0
36294 1
36300 0
36305 1
36311 0
36316 1
36322 0
36327 1
36333 0
36338 1
36344 0
36349 1
36355 0
36360 1
36366 0
36371 1
36377 0
36382 1
36388 0
36393 1
36399 0
36404 1
36410 0
36415 1
36421 0
36426 1
36432 0
36437 1
36443 0
36448 1
36454 0
36459 1
36465 0
36470 1
36476 0
36481 1
36487 0
36492 1
36498 0
36503 1
36509 0
36514 1
36520 0
36525 1
36531 0
36536 1
36542 0
36547 1
36553 0
36558 1
36564 0
36569 1
36575 0
36580 1
36586 0
36591 1
36597 0
36602 1
36608 0
36613 1
36619 0
36624 1
36630 0
36635 1
36641 0
36646 1
36652 0
36657 1
36663 0
36668 1
36674 0
36679 1
36685 0
36690 1
36696 0
36701 1
36707 0
36712 1
36718 0
36723 1
36729 0
36734 1
36740 0
36745 1
36751 0
36756 1
36762 0
36767 1
36773 0
36778 1
36784 0
36789 1
36795 0
36800 1
36806 0
36811 1
36817 0
36822 1
36828 0
36833 1
36839 0
36844 1
36850 0
36855 1
36861 0
36866 1
36872 0
36877 1
36883 0
36888 1
36894 0
36899 1
36905 0
36910 1
36916 0
36921 1
36927 0
36932 1
36938 0
36943 1
36949 0
36954 1
36960 0
36965 1
36971 0
36976 1
36982 0
36987 1
36993 0
36998 1
37004 0
37009 1
37015 0
37020 1
37026 0
37031 1
37037 0
37042 1
37048 0
37053 1
37059 0
37064 1
37070 0
37075 1
37081 0
37086 1
37092 0
37097 1
37103 0
37108 1
37114 0
37119 1
37125 0
37130 1
37136 0
37141 1
37147 0
37152 1
37158 0
37163 1
37169 0
37174 1
37180 0
37185 1
37191 0
37196 1
37202 0
37207 1
37213 0
37218 1
37224 0
37229 1
37235 0
37240 1
37246 0
37251 1
37257 0
37262 1
37268 0
37273 1
37279 0
37284 1
37290 0
37295 1
37301 0
37306 1
37312 0
37317 1
37323 0
37328 1
37334 0
37339 1
37345 0
37350 1
37356 0
37361 1
37367 0
37372 1
37378 0
37383 1
37389 0
37394 1
37400 0
37405 1
37411 0
37416 1
37422 0
37427 1
37433 0
37438 1
37444 0
37449 1
37455 0
37460 1
37466 0
37471 1
37477 0
37482 1
37488 0
37493 1
37499 0
37504 1
37510 0
37515 1
37521 0
37526 1
37532 0
37537 1
37543 0
37548 1
37554 0
37559 1
37565 0
37570 1
37576 0
37581 1
37587 0
37592 1
37598 0
37603 1
37609 0
37614 1
37620 0
37625 1
37631 0
37636 1
37642 0
37647 1
37653 0
37658 1
37664 0
37669 1
37675 0
37680 1
37686 0
37691 1
37697 0
37702 1
37708 0
37713 1
37719 0
37724 1
37730 0
37735 1
37741 0
37746 1
37752 0
37757 1
37763 0
37768 1
37774 0
37779 1
37785 0
37790 1
37796 0
37801 1
37807 0
37812 1
37818 0
37823 1
37829 0
37834 1
37840 0
37845 1
37851 0
37856 1
37862 0
37867 1
37873 0
37878 1
37884 0
37889 1
37895 0
37900 1
37906 0
37911 1
37917 0
37922 1
37928 0
37933 1
37939 0
37944 1
37950 0
37955 1
37961 0
37966 1
37972 0
37977 1
37983 0
37988 1
37994 0
37999 1
38005 0
38010 1
38016 0
38021 1
38027 0
38032 1
38038 0
38043 1
38049 0
38054 1
38060 0
38065 1
38071 0
38076 1
38082 0
38087 1
38093 0
38098 1
38104 0
38109 1
38115 0
38120 1
38126 0
38131 1
38137 0
38142 1
38148 0
38153 1
38159 0
38164 1
38170 0
38175 1
38181 0
38186 1
38192 0
38197 1
38203 0
38208 1
38214 0
38219 1
38225 0
38230 1
38236 0
38241 1
38247 0
38252 1
38258 0
38263 1
38269 0
38274 1
38280 0
38285 1
38291 0
38296 1
38302 0
38307 1
38313 0
38318 1
38324 0
38329 1
38335 0
38340 1
38346 0
38351 1
38357 0
38362 1
38368 0
38373 1
38379 0
38384 1
38390 0
38395 1
38401 0
38406 1
38412 0
38417 1
38423 0
38428 1
38434 0
38439 1
38445 0
38450 1
38456 0
38461 1
38467 0
38472 1
38478 0
38483 1
38489 0
38494 1
38500 0
38505 1
38511 0
38516 1
38522 0
38527 1
38533 0
38538 1
38544 0
38549 1
38555 0
38560 1
38566 0
38571 1
38577 0
38582 1
38588 0
38593 1
38599 0
38604 1
38610 0
38615 1
38621 0
38626 1
38632 0
38637 1
38643 0
38648 1
38654 0
38659 1
38665 0
38670 1
38676 0
38681 1
38687 0
38692 1
38698 0
38703 1
38709 0
38714 1
38720 0
38725 1
38731 0
38736 1
38742 0
38747 1
38753 0
38758 1
38764 0
38769 1
38775 0
38780 1
38786 0
38791 1
38797 0
38802 1
38808 0
38813 1
38819 0
38824 1
38830 0
38835 1
38841 0
38846 1
38852 0
38857 1
38863 0
38868 1
38874 0
38879 1
38885 0
38890 1
38896 0
38901 1
38907 0
38912 1
38918 0
38923 1
38929 0
38934 1
38940 0
38945 1
38951 0
38956 1
38962 0
38967 1
38973 0
38978 1
38984 0
38989 1
38995 0
39000 1
39006 0
39011 1
39017 0
39022 1
39028 0
39033 1
39039 0
39044 1
39050 0
39055 1
39061 0
39066 1
39072 0
39077 1
39083 0
39088 1
39094 0
39099 1
39105 0
39110 1
39116 0
39121 1
39127 0
39132 1
39138 0
39143 1
39149 0
39154 1
39160 0
39165 1
39171 0
39176 1
39182 0
39187 1
39193 0
39198 1
39204 0
39209 1
39215 0
39220 1
39226 0
39231 1
39237 0
39242 1
39248 0
39253 1
39259 0
39264 1
39270 0
39275 1
39281 0
39286 1
39292 0
39297 1
39303 0
39308 1
39314 0
39319 1
39325 0
39330 1
39336 0
39341 1
39347 0
39352 1
39358 0
39363 1
39369 0
39374 1
39380 0
39385 1
39391 0
39396 1
39402 0
39407 1
39413 0
39418 1
39424 0
39429 1
39435 0
39440 1
39446 0
39451 1
39457 0
39462 1
39468 0
39473 1
39479 0
39484 1
39490 0
39495 1
39501 0
39506 1
39512 0
39517 1
39523 0
39528 1
39534 0
39539 1
39545 0
39550 1
39556 0
39561 1
39567 0
39572 1
39578 0
39583 1
39589 0
39594 1
39600 0
39605 1
39611 0
39616 1
39622 0
39627 1
39633 0
39638 1
39644 0
39649 1
39655 0
39660 1
39666 0
39671 1
39677 0
39682 1
39688 0
39693 1
39699 0
39704 1
39710 0
39715 1
39721 0
39726 1
39732 0
39737 1
39743 0
39748 1
39754 0
39759 1
39765 0
39770 1
39776 0
39781 1
39787 0
39792 1
39798 0
39803 1
39809 0
39814 1
39820 0
39825 1
39831 0
39836 1
39842 0
39847 1
39853 0
39858 1
39864 0
39869 1
39875 0
39880 1
39886 0
39891 1
39897 0
39902 1
39908 0
39913 1
39919 0
39924 1
39930 0
39935 1
39941 0
39946 1
39952 0
39957 1
39963 0
39968 1
39974 0
39979 1
39985 0
39990 1
39996 0
40001 1
40007 0
40012 1
40018 0
40023 1
40029 0
40034 1
40040 0
40045 1
40051 0
40056 1
40062 0
40067 1
40073 0
40078 1
40084 0
40089 1
40095 0
40100 1
40106 0
40111 1
40117 0
40122 1
40128 0
40133 1
40139 0
40144 1
40150 0
40155 1
40161 0
40166 1
40172 0
40177 1
40183 0
40188 1
40194 0
40199 1
40205 0
40210 1
40216 0
40221 1
40227 0
40232 1
40238 0
40243 1
40249 0
40254 1
40260 0
40265 1
40271 0
40276 1
40282 0
40287 1
40293 0
40298 1
40304 0
40309 1
40315 0
40320 1
40326 0
40331 1
40337 0
40342 1
40348 0
40353 1
40359 0
40364 1
40370 0
40375 1
40381 0
40386 1
40392 0
40397 1
40403 0
40408 1
40414 0
40419 1
40425 0
40430 1
40436 0
40441 1
40447 0
40452 1
40458 0
40463 1
40469 0
40474 1
40480 0
40485 1
40491 0
40496 1
40502 0
40507 1
40513 0
40518 1
40524 0
40529 1
40535 0
40540 1
40546 0
40551 1
40557 0
40562 1
40568 0
40573 1
40579 0
40584 1
40590 0
40595 1
40601 0
40606 1
40612 0
40617 1
40623 0
40628 1
40634 0
40639 1
40645 0
40650 1
40656 0
40661 1
40667 0
40672 1
40678 0
40683 1
40689 0
40694 1
40700 0
40705 1
40711 0
40716 1
40722 0
40727 1
40733 0
40738 1
40744 0
40749 1
40755 0
40760 1
40766 0
40771 1
40777 0
40782 1
40788 0
40793 1
40799 0
40804 1
40810 0
40815 1
40821 0
40826 1
40832 0
40837 1
40843 0
40848 1
40854 0
40859 1
40865 0
40870 1
40876 0
40881 1
40887 0
40892 1
40898 0
40903 1
40909 0
40914 1
40920 0
40925 1
40931 0
40936 1
40942 0
40947 1
40953 0
40958 1
40964 0
40969 1
40975 0
40980 1
40986 0
40991 1
40997 0
41002 1
41008 0
41013 1
41019 0
41024 1
41030 0
41035 1
41041 0
41046 1
41052 0
41057 1
41063 0
41068 1
41074 0
41079 1
41085 0
41090 1
41096 0
41101 1
41107 0
41112 1
41118 0
41123 1
41129 0
41134 1
41140 0
41145 1
41151 0
41156 1
41162 0
41167 1
41173 0
41178 1
41184 0
41189 1
41195 0
41200 1
41206 0
41211 1
41217 0
41222 1
41228 0
41233 1
41239 0
41244 1
41250 0
41255 1
41261 0
41266 1
41272 0
41277 1
41283 0
41288 1
41294 0
41299 1
41305 0
41310 1
41316 0
41321 1
41327 0
41332 1
41338 0
41343 1
41349 0
41354 1
41360 0
41365 1
41371 0
41376 1
41382 0
41387 1
41393 0
41398 1
41404 0
41409 1
41415 0
41420 1
41426 0
41431 1
41437 0
41442 1
41448 0
41453 1
41459 0
41464 1
41470 0
41475 1
41481 0
41486 1
41492 0
41497 1
41503 0
41508 1
41514 0
41519 1
41525 0
41530 1
41536 0
41541 1
41547 0
41552 1
41558 0
41563 1
41569 0
41574 1
41580 0
41585 1
41591 0
41596 1
41602 0
41607 1
41613 0
41618 1
41624 0
41629 1
41635 0
41640 1
41646 0
41651 1
41657 0
41662 1
41668 0
41673 1
41679 0
41684 1
41690 0
41695 1
41701 0
41706 1
41712 0
41717 1
41723 0
41728 1
41734 0
41739 1
41745 0
41750 1
41756 0
41761 1
41767 0
41772 1
41778 0
41783 1
41789 0
41794 1
41800 0
41805 1
41811 0
41816 1
41822 0
41827 1
41833 0
41838 1
41844 0
41849 1
41855 0
41860 1
41866 0
41871 1
41877 0
41882 1
41888 0
41893 1
41899 0
41904 1
41910 0
41915 1
41921 0
41926 1
41932 0
41937 1
41943 0
41948 1
41954 0
41959 1
41965 0
41970 1
41976 0
41981 1
41987 0
41992 1
41998 0
42003 1
42009 0
42014 1
42020 0
42025 1
42031 0
42036 1
42042 0
42047 1
42053 0
42058 1
42064 0
42069 1
42075 0
42080 1
42086 0
42091 1
42097 0
42102 1
42108 0
42113 1
42119 0
42124 1
42130 0
42135 1
42141 0
42146 1
42152 0
42157 1
42163 0
42168 1
42174 0
42179 1
42185 0
42190 1
42196 0
42201 1
42207 0
42212 1
42218 0
42223 1
42229 0
42234 1
42240 0
42245 1
42251 0
42256 1
42262 0
42267 1
42273 0
42278 1
42284 0
42289 1
42295 0
42300 1
42306 0
42311 1
42317 0
42322 1
42328 0
42333 1
42339 0
42344 1
42350 0
42355 1
42361 0
42366 1
42372 0
42377 1
42383 0
42388 1
42394 0
42399 1
42405 0
42410 1
42416 0
42421 1
42427 0
42432 1
42438 0
42443 1
42449 0
42454 1
42460 0
42465 1
42471 0
42476 1
42482 0
42487 1
42493 0
42498 1
42504 0
42509 1
42515 0
42520 1
42526 0
42531 1
42537 0
42542 1
42548 0
42553 1
42559 0
42564 1
42570 0
42575 1
42581 0
42586 1
42592 0
42597 1
42603 0
42608 1
42614 0
42619 1
42625 0
42630 1
42636 0
42641 1
42647 0
42652 1
42658 0
42663 1
42669 0
42674 1
42680 0
42685 1
42691 0
42696 1
42702 0
42707 1
42713 0
42718 1
42724 0
42729 1
42735 0
42740 1
42746 0
42751 1
42757 0
42762 1
42768 0
42773 1
42779 0
42784 1
42790 0
42795 1
42801 0
42806 1
42812 0
42817 1
42823 0
42828 1
42834 0
42839 1
42845 0
42850 1
42856 0
42861 1
42867 0
42872 1
42878 0
42883 1
42889 0
42894 1
42900 0
42905 1
42911 0
42916 1
42922 0
42927 1
42933 0
42938 1
42944 0
42949 1
42955 0
42960 1
42966 0
42971 1
42977 0
42982 1
42988 0
42993 1
42999 0
43004 1
43010 0
43015 1
43021 0
43026 1
43032 0
43037 1
43043 0
43048 1
43054 0
43059 1
43065 0
43070 1
43076 0
43081 1
43087 0
43092 1
43098 0
43103 1
43109 0
43114 1
43120 0
43125 1
43131 0
43136 1
43142 0
43147 1
43153 0
43158 1
43164 0
43169 1
43175 0
43180 1
43186 0
43191 1
43197 0
43202 1
43208 0
43213 1
43219 0
43224 1
43230 0
43235 1
43241 0
43246 1
43252 0
43257 1
43263 0
43268 1
43274 0
43279 1
43285 0
43290 1
43296 0
43301 1
43307 0
43312 1
43318 0
43323 1
43329 0
43334 1
43340 0
43345 1
43351 0
43356 1
43362 0
43367 1
43373 0
43378 1
43384 0
43389 1
43395 0
43400 1
43406 0
43411 1
43417 0
43422 1
43428 0
43433 1
43439 0
43444 1
43450 0
43455 1
43461 0
43466 1
43472 0
43477 1
43483 0
43488 1
43494 0
43499 1
43505 0
43510 1
43516 0
43521 1
43527 0
43532 1
43538 0
43543 1
43549 0
43554 1
43560 0
43565 1
43571 0
43576 1
43582 0
43587 1
43593 0
43598 1
43604 0
43609 1
43615 0
43620 1
43626 0
43631 1
43637 0
43642 1
43648 0
43653 1
43659 0
43664 1
43670 0
43675 1
43681 0
43686 1
43692 0
43697 1
43703 0
43708 1
43714 0
43719 1
43725 0
43730 1
43736 0
43741 1
43747 0
43752 1
43758 0
43763 1
43769 0
43774 1
43780 0
43785 1
43791 0
43796 1
43802 0
43807 1
43813 0
43818 1
43824 0
43829 1
43835 0
43840 1
43846 0
43851 1
43857 0
43862 1
43868 0
43873 1
43879 0
43884 1
43890 0
43895 1
43901 0
43906 1
43912 0
43917 1
43923 0
43928 1
43934 0
43939 1
43945 0
43950 1
43956 0
43961 1
43967 0
43972 1
43978 0
43983 1
43989 0
43994 1
44000 0
44005 1
44011 0
44016 1
44022 0
44027 1
44033 0
44038 1
44044 0
44049 1
44055 0
44060 1
44066 0
44071 1
44077 0
44082 1
44088 0
44093 1
44099 0
44104 1
44110 0
44115 1
44121 0
44126 1
44132 0
44137 1
44143 0
44148 1
44154 0
44159 1
44165 0
44170 1
44176 0
44181 1
44187 0
44192 1
44198 0
44203 1
44209 0
44214 1
44220 0
44225 1
44231 0
44236 1
44242 0
44247 1
44253 0
44258 1
44264 0
44269 1
44275 0
44280 1
44286 0
44291 1
44297 0
44302 1
44308 0
44313 1
44319 0
44324 1
44330 0
44335 1
44341 0
44346 1
44352 0
44357 1
44363 0
44368 1
44374 0
44379 1
44385 0
44390 1
44396 0
44401 1
44407 0
44412 1
44418 0
44423 1
44429 0
44434 1
44440 0
44445 1
44451 0
44456 1
44462 0
44467 1
44473 0
44478 1
44484 0
44489 1
44495 0
44500 1
44506 0
44511 1
44517 0
44522 1
44528 0
44533 1
44539 0
44544 1
44550 0
44555 1
44561 0
44566 1
44572 0
44577 1
44583 0
44588 1
44594 0
44599 1
44605 0
44610 1
44616 0
44621 1
44627 0
44632 1
44638 0
44643 1
44649 0
44654 1
44660 0
44665 1
44671 0
44676 1
44682 0
44687 1
44693 0
44698 1
44704 0
44709 1
44715 0
44720 1
44726 0
44731 1
44737 0
44742 1
44748 0
44753 1
44759 0
44764 1
44770 0
44775 1
44781 0
44786 1
44792 0
44797 1
44803 0
44808 1
44814 0
44819 1
44825 0
44830 1
44836 0
44841 1
44847 0
44852 1
44858 0
44863 1
44869 0
44874 1
44880 0
44885 1
44891 0
44896 1
44902 0
44907 1
44913 0
44918 1
44924 0
44929 1
44935 0
44940 1
44946 0
44951 1
44957 0
44962 1
44968 0
44973 1
44979 0
44984 1
44990 0
44995 1
45001 0
45006 1
45012 0
45017 1
45023 0
45028 1
45034 0
45039 1
45045 0
45050 1
45056 0
45061 1
45067 0
45072 1
45078 0
45083 1
45089 0
45094 1
45100 0
45105 1
45111 0
45116 1
45122 0
45127 1
45133 0
45138 1
45144 0
45149 1
45155 0
45160 1
45166 0
45171 1
45177 0
45182 1
45188 0
45193 1
45199 0
45204 1
45210 0
45215 1
45221 0
45226 1
45232 0
45237 1
45243 0
45248 1
45254 0
45259 1
45265 0
45270 1
45276 0
45281 1
45287 0
45292 1
45298 0
45303 1
45309 0
45314 1
45320 0
45325 1
45331 0
45336 1
45342 0
45347 1
45353 0
45358 1
45364 0
45369 1
45375 0
45380 1
45386 0
45391 1
45397 0
45402 1
45408 0
45413 1
45419 0
45424 1
45430 0
45435 1
45441 0
45446 1
45452 0
45457 1
45463 0
45468 1
45474 0
45479 1
45485 0
45490 1
45496 0
45501 1
45507 0
45512 1
45518 0
45523 1
45529 0
45534 1
45540 0
45545 1
45551 0
45556 1
45562 0
45567 1
45573 0
45578 1
45584 0
45589 1
45595 0
45600 1
45606 0
45611 1
45617 0
45622 1
45628 0
45633 1
45639 0
45644 1
45650 0
45655 1
45661 0
45666 1
45672 0
45677 1
45683 0
45688 1
45694 0
45699 1
45705 0
45710 1
45716 0
45721 1
45727 0
45732 1
45738 0
45743 1
45749 0
45754 1
45760 0
45765 1
45771 0
45776 1
45782 0
45787 1
45793 0
45798 1
45804 0
45809 1
45815 0
45820 1
45826 0
45831 1
45837 0
45842 1
45848 0
45853 1
45859 0
45864 1
45870 0
45875 1
45881 0
45886 1
45892 0
45897 1
45903 0
45908 1
45914 0
45919 1
45925 0
45930 1
45936 0
45941 1
45947 0
45952 1
45958 0
45963 1
45969 0
45974 1
45980 0
45985 1
45991 0
45996 1
46002 0
46007 1
46013 0
46018 1
46024 0
46029 1
46035 0
46040 1
46046 0
46051 1
46057 0
46062 1
46068 0
46073 1
46079 0
46084 1
46090 0
46095 1
46101 0
46106 1
46112 0
46117 1
46123 0
46128 1
46134 0
46139 1
46145 0
46150 1
46156 0
46161 1
46167 0
46172 1
46178 0
46183 1
46189 0
46194 1
46200 0
46205 1
46211 0
46216 1
46222 0
46227 1
46233 0
46238 1
46244 0
46249 1
46255 0
46260 1
46266 0
46271 1
46277 0
46282 1
46288 0
46293 1
46299 0
46304 1
46310 0
46315 1
46321 0
46326 1
46332 0
46337 1
46343 0
46348 1
46354 0
46359 1
46365 0
46370 1
46376 0
46381 1
46387 0
46392 1
46398 0
46403 1
46409 0
46414 1
46420 0
46425 1
46431 0
46436 1
46442 0
46447 1
46453 0
46458 1
46464 0
46469 1
46475 0
46480 1
46486 0
46491 1
46497 0
46502 1
46508 0
46513 1
46519 0
46524 1
46530 0
46535 1
46541 0
46546 1
46552 0
46557 1
46563 0
46568 1
46574 0
46579 1
46585 0
46590 1
46596 0
46601 1
46607 0
46612 1
46618 0
46623 1
46629 0
46634 1
46640 0
46645 1
46651 0
46656 1
46662 0
46667 1
46673 0
46678 1
46684 0
46689 1
46695 0
46700 1
46706 0
46711 1
46717 0
46722 1
46728 0
46733 1
46739 0
46744 1
46750 0
46755 1
46761 0
46766 1
46772 0
46777 1
46783 0
46788 1
46794 0
46799 1
46805 0
46810 1
46816 0
46821 1
46827 0
46832 1
46838 0
46843 1
46849 0
46854 1
46860 0
46865 1
46871 0
46876 1
46882 0
46887 1
46893 0
46898 1
46904 0
46909 1
46915 0
46920 1
46926 0
46931 1
46937 0
46942 1
46948 0
46953 1
46959 0
46964 1
46970 0
46975 1
46981 0
46986 1
46992 0
46997 1
47003 0
47008 1
47014 0
47019 1
47025 0
47030 1
47036 0
47041 1
47047 0
47052 1
47058 0
47063 1
47069 0
47074 1
47080 0
47085 1
47091 0
47096 1
47102 0
47107 1
47113 0
47118 1
47124 0
47129 1
47135 0
47140 1
47146 0
47151 1
47157 0
47162 1
47168 0
47173 1
47179 0
47184 1
47190 0
47195 1
47201 0
47206 1
47212 0
47217 1
47223 0
47228 1
47234 0
47239 1
47245 0
47250 1
47256 0
47261 1
47267 0
47272 1
47278 0
47283 1
47289 0
47294 1
47300 0
47305 1
47311 0
47316 1
47322 0
47327 1
47333 0
47338 1
47344 0
47349 1
47355 0
47360 1
47366 0
47371 1
47377 0
47382 1
47388 0
47393 1
47399 0
47404 1
47410 0
47415 1
47421 0
47426 1
47432 0
47437 1
47443 0
47448 1
47454 0
47459 1
47465 0
47470 1
47476 0
47481 1
47487 0
47492 1
47498 0
47503 1
47509 0
47514 1
47520 0
47525 1
47531 0
47536 1
47542 0
47547 1
47553 0
47558 1
47564 0
47569 1
47575 0
47580 1
47586 0
47591 1
47597 0
47602 1
47608 0
47613 1
47619 0
47624 1
47630 0
47635 1
47641 0
47646 1
47652 0
47657 1
47663 0
47668 1
47674 0
47679 1
47685 0
47690 1
47696 0
47701 1
47707 0
47712 1
47718 0
47723 1
47729 0
47734 1
47740 0
47745 1
47751 0
47756 1
47762 0
47767 1
47773 0
47778 1
47784 0
47789 1
47795 0
47800 1
47806 0
47811 1
47817 0
47822 1
47828 0
47833 1
47839 0
47844 1
47850 0
47855 1
47861 0
47866 1
47872 0
47877 1
47883 0
47888 1
47894 0
47899 1
47905 0
47910 1
47916 0
47921 1
47927 0
47932 1
47938 0
47943 1
47949 0
47954 1
47960 0
47965 1
47971 0
47976 1
47982 0
47987 1
47993 0
47998 1
48004 0
48009 1
48015 0
48020 1
48026 0
48031 1
48037 0
48042 1
48048 0
48053 1
48059 0
48064 1
48070 0
48075 1
48081 0
48086 1
48092 0
48097 1
48103 0
48108 1
48114 0
48119 1
48125 0
48130 1
48136 0
48141 1
48147 0
48152 1
48158 0
48163 1
48169 0
48174 1
48180 0
48185 1
48191 0
48196 1
48202 0
48207 1
48213 0
48218 1
48224 0
48229 1
48235 0
48240 1
48246 0
48251 1
48257 0
48262 1
48268 0
48273 1
48279 0
48284 1
48290 0
48295 1
48301 0
48306 1
48312 0
48317 1
48323 0
48328 1
48334 0
48339 1
48345 0
48350 1
48356 0
48361 1
48367 0
48372 1
48378 0
48383 1
48389 0
48394 1
48400 0
48405 1
48411 0
48416 1
48422 0
48427 1
48433 0
48438 1
48444 0
48449 1
48455 0
48460 1
48466 0
48471 1
48477 0
48482 1
48488 0
48493 1
48499 0
48504 1
48510 0
48515 1
48521 0
48526 1
48532 0
48537 1
48543 0
48548 1
48554 0
48559 1
48565 0
48570 1
48576 0
48581 1
48587 0
48592 1
48598 0
48603 1
48609 0
48614 1
48620 0
48625 1
48631 0
48636 1
48642 0
48647 1
48653 0
48658 1
48664 0
48669 1
48675 0
48680 1
48686 0
48691 1
48697 0
48702 1
48708 0
48713 1
48719 0
48724 1
48730 0
48735 1
48741 0
48746 1
48752 0
48757 1
48763 0
48768 1
48774 0
48779 1
48785 0
48790 1
48796 0
48801 1
48807 0
48812 1
48818 0
48823 1
48829 0
48834 1
48840 0
48845 1
48851 0
48856 1
48862 0
48867 1
48873 0
48878 1
48884 0
48889 1
48895 0
48900 1
48906 0
48911 1
48917 0
48922 1
48928 0
48933 1
48939 0
48944 1
48950 0
48955 1
48961 0
48966 1
48972 0
48977 1
48983 0
48988 1
48994 0
48999 1
49005 0
49010 1
49016 0
49021 1
49027 0
49032 1
49038 0
49043 1
49049 0
49054 1
49060 0
49065 1
49071 0
49076 1
49082 0
49087 1
49093 0
49098 1
49104 0
49109 1
49115 0
49120 1
49126 0
49131 1
49137 0
49142 1
49148 0
49153 1
49159 0
49164 1
49170 0
49175 1
49181 0
49186 1
49192 0
49197 1
49203 0
49208 1
49214 0
49219 1
49225 0
49230 1
49236 0
49241 1
49247 0
49252 1
49258 0
49263 1
49269 0
49274 1
49280 0
49285 1
49291 0
49296 1
49302 0
49307 1
49313 0
49318 1
49324 0
49329 1
49335 0
49340 1
49346 0
49351 1
49357 0
49362 1
49368 0
49373 1
49379 0
49384 1
49390 0
49395 1
49401 0
49406 1
49412 0
49417 1
49423 0
49428 1
49434 0
49439 1
49445 0
49450 1
49456 0
49461 1
49467 0
49472 1
49478 0
49483 1
49489 0
49494 1
49500 0
49505 1
49511 0
49516 1
49522 0
49527 1
49533 0
49538 1
49544 0
49549 1
49555 0
49560 1
49566 0
49571 1
49577 0
49582 1
49588 0
49593 1
49599 0
49604 1
49610 0
49615 1
49621 0
49626 1
49632 0
49637 1
49643 0
49648 1
49654 0
49659 1
49665 0
49670 1
49676 0
49681 1
49687 0
49692 1
49698 0
49703 1
49709 0
49714 1
49720 0
49725 1
49731 0
49736 1
49742 0
49747 1
49753 0
49758 1
49764 0
49769 1
49775 0
49780 1
49786 0
49791 1
49797 0
49802 1
49808 0
49813 1
49819 0
49824 1
49830 0
49835 1
49841 0
49846 1
49852 0
49857 1
49863 0
49868 1
49874 0
49879 1
49885 0
49890 1
49896 0
49901 1
49907 0
49912 1
49918 0
49923 1
49929 0
49934 1
49940 0
49945 1
49951 0
49956 1
49962 0
49967 1
49973 0
49978 1
49984 0
49989 1
49995 0
50000 1
50006 0
50011 1
50017 0
50022 1
50028 0
50033 1
50039 0
50044 1
50050 0
50055 1
50061 0
50066 1
50072 0
50077 1
50083 0
50088 1
50094 0
50099 1
50105 0
50110 1
50116 0
50121 1
50127 0
50132 1
50138 0
50143 1
50149 0
50154 1
50160 0
50165 1
50171 0
50176 1
50182 0
50187 1
50193 0
50198 1
50204 0
50209 1
50215 0
50220 1
50226 0
50231 1
50237 0
50242 1
50248 0
50253 1
50259 0
50264 1
50270 0
50275 1
50281 0
50286 1
50292 0
50297 1
50303 0
50308 1
50314 0
50319 1
50325 0
50330 1
50336 0
50341 1
50347 0
50352 1
50358 0
50363 1
50369 0
50374 1
50380 0
50385 1
50391 0
50396 1
50402 0
50407 1
50413 0
50418 1
50424 0
50429 1
50435 0
50440 1
50446 0
50451 1
50457 0
50462 1
50468 0
50473 1
50479 0
50484 1
50490 0
50495 1
50501 0
50506 1
50512 0
50517 1
50523 0
50528 1
50534 0
50539 1
50545 0
50550 1
50556 0
50561 1
50567 0
50572 1
50578 0
50583 1
50589 0
50594 1
50600 0
50605 1
50611 0
50616 1
50622 0
50627 1
50633 0
50638 1
50644 0
50649 1
50655 0
50660 1
50666 0
50671 1
50677 0
50682 1
50688 0
50693 1
50699 0
50704 1
50710 0
50715 1
50721 0
50726 1
50732 0
50737 1
50743 0
50748 1
50754 0
50759 1
50765 0
50770 1
50776 0
50781 1
50787 0
50792 1
50798 0
50803 1
50809 0
50814 1
50820 0
50825 1
50831 0
50836 1
50842 0
50847 1
50853 0
50858 1
50864 0
50869 1
50875 0
50880 1
50886 0
50891 1
50897 0
50902 1
50908 0
50913 1
50919 0
50924 1
50930 0
50935 1
50941 0
50946 1
50952 0
50957 1
50963 0
50968 1
50974 0
50979 1
50985 0
50990 1
50996 0
51001 1
51007 0
51012 1
51018 0
51023 1
51029 0
51034 1
51040 0
51045 1
51051 0
51056 1
51062 0
51067 1
51073 0
51078 1
51084 0
51089 1
51095 0
51100 1
51106 0
51111 1
51117 0
51122 1
51128 0
51133 1
51139 0
51144 1
51150 0
51155 1
51161 0
51166 1
51172 0
51177 1
51183 0
51188 1
51194 0
51199 1
51205 0
51210 1
51216 0
51221 1
51227 0
51232 1
51238 0
51243 1
51249 0
51254 1
51260 0
51265 1
51271 0
51276 1
51282 0
51287 1
51293 0
51298 1
51304 0
51309 1
51315 0
51320 1
51326 0
51331 1
51337 0
51342 1
51348 0
51353 1
51359 0
51364 1
51370 0
51375 1
51381 0
51386 1
51392 0
51397 1
51403 0
51408 1
51414 0
51419 1
51425 0
51430 1
51436 0
51441 1
51447 0
51452 1
51458 0
51463 1
51469 0
51474 1
51480 0
51485 1
51491 0
51496 1
51502 0
51507 1
51513 0
51518 1
51524 0
51529 1
51535 0
51540 1
51546 0
51551 1
51557 0
51562 1
51568 0
51573 1
51579 0
51584 1
51590 0
51595 1
51601 0
51606 1
51612 0
51617 1
51623 0
51628 1
51634 0
51639 1
51645 0
51650 1
51656 0
51661 1
51667 0
51672 1
51678 0
51683 1
51689 0
51694 1
51700 0
51705 1
51711 0
51716 1
51722 0
51727 1
51733 0
51738 1
51744 0
51749 1
51755 0
51760 1
51766 0
51771 1
51777 0
51782 1
51788 0
51793 1
51799 0
51804 1
51810 0
51815 1
51821 0
51826 1
51832 0
51837 1
51843 0
51848 1
51854 0
51859 1
51865 0
51870 1
51876 0
51881 1
51887 0
51892 1
51898 0
51903 1
51909 0
51914 1
51920 0
51925 1
51931 0
51936 1
51942 0
51947 1
51953 0
51958 1
51964 0
51969 1
51975 0
51980 1
51986 0
51991 1
51997 0
52002 1
52008 0
52013 1
52019 0
52024 1
52030 0
52035 1
52041 0
52046 1
52052 0
52057 1
52063 0
52068 1
52074 0
52079 1
52085 0
52090 1
52096 0
52101 1
52107 0
52112 1
52118 0
52123 1
52129 0
52134 1
52140 0
52145 1
52151 0
52156 1
52162 0
52167 1
52173 0
52178 1
52184 0
52189 1
52195 0
52200 1
52206 0
52211 1
52217 0
52222 1
52228 0
52233 1
52239 0
52244 1
52250 0
52255 1
52261 0
52266 1
52272 0
52277 1
52283 0
52288 1
52294 0
52299 1
52305 0
52310 1
52316 0
52321 1
52327 0
52332 1
52338 0
52343 1
52349 0
52354 1
52360 0
52365 1
52371 0
52376 1
52382 0
52387 1
52393 0
52398 1
52404 0
52409 1
52415 0
52420 1
52426 0
52431 1
52437 0
52442 1
52448 0
52453 1
52459 0
52464 1
52470 0
52475 1
52481 0
52486 1
52492 0
52497 1
52503 0
52508 1
52514 0
52519 1
52525 0
52530 1
52536 0
52541 1
52547 0
52552 1
52558 0
52563 1
52569 0
52574 1
52580 0
52585 1
52591 0
52596 1
52602 0
52607 1
52613 0
52618 1
52624 0
52629 1
52635 0
52640 1
52646 0
52651 1
52657 0
52662 1
52668 0
52673 1
52679 0
52684 1
52690 0
52695 1
52701 0
52706 1
52712 0
52717 1
52723 0
52728 1
52734 0
52739 1
52745 0
52750 1
52756 0
52761 1
52767 0
52772 1
52778 0
52783 1
52789 0
52794 1
52800 0
52805 1
52811 0
52816 1
52822 0
52827 1
52833 0
52838 1
52844 0
52849 1
52855 0
52860 1
52866 0
52871 1
52877 0
52882 1
52888 0
52893 1
52899 0
52904 1
52910 0
52915 1
52921 0
52926 1
52932 0
52937 1
52943 0
52948 1
52954 0
52959 1
52965 0
52970 1
52976 0
52981 1
52987 0
52992 1
52998 0
53003 1
53009 0
53014 1
53020 0
53025 1
53031 0
53036 1
53042 0
53047 1
53053 0
53058 1
53064 0
53069 1
53075 0
53080 1
53086 0
53091 1
53097 0
53102 1
53108 0
53113 1
53119 0
53124 1
53130 0
53135 1
53141 0
53146 1
53152 0
53157 1
53163 0
53168 1
53174 0
53179 1
53185 0
53190 1
53196 0
53201 1
53207 0
53212 1
53218 0
53223 1
53229 0
53234 1
53240 0
53245 1
53251 0
53256 1
53262 0
53267 1
53273 0
53278 1
53284 0
53289 1
53295 0
53300 1
53306 0
53311 1
53317 0
53322 1
53328 0
53333 1
53339 0
53344 1
53350 0
53355 1
53361 0
53366 1
53372 0
53377 1
53383 0
53388 1
53394 0
53399 1
53405 0
53410 1
53416 0
53421 1
53427 0
53432 1
53438 0
53443 1
53449 0
53454 1
53460 0
53465 1
53471 0
53476 1
53482 0
53487 1
53493 0
53498 1
53504 0
53509 1
53515 0
53520 1
53526 0
53531 1
53537 0
53542 1
53548 0
53553 1
53559 0
53564 1
53570 0
53575 1
53581 0
53586 1
53592 0
53597 1
53603 0
53608 1
53614 0
53619 1
53625 0
53630 1
53636 0
53641 1
53647 0
53652 1
53658 0
53663 1
53669 0
53674 1
53680 0
53685 1
53691 0
53696 1
53702 0
53707 1
53713 0
53718 1
53724 0
53729 1
53735 0
53740 1
53746 0
53751 1
53757 0
53762 1
53768 0
53773 1
53779 0
53784 1
53790 0
53795 1
53801 0
53806 1
53812 0
53817 1
53823 0
53828 1
53834 0
53839 1
53845 0
53850 1
53856 0
53861 1
53867 0
53872 1
53878 0
53883 1
53889 0
53894 1
53900 0
53905 1
53911 0
53916 1
53922 0
53927 1
53933 0
53938 1
53944 0
53949 1
53955 0
53960 1
53966 0
53971 1
53977 0
53982 1
53988 0
53993 1
53999 0
54004 1
54010 0
54015 1
54021 0
54026 1
54032 0
54037 1
54043 0
54048 1
54054 0
54059 1
54065 0
54070 1
54076 0
54081 1
54087 0
54092 1
54098 0
54103 1
54109 0
54114 1
54120 0
54125 1
54131 0
54136 1
54142 0
54147 1
54153 0
54158 1
54164 0
54169 1
54175 0
54180 1
54186 0
54191 1
54197 0
54202 1
54208 0
54213 1
54219 0
54224 1
54230 0
54235 1
54241 0
54246 1
54252 0
54257 1
54263 0
54268 1
54274 0
54279 1
54285 0
54290 1
54296 0
54301 1
54307 0
54312 1
54318 0
54323 1
54329 0
54334 1
54340 0
54345 1
54351 0
54356 1
54362 0
54367 1
54373 0
54378 1
54384 0
54389 1
54395 0
54400 1
54406 0
54411 1
54417 0
54422 1
54428 0
54433 1
54439 0
54444 1
54450 0
54455 1
54461 0
54466 1
54472 0
54477 1
54483 0
54488 1
54494 0
54499 1
54505 0
54510 1
54516 0
54521 1
54527 0
54532 1
54538 0
54543 1
54549 0
54554 1
54560 0
54565 1
54571 0
54576 1
54582 0
54587 1
54593 0
54598 1
54604 0
54609 1
54615 0
54620 1
54626 0
54631 1
54637 0
54642 1
54648 0
54653 1
54659 0
54664 1
54670 0
54675 1
54681 0
54686 1
54692 0
54697 1
54703 0
54708 1
54714 0
54719 1
54725 0
54730 1
54736 0
54741 1
54747 0
54752 1
54758 0
54763 1
54769 0
54774 1
54780 0
54785 1
54791 0
54796 1
54802 0
54807 1
54813 0
54818 1
54824 0
54829 1
54835 0
54840 1
54846 0
54851 1
54857 0
54862 1
54868 0
54873 1
54879 0
54884 1
54890 0
54895 1
54901 0
54906 1
54912 0
54917 1
54923 0
54928 1
54934 0
54939 1
54945 0
54950 1
54956 0
54961 1
54967 0
54972 1
54978 0
54983 1
54989 0
54994 1
55000 0
