68 7
19 21
54 57
40 68
43 56
34 28
42 2
4 44
98 7
63 46
48 71
39 5
60 89
27 28
86 70
13 60
31 3
24 5
30 2
21 25
12 4
6 1
1 4
2 4
4 10
50 4
25 37
49 30
9 24
9 33
63 7
36 55
31 41
3 48
63 43
49 3
58 42
18 50
35 10
8 28
8 31
6 30
14 27
19 2
3 12
35 7
5 29
13 4
11 28
18 3
15 10
12 18
5 15
71 9
21 27
7 15
45 29
2 55
17 19
71 40
33 42
44 46
63 61
50 7
38 46
21 40
41 18
31 37
29 19
50 44
7 8
47 9
23 47
27 15
42 11
46 7
1 41
43 17
38 46
41 11
30 26
20 10
20 9
17 3
13 6
14 20
15 8
7 7
4 5
4 7
8 14
18 18
23 1
20 4
28 10
25 1
15 2
26 18
0 17
5 5
27 22
24 8
9 15
24 5
26 12
60 7
38 17
37 9
18 10
39 23
26 44
32 36
31 41
1 9
1 1
0 1
1 1
1 1
1 1
0 1
1 1
0 1
0 1
79 3
68 32
59 69
75 7
80 4
44 36
14 78
38 21
23 74
58 8
3 52
36 31
5 42
54 31
31 22
15 6
57 17
10 50
64 4
24 62
56 44
9 18
37 54
15 5
5 4
1 5
15 15
3 1
5 6
40 2
26 36
2 6
53 6
53 10
19 24
9 7
21 25
30 22
27 20
40 3
28 34
38 39
31 30
99 4
69 9
4 60
90 2
99 28
8 3
7 1
8 2
6 2
54 7
24 33
11 16
40 9
48 17
16 25
4 10
47 9
30 1
24 3
17 3
3 5
15 12
1 9
72 1
4 22
5 6
0 2
2 4
3 1
4 1
5 4
0 1
86 6
75 82
57 24
24 66
47 38
6 10
47 5
72 9
10 39
28 46
52 18
72 41
2 65
18 25
35 17
15 38
21 11
75 10
31 46
60 37
43 59
49 19
51 64
37 61
72 23
17 73
58 58
55 58
12 9
2 6
12 12
5 1
11 2
4 7
7 5
8 8
12 10
4 7
53 6
17 42
3 17
31 50
0 27
25 40
42 37
49 6
4 44
47 22
18 21
18 41
32 7
14 22
69 5
0 2
6 18
67 52
12 10
3 65
21 6
15 3
17 3
9 10
3 7
3 16
19 17
7 8
3 2
6 7
1 5
3 2
7 7
0 2
7 2
3 3
35 4
35 21
17 27
28 24
30 1
6 10
3 6
5 1
1 6
2 6
4 4
3 1
3 4
1 4
4 4
2 4
96 8
67 93
43 20
9 19
87 62
48 49
90 68
90 74
88 68
32 1
12 18
79 10
1 78
52 15
76 51
38 36
13 6
65 28
31 77
29 67
68 8
70 12
66 4
65 33
52 10
50 64
27 5
87 7
54 56
62 54
60 85
47 23
61 87
34 34
25 53
22 4
18 16
19 2
8 9
0 22
76 6
28 14
36 4
34 24
37 60
71 51
65 49
49 9
29 12
40 45
5 30
24 24
15 36
9 32
47 29
31 8
9 32
47 4
38 1
18 16
24 3
18 4
28 4
9 27
7 12
16 22
11 26
5 8
3 4
3 2
0 3
2 2
4 1
0 5
4 5
1 3
24 6
17 12
19 19
12 8
23 8
17 5
20 17
80 2
71 19
46 63
29 1
19 7
96 4
45 13
90 64
63 39
88 37
36 3
27 4
28 25
7 12
83 1
38 61
46 3
35 10
25 8
2 14
29 3
8 12
6 14
23 29
95 3
56 45
43 86
29 59
25 1
19 25
98 6
24 90
55 55
9 54
21 35
64 85
48 28
74 4
16 71
59 10
51 58
27 14
9 3
3 3
7 3
8 8
75 2
62 53
24 14
43 6
36 4
38 4
38 18
35 43
38 25
27 33
61 9
38 43
53 12
50 58
61 27
55 61
38 23
5 27
9 45
22 17
47 3
30 13
7 15
33 20
31 1
16 18
60 2
2 20
18 9
90 10
25 48
42 6
86 56
39 83
54 72
48 38
47 62
86 15
36 79
11 25
94 5
92 4
63 26
72 94
92 85
4 81
88 5
87 79
3 71
85 12
66 75
37 70
60 6
55 26
17 30
55 13
16 17
18 39
32 15
21 7
18 5
16 4
11 2
13 4
6 1
4 9
17 12
51 1
50 43
71 3
38 35
61 17
66 27
68 5
45 4
6 23
34 44
16 46
0 45
55 9
47 14
48 5
37 45
33 30
24 44
38 38
10 50
51 27
19 54
75 9
9 12
37 21
29 40
60 24
10 56
5 16
59 55
56 42
61 69
14 1
13 1
77 5
32 77
13 29
62 72
65 76
16 9
47 4
8 18
37 27
42 33
33 6
79 10
18 59
45 18
43 57
10 54
78 60
38 73
17 46
71 64
17 23
34 46
32 7
4 18
24 12
10 24
0 8
11 19
24 8
26 28
37 2
0 27
4 7
45 5
9 26
23 42
3 37
12 30
40 45
5 4
3 5
4 2
0 4
4 1
65 8
33 13
64 15
32 19
32 52
35 48
65 12
61 49
43 50
69 8
35 26
15 33
40 10
1 14
34 8
7 16
27 41
2 65
93 10
58 9
25 44
57 1
85 30
51 21
47 56
56 19
89 41
0 76
13 5
13 7
9 13
2 4
13 2
13 9
0 7
3 6
6 4
36 4
18 16
23 6
17 13
23 36
38 1
13 33
99 7
78 22
61 76
68 54
71 45
65 19
36 92
18 47
74 6
14 58
72 38
44 70
27 72
11 56
65 29
80 4
55 26
42 4
62 67
37 34
6 7
6 5
5 6
3 6
6 4
6 6
5 2
2 6
77 6
12 59
47 55
50 58
64 49
12 48
30 21
31 9
17 1
10 18
15 23
6 21
19 15
24 23
6 8
9 21
14 25
76 10
76 61
74 21
18 29
4 19
14 40
20 66
73 73
67 46
20 44
31 7
34 9
0 4
13 15
9 14
18 26
10 22
6 19
17 12
6 31
1 2
3 6
1 3
0 3
0 3
3 2
0 3
2 3
41 10
27 28
38 18
23 25
2 20
39 12
11 18
32 4
40 24
19 10
4 3
19 2
14 15
5 11
27 2
24 1
9 10
12 10
6 3
10 2
6 3
8 2
10 8
9 9
1 7
11 6
3 2
10 2
26 6
5 24
13 9
1 24
21 19
25 10
13 23
68 7
42 30
8 60
32 52
67 1
36 40
28 53
41 44
89 6
70 5
66 14
25 10
35 67
75 11
83 27
59 1
14 42
17 6
13 8
2 14
5 4
10 14
7 6
4 3
31 9
31 23
12 22
17 2
3 2
14 31
27 3
22 18
12 14
30 9
85 9
41 65
44 48
35 7
1 53
64 68
38 41
38 2
78 41
50 37
67 2
38 51
49 36
45 1
25 22
41 7
0 7
41 2
15 15
10 12
18 32
30 16
41 31
60 8
42 28
15 60
53 42
60 33
19 28
43 10
6 9
57 48
57 2
37 51
17 4
44 3
28 1
26 14
24 38
44 3
42 41
8 31
20 33
74 4
57 70
43 20
63 41
35 26
21 4
10 4
4 13
8 18
2 10
66 6
26 5
13 46
53 34
40 20
40 41
53 38
10 10
0 7
1 2
7 3
6 9
1 2
9 1
0 7
6 1
10 7
3 1
78 10
63 50
56 54
34 46
28 21
22 19
7 7
67 78
42 70
26 11
36 55
34 7
10 21
26 21
27 29
16 7
13 22
15 7
16 2
13 6
4 11
3 4
0 13
4 4
10 5
7 13
97 2
88 93
81 34
100 9
54 78
68 23
7 34
12 85
43 14
79 81
38 34
87 11
35 73
40 8
32 5
21 26
3 21
19 15
5 24
29 27
36 7
34 23
90 7
72 72
6 68
34 47
18 3
90 54
9 49
0 10
27 7
24 25
3 19
24 6
24 9
15 12
14 18
23 25
26 4
9 21
4 26
26 18
23 1
16 8
12 9
15 5
16 14
3 11
4 1
8 14
15 2
6 3
86 1
19 19
60 10
51 22
52 56
33 49
40 31
27 43
4 27
38 60
34 30
17 23
23 29
22 4
16 1
3 8
18 9
1 10
55 8
40 44
32 53
18 42
43 10
52 13
39 10
40 37
54 34
51 4
5 2
50 3
42 3
24 30
73 5
48 71
51 55
16 30
52 9
11 71
66 10
23 2
66 20
5 38
14 61
45 39
23 43
29 17
54 44
7 12
17 13
66 4
19 17
65 32
15 57
22 37
62 3
16 39
24 46
6 27
9 2
8 7
4 1
17 4
1 7
6 15
3 5
13 11
4 3
2 3
4 2
3 3
33 2
22 31
15 13
78 3
2 57
37 3
16 35
41 5
12 16
29 9
6 11
37 4
31 33
6 7
0 1
2 5
5 1
1 1
4 3
4 1
6 4
16 9
14 12
12 9
6 15
14 2
11 10
4 9
6 12
10 10
4 11
49 8
27 47
15 39
48 21
48 36
19 25
20 47
25 29
23 22
73 8
2 69
48 70
25 12
10 27
63 67
72 38
32 62
17 67
69 6
23 15
67 20
33 53
1 65
56 67
61 9
69 6
64 6
0 6
53 19
44 42
12 46
38 17
40 4
21 1
3 2
35 35
17 26
19 6
5 13
18 1
5 14
9 19
17 3
10 9
38 5
18 16
15 29
32 1
34 4
37 14
16 2
7 9
15 10
9 6
4 9
1 7
8 9
1 9
3 6
3 1
45 5
19 12
16 30
31 37
18 13
16 17
36 9
34 35
34 21
18 16
34 25
13 30
34 25
19 28
28 11
20 7
43 3
30 2
23 38
38 19
53 2
8 30
16 9
100 1
36 78
26 3
21 24
5 15
4 23
53 4
3 19
31 17
28 28
53 30
89 3
64 22
41 63
37 10
100 2
9 47
65 9
12 4
1 12
9 1
11 6
6 3
52 3
1 26
45 39
51 17
62 9
47 42
45 53
61 54
31 43
48 5
13 46
22 20
1 33
27 15
7 10
6 6
4 5
2 4
5 5
6 7
0 1
5 3
0 3
2 5
0 7
36 2
3 30
31 17
72 6
48 63
61 20
71 1
42 64
32 27
13 38
52 9
23 52
26 51
19 35
49 17
52 11
26 47
12 6
37 20
50 10
12 7
7 10
12 6
10 1
9 4
7 6
3 1
8 8
24 10
3 14
3 23
18 11
7 4
8 1
22 3
1 10
15 16
1 21
5 5
55 1
25 37
23 7
3 22
21 19
16 23
6 8
6 3
9 22
10 11
3 5
2 3
1 2
0 3
1 3
0 3
76 5
6 14
51 10
71 10
3 28
58 48
9 9
8 5
0 9
2 1
9 9
5 7
6 5
6 6
1 7
3 4
42 2
22 39
37 33
6 4
0 2
2 3
4 2
0 4
96 4
61 50
63 87
33 59
69 88
92 7
79 15
30 52
77 26
5 84
23 52
57 17
56 53
9 9
1 9
8 7
0 1
2 9
7 4
6 2
9 1
6 2
6 6
24 8
19 9
13 20
14 19
4 21
19 14
24 7
0 22
22 4
82 6
11 71
68 51
60 45
79 2
14 38
50 7
46 10
42 21
2 41
19 36
43 41
24 26
46 39
9 32
14 45
26 2
46 36
42 8
23 14
39 14
16 26
29 42
37 37
18 27
23 26
33 36
38 8
10 2
27 1
17 35
38 36
26 37
29 13
10 15
22 8
52 5
52 23
17 13
40 26
19 13
35 8
12 7
5 4
6 5
6 4
0 10
7 6
7 6
6 6
93 7
83 92
36 87
50 89
79 69
20 73
20 58
50 17
97 3
47 89
61 60
46 64
35 7
35 14
21 12
1 3
28 26
18 15
25 31
28 13
38 1
10 30
100 6
3 64
63 52
32 98
66 50
28 15
44 15
66 9
58 64
20 63
36 38
60 8
46 58
50 10
29 54
48 11
58 13
93 10
52 46
67 62
80 52
56 46
54 88
83 64
44 52
59 80
44 16
21 21
83 8
27 40
39 43
2 10
3 42
32 80
57 56
33 59
3 4
80 4
10 1
60 16
12 21
20 10
18 8
16 11
16 1
2 14
15 4
17 1
3 6
11 18
15 9
54 9
4 8
30 5
33 2
25 22
27 19
27 47
12 17
25 33
18 50
23 3
16 5
13 19
11 6
47 2
1 15
4 26
84 10
19 16
66 27
13 34
23 51
40 21
31 4
23 68
13 16
25 20
54 49
77 3
10 12
22 69
27 72
95 10
58 62
81 17
63 86
49 73
1 71
37 78
77 64
11 64
82 52
15 92
77 4
28 33
56 9
8 72
24 41
98 1
69 13
63 2
61 56
41 12
93 10
75 65
47 58
42 49
56 79
37 91
10 6
15 4
16 44
53 54
14 70
53 9
32 32
8 35
41 23
9 14
8 24
4 28
42 52
9 8
12 34
64 8
25 61
31 32
49 61
24 24
51 15
6 57
52 16
64 42
1 6
0 1
1 1
1 1
0 1
0 1
0 1
29 7
3 6
12 22
7 22
7 27
28 25
2 7
28 25
95 6
73 1
37 32
77 55
19 14
43 56
6 86
57 6
18 28
45 20
19 35
2 39
46 17
37 11
83 1
74 83
36 2
21 33
10 6
6 7
0 6
1 6
6 1
6 2
0 3
6 1
5 4
2 1
2 1
29 9
21 9
24 14
21 11
2 19
19 27
18 11
20 15
8 14
11 2
42 2
41 3
20 18
93 9
14 18
70 45
22 67
49 77
58 55
45 91
41 70
79 33
67 30
34 8
31 10
23 34
29 11
32 30
33 27
18 28
18 33
15 10
97 5
35 10
86 33
72 83
93 36
14 28
53 5
14 6
50 51
13 9
53 42
48 24
66 6
3 50
7 60
40 41
28 35
23 13
10 12
55 7
27 24
44 30
4 41
22 52
26 20
34 20
30 33
87 4
53 57
62 44
41 18
35 57
30 5
23 7
4 21
14 20
12 12
20 19
10 1
8 3
18 7
4 7
13 5
11 4
7 14
10 18
7 16
17 14
66 8
46 41
63 57
15 5
19 2
52 24
42 50
63 19
38 1
42 3
32 28
32 27
27 19
96 1
29 11
64 9
18 34
27 15
55 27
61 35
35 24
34 35
48 31
13 6
60 53
59 1
1 54
83 8
11 21
26 40
15 73
68 52
65 6
30 36
13 68
81 19
63 5
50 28
38 44
15 3
25 53
49 58
88 2
7 44
85 87
93 2
41 35
61 28
1 6
1 1
0 1
1 1
1 1
1 1
0 1
36 2
35 4
3 21
91 3
82 55
17 60
54 22
19 9
16 10
1 19
14 2
1 19
0 18
19 15
3 10
13 4
8 14
41 3
3 11
4 25
27 34
100 5
28 11
81 88
61 13
34 33
42 28
53 7
48 16
29 34
50 22
30 47
13 32
40 17
44 33
13 9
12 10
10 8
1 6
11 3
3 7
12 10
13 12
7 5
13 5
36 10
14 29
27 29
21 15
31 35
8 15
30 21
30 34
17 28
26 14
34 36
1 3
0 1
1 1
1 1
84 8
80 46
24 67
45 69
24 1
83 54
84 66
34 8
16 30
58 2
41 39
55 21
34 2
20 4
8 4
86 7
23 24
77 18
23 67
41 14
54 49
55 86
54 68
82 5
22 20
69 68
31 57
34 39
15 61
28 2
17 2
23 11
60 2
46 12
12 23
47 9
0 8
33 25
34 38
17 27
29 8
47 7
42 33
7 37
21 7
100 1
54 92
93 7
75 62
1 85
9 23
55 75
15 7
26 77
17 5
63 6
37 42
7 32
31 36
20 14
54 41
10 46
76 6
45 59
50 62
1 48
45 36
61 7
17 2
6 1
0 2
58 10
34 39
24 5
56 57
9 41
25 57
13 29
0 11
11 20
1 46
19 28
87 6
29 65
60 33
41 7
3 49
70 74
37 75
76 3
42 62
49 23
63 21
2 7
1 1
2 1
1 2
1 1
1 1
0 2
1 2
2 7
2 2
1 2
0 1
1 2
1 1
1 2
2 1
29 7
26 28
8 4
7 29
10 26
14 18
25 6
27 29
15 5
0 7
12 6
6 14
8 1
4 7
3 1
0 3
19 3
17 3
13 8
10 14
43 1
6 32
86 5
8 28
85 53
66 82
45 39
3 36
40 3
26 22
4 20
15 18
9 10
8 1
8 6
2 5
6 3
5 2
7 3
1 8
8 7
1 3
8 3
74 8
15 23
5 27
56 74
30 12
21 20
72 54
23 54
9 12
99 8
30 20
12 64
8 54
73 58
1 57
81 40
67 48
97 59
98 10
93 53
51 4
87 83
37 31
39 12
58 32
0 82
23 98
0 1
72 92
5 9
4 1
5 3
1 2
3 1
3 2
1 4
5 3
1 5
4 1
36 4
8 22
14 9
32 15
31 21
12 7
4 5
0 11
9 7
10 8
1 8
9 2
2 10
53 9
41 20
47 44
44 40
42 32
25 29
33 1
41 37
45 37
38 33
97 6
95 39
0 32
74 38
93 95
79 26
31 31
68 4
2 2
2 58
45 11
16 20
14 4
4 9
11 4
7 4
0 12
5 1
1 5
76 10
7 70
24 35
52 33
29 22
24 15
71 37
64 18
76 16
11 26
59 14
28 1
25 22
91 2
25 24
28 24
71 7
5 70
62 58
14 7
25 41
44 11
20 61
51 59
17 4
16 7
4 3
9 7
9 17
98 2
62 36
90 12
24 8
7 11
10 12
24 12
19 14
19 21
22 15
4 18
0 12
25 8
12 20
8 13
25 11
25 24
5 23
22 14
10 15
1 6
74 10
8 14
23 62
23 30
35 57
4 33
7 45
62 36
30 27
0 56
53 35
28 7
7 11
14 24
17 25
10 14
18 12
0 5
20 22
1 8
0 1
0 1
0 1
1 1
0 1
0 1
1 1
1 1
50 10
15 40
6 41
7 44
17 7
31 41
16 37
32 45
41 35
9 37
30 41
91 1
2 11
86 1
64 2
77 8
77 71
44 60
20 6
68 39
29 72
50 63
28 35
19 21
70 1
68 18
21 4
14 2
10 17
6 19
8 1
72 9
68 36
26 8
72 67
54 6
71 41
33 17
6 37
35 65
38 4
64 2
14 30
10 45
52 3
44 36
48 42
0 9
74 3
20 64
59 68
8 45
74 7
36 2
72 23
69 74
14 53
72 9
6 30
19 2
25 2
24 1
15 21
14 5
12 14
2 9
5 11
11 3
1 8
83 10
25 64
2 59
31 43
39 21
60 2
56 38
36 67
60 3
66 48
14 61
63 8
55 33
41 30
60 39
57 18
55 35
61 7
47 29
27 13
66 3
3 16
32 21
58 11
27 9
1 1
14 7
8 21
16 20
14 26
6 19
12 23
15 12
0 22
98 9
51 77
6 38
71 4
42 39
27 2
15 48
25 67
66 88
78 2
35 4
3 13
33 13
27 22
26 31
99 3
1 93
99 33
50 50
94 2
55 75
82 6
55 3
6 50
12 17
20 33
61 5
19 35
5 49
21 3
42 21
38 27
57 5
30 5
35 11
21 18
52 25
33 6
11 2
5 2
11 8
9 1
5 7
76 2
70 41
72 35
70 1
49 14
54 6
30 50
44 17
10 43
36 52
29 21
38 22
42 5
32 4
36 9
36 40
8 28
24 12
93 4
64 28
17 12
92 63
35 30
20 4
8 19
5 5
13 9
10 14
66 2
24 57
55 7
66 8
33 33
24 18
21 5
55 31
25 14
41 54
9 45
29 2
16 1
8 1
80 6
58 55
1 37
80 16
69 1
78 72
80 4
60 3
31 58
5 19
54 38
62 2
61 60
4 47
9 6
6 6
4 3
1 9
4 8
9 1
2 1
91 1
20 42
28 6
0 15
16 12
27 22
13 11
4 27
7 2
56 10
31 21
21 46
34 8
21 52
41 39
5 22
39 19
53 55
43 35
14 17
25 1
14 15
66 1
63 59
48 8
12 43
23 4
5 28
20 11
6 12
39 14
17 4
2 38
61 1
42 51
12 10
12 3
9 6
7 4
5 9
10 9
8 5
9 6
11 5
0 10
2 2
42 9
0 22
16 39
7 10
25 9
14 20
41 42
2 10
15 39
0 13
95 10
33 55
1 69
92 51
13 2
73 39
67 42
6 23
71 69
93 44
95 24
91 4
62 91
18 64
36 22
3 52
98 4
41 67
42 97
49 7
65 96
85 7
3 17
21 29
2 45
3 18
40 80
14 67
36 67
93 6
17 78
92 33
24 79
6 21
61 84
15 49
67 2
3 32
61 51
52 4
47 3
39 47
31 28
8 47
53 9
52 29
47 43
28 21
46 19
32 52
35 3
3 5
16 24
38 21
33 7
29 23
22 20
33 29
28 8
20 32
13 10
14 6
32 10
4 11
18 32
14 31
19 14
18 24
28 29
22 7
23 25
29 24
15 19
96 6
88 94
93 6
28 15
37 43
59 93
60 91
53 9
18 46
25 41
14 36
9 40
37 14
7 28
50 11
12 21
38 38
86 2
33 73
3 51
100 10
42 19
47 66
9 3
35 75
39 29
82 44
85 80
57 48
43 93
39 18
22 10
7 10
14 19
14 2
21 6
0 17
14 17
6 6
14 21
16 13
19 16
4 8
1 3
2 4
3 4
2 4
0 2
3 1
2 4
3 2
18 6
7 17
8 7
4 17
13 8
18 18
13 14
35 2
5 4
19 2
42 1
15 1
53 9
49 25
36 32
41 40
48 29
48 40
49 31
2 7
4 8
41 27
44 2
23 26
33 28
63 10
40 9
23 41
1 11
31 3
58 5
59 42
61 2
20 1
35 17
45 8
24 2
16 5
16 20
36 4
23 6
7 32
24 20
23 5
81 10
47 67
20 68
10 63
37 38
69 32
1 60
52 36
63 23
10 58
31 24
62 9
62 22
24 48
11 25
15 42
52 28
8 22
52 26
34 12
37 49
35 4
2 21
26 14
30 32
2 29
79 6
6 1
46 62
23 39
8 1
51 57
45 20
56 5
10 53
39 31
35 12
9 41
23 44
32 10
0 30
22 29
21 29
8 23
29 14
29 28
6 32
13 2
26 31
12 14
86 8
2 13
9 77
10 22
8 40
18 12
11 85
5 68
49 5
85 9
26 75
7 10
70 41
66 48
40 37
27 46
0 54
51 10
18 66
49 2
9 41
6 9
40 4
22 23
17 8
26 13
0 13
37 7
9 33
34 2
22 24
31 30
33 17
2 12
11 15
19 1
4 2
83 2
7 39
45 61
61 10
30 18
32 27
8 11
51 58
15 49
31 47
50 60
34 43
30 26
38 30
53 4
37 28
14 37
44 7
17 38
71 10
30 5
60 67
59 2
58 42
21 23
59 45
3 14
23 18
56 5
42 54
23 7
10 6
7 10
11 16
6 22
4 11
3 15
15 8
72 9
33 47
59 40
54 13
51 57
71 15
13 5
11 64
44 12
35 44
62 6
14 21
6 26
5 30
51 28
26 20
11 25
21 10
20 12
15 16
7 13
17 19
17 3
16 1
13 4
17 6
8 1
2 1
7 9
7 4
2 2
3 6
2 1
5 3
7 5
6 3
0 4
3 7
56 3
34 55
4 56
13 7
74 2
3 17
28 46
7 8
4 3
3 3
3 4
1 1
4 5
1 6
5 5
3 2
100 1
62 35
96 10
11 25
16 57
66 43
42 44
30 73
79 14
50 70
68 46
41 31
6 71
21 5
9 18
10 1
16 4
7 16
3 21
85 7
67 77
44 62
58 44
61 14
30 23
18 73
58 12
83 4
38 80
78 12
26 5
25 38
49 5
8 23
10 5
22 34
1 8
38 13
16 6
2 16
8 13
8 11
4 15
15 12
9 14
22 10
7 1
13 22
0 12
0 10
1 7
11 6
13 4
1 5
1 8
7 3
78 10
0 71
73 6
39 51
19 38
54 25
70 47
66 58
44 15
70 74
11 47
12 2
5 11
2 4
8 9
0 7
6 3
5 1
0 7
4 5
4 4
2 1
5 8
2 2
12 3
5 2
7 8
6 10
64 10
19 52
48 19
54 5
39 11
44 18
37 1
45 58
31 40
37 11
64 16
24 8
14 9
19 16
11 17
10 23
22 11
5 15
22 6
8 21
88 1
23 31
20 10
4 4
19 1
0 17
11 12
6 15
13 11
13 3
9 2
20 1
18 2
83 6
7 64
14 7
40 78
16 40
17 33
67 53
5 5
3 1
0 3
2 2
3 2
1 3
44 6
4 15
11 21
8 22
9 40
34 15
39 41
22 5
16 19
13 22
20 7
15 10
9 12
50 2
22 3
23 45
37 5
21 34
3 21
8 35
21 3
6 15
55 9
2 40
49 7
41 34
22 35
17 22
48 55
13 26
18 2
10 42
50 3
15 3
43 10
17 18
79 6
66 37
71 13
3 76
59 56
10 74
75 71
69 6
20 53
17 5
48 14
38 4
63 36
6 13
60 7
58 11
30 54
39 5
59 42
0 26
15 27
10 52
33 6
1 30
9 33
4 10
23 28
30 13
17 26
9 6
4 6
3 3
0 5
7 6
8 3
3 4
60 10
28 16
30 14
57 59
0 17
12 40
55 43
38 5
55 13
59 37
33 50
76 6
59 72
16 29
67 59
34 47
67 50
57 35
92 10
75 2
50 57
43 66
78 61
59 26
13 32
47 15
53 69
69 14
30 48
10 4
6 2
0 7
9 2
3 8
69 3
43 38
16 52
19 3
74 4
31 26
21 72
44 3
33 68
42 4
25 24
9 12
40 38
39 31
45 5
40 23
14 45
23 40
43 20
7 1
45 4
39 37
22 24
24 28
3 27
81 9
49 51
77 17
54 76
16 2
53 13
76 30
70 23
43 21
25 20
94 1
69 13
1 8
1 1
1 1
0 1
0 1
0 1
1 1
1 1
1 1
86 5
42 52
42 35
45 40
34 8
28 81
13 3
8 2
0 9
7 7
6 5
4 6
0 2
1 3
0 2
2 1
29 10
7 29
5 21
20 5
8 3
26 24
8 16
27 17
6 15
15 22
15 29
10 8
4 7
9 2
1 2
9 9
5 5
3 4
7 9
5 4
50 4
45 14
23 3
49 21
48 19
42 5
26 24
27 26
41 2
26 15
15 23
87 1
24 17
74 9
13 34
38 18
0 38
43 69
50 61
49 23
69 39
57 50
10 30
15 9
10 6
5 2
15 6
5 2
3 5
5 15
4 7
10 3
5 5
95 1
4 81
83 8
29 55
29 22
1 44
8 49
46 12
16 12
58 13
34 77
80 7
40 21
4 23
39 56
18 1
9 65
2 47
62 19
66 1
51 64
21 9
21 7
8 18
17 18
16 20
2 10
6 17
19 6
2 15
21 9
93 4
40 64
48 58
58 55
67 71
52 1
25 15
56 9
19 8
20 47
5 43
5 9
18 45
29 55
20 33
4 20
42 19
4 8
0 1
0 2
0 1
2 4
3 3
3 2
4 3
1 2
14 8
1 4
1 6
2 9
9 6
9 8
9 4
13 11
12 2
24 7
21 9
0 6
21 15
3 8
20 14
23 5
12 24
86 7
40 66
77 10
29 42
41 24
75 82
86 27
52 53
45 1
36 43
28 10
9 27
0 10
8 21
5 28
21 27
11 19
13 15
6 10
28 17
28 23
11 3
4 3
6 1
6 8
11 1
8 11
71 6
9 25
23 17
42 26
3 51
59 11
70 55
21 7
2 1
18 11
21 12
14 19
6 6
4 8
17 10
11 1
4 2
71 2
20 22
15 29
43 10
38 17
4 31
7 34
6 24
10 13
17 9
19 23
42 37
40 17
28 22
12 3
8 4
2 11
0 1
29 7
28 21
26 17
28 13
27 1
25 24
11 15
13 29
78 7
37 21
63 37
76 59
20 40
0 49
38 65
50 47
61 7
15 33
19 31
30 57
8 5
54 58
57 13
33 16
16 9
8 5
8 12
11 5
16 4
12 16
11 16
7 4
2 2
1 6
76 9
71 66
38 20
31 27
41 8
28 41
1 67
39 58
38 45
24 27
48 3
38 7
45 26
5 30
36 7
3 12
20 12
28 34
29 26
12 28
27 23
20 21
25 9
16 4
20 3
22 23
9 10
12 10
25 7
9 16
25 7
14 16
25 2
5 6
1 1
26 2
1 25
2 7
49 9
5 24
24 12
32 31
46 6
26 36
34 8
32 44
18 38
3 22
73 8
62 42
48 3
48 12
71 73
46 51
29 16
57 9
27 1
96 8
20 41
57 80
6 73
61 46
5 26
64 77
61 82
22 7
18 9
9 10
2 6
2 4
1 2
6 4
2 5
8 11
3 2
1 6
91 1
45 13
72 10
25 29
59 17
2 61
34 67
18 52
40 34
42 22
44 14
1 22
44 19
20 1
7 9
66 4
7 45
38 8
45 17
27 57
81 10
27 21
62 30
41 46
73 77
55 15
12 58
30 41
46 41
12 74
81 58
88 1
58 8
94 6
91 27
31 54
8 68
7 77
43 13
23 23
43 5
42 31
30 42
8 33
0 1
36 23
52 2
17 26
2 38
13 9
1 4
9 1
10 8
13 5
0 9
2 9
8 7
8 12
7 4
42 1
23 42
17 5
3 12
3 17
6 1
3 5
1 3
74 8
23 5
31 15
57 71
49 69
17 12
57 53
16 45
58 46
4 8
2 1
1 2
3 4
0 2
0 2
1 4
4 2
0 2
28 6
11 2
2 23
26 19
24 2
1 5
15 17
64 5
61 34
37 30
10 44
60 41
5 62
91 3
30 51
51 1
82 91
57 2
49 42
30 20
20 1
20 16
16 6
8 11
6 15
16 6
6 7
12 6
9 14
77 10
75 22
37 69
8 46
61 17
54 29
29 43
55 18
41 12
37 71
25 28
10 2
1 6
4 3
45 9
39 35
1 24
32 19
11 11
19 6
20 39
5 3
5 39
32 42
95 7
95 48
12 68
15 81
58 18
42 50
14 70
34 94
97 4
6 30
91 44
61 88
52 96
96 3
26 12
24 70
36 4
52 4
10 24
49 15
18 29
19 46
56 4
7 56
38 44
54 1
55 42
16 5
7 5
7 16
15 9
15 8
1 14
6 6
2 2
1 5
1 6
0 1
1 5
5 2
83 6
51 15
50 51
71 46
67 37
14 76
19 41
75 3
33 58
50 17
15 8
7 5
4 1
2 7
7 1
0 6
6 7
53 5
26 32
34 4
5 8
9 37
23 47
12 8
2 8
6 8
9 9
12 12
5 9
11 3
2 9
4 8
7 5
1 6
3 5
2 7
2 4
7 6
72 6
8 14
50 5
19 29
58 48
38 23
45 27
4 9
0 4
0 2
3 3
1 3
3 2
0 3
4 2
1 2
3 1
4 10
3 2
0 4
4 1
4 1
1 1
2 4
2 1
2 1
0 4
1 1
37 8
35 12
22 1
24 25
17 5
0 19
29 29
14 34
8 26
18 7
10 8
11 11
13 5
13 1
14 17
17 11
3 6
19 10
9 16
16 17
16 12
8 9
11 1
5 12
11 11
10 17
3 9
12 17
50 2
31 22
7 11
58 7
12 2
31 21
27 52
26 2
12 6
17 17
0 16
47 1
41 47
52 3
43 31
0 10
37 4
100 10
88 55
49 15
47 14
21 69
48 55
79 22
51 86
76 15
34 43
58 73
14 7
7 4
2 2
13 7
2 6
12 11
4 3
8 4
26 5
23 5
6 11
10 5
5 25
12 21
94 7
72 43
81 42
36 25
30 73
57 81
8 58
75 93
12 8
1 11
10 4
11 6
8 11
2 6
8 8
8 7
2 7
75 3
57 30
2 57
68 43
37 9
23 16
6 37
19 2
28 16
21 9
31 3
5 11
23 7
36 37
1 4
1 1
1 1
1 1
1 1
25 9
1 12
15 11
13 20
14 23
14 16
13 25
12 11
20 19
9 10
60 2
6 58
39 38
93 9
90 52
39 40
43 59
11 85
17 79
63 17
3 8
87 35
57 87
95 5
41 89
56 12
41 93
78 63
76 48
13 10
7 1
1 10
8 11
3 7
11 1
2 8
12 13
10 10
0 9
0 6
64 3
2 50
8 52
37 56
75 8
36 18
66 17
26 62
51 41
20 26
69 58
37 41
26 8
73 5
51 51
21 66
47 28
26 68
2 35
75 4
48 63
17 22
0 23
66 74
99 5
75 46
25 56
42 98
64 70
52 20
50 1
47 22
78 9
33 73
71 70
19 32
52 47
55 39
56 4
15 48
65 68
39 25
16 8
0 16
3 8
3 1
10 16
10 9
4 4
14 14
16 6
87 5
61 37
39 39
71 60
33 14
44 56
8 2
1 2
6 5
39 5
31 31
19 32
22 11
5 26
12 22
17 7
10 13
10 14
2 8
11 12
0 3
8 7
1 7
45 4
31 13
31 19
30 32
22 1
91 3
66 2
47 80
39 64
54 6
34 28
32 45
12 45
32 42
39 36
53 42
21 4
9 15
9 10
11 16
10 18
79 2
9 68
54 49
2 4
1 1
0 1
0 1
1 2
27 6
9 19
23 8
13 16
6 3
18 19
3 25
29 3
17 25
13 15
11 28
77 5
20 4
46 71
19 64
70 44
36 46
35 8
35 29
34 30
29 24
29 19
12 10
30 1
6 34
31 22
92 2
43 49
60 52
60 8
42 56
10 20
46 1
60 22
51 48
7 3
48 10
43 46
29 5
13 18
11 14
11 13
8 19
3 18
7 3
6 6
5 4
2 7
83 2
41 77
25 54
37 5
17 37
29 31
7 1
14 30
35 11
86 8
84 85
20 28
64 5
56 22
58 48
17 5
19 83
32 43
41 8
20 35
0 29
18 25
11 3
38 3
4 17
20 21
29 28
10 8
1 7
2 7
10 6
3 2
4 10
0 3
0 7
7 5
34 5
18 1
0 1
23 9
30 5
12 12
98 6
0 23
86 88
40 70
36 37
26 77
29 87
33 10
18 32
12 7
32 4
26 19
13 16
29 22
23 7
22 32
5 7
8 26
7 4
3 3
2 3
5 5
1 1
46 1
17 35
37 8
1 32
31 19
29 4
15 30
6 26
6 5
30 18
12 4
2 9
0 1
2 2
2 1
2 2
1 1
0 2
1 1
1 2
0 1
98 3
61 34
58 66
15 52
75 8
63 28
34 71
41 53
0 2
38 13
19 59
5 57
29 28
99 7
19 44
13 3
85 4
10 19
52 63
60 64
21 88
21 8
6 6
19 10
16 13
17 3
6 7
1 7
10 21
8 5
38 1
33 26
19 1
15 1
41 5
13 19
11 31
11 7
6 18
30 29
93 8
89 67
1 59
48 47
21 18
81 68
45 51
88 75
82 43
60 10
51 45
2 58
21 4
49 49
54 30
42 17
32 34
48 15
24 41
2 46
22 10
4 21
12 1
3 12
9 3
12 2
16 19
9 20
21 21
19 2
7 5
35 5
32 2
9 2
0 15
24 23
7 14
16 8
9 12
13 6
14 6
5 9
5 2
15 9
7 12
14 16
100 7
50 42
31 34
62 88
68 7
98 34
83 79
13 89
100 3
2 37
61 39
13 35
97 3
13 19
12 73
97 8
11 2
5 8
7 10
53 2
46 50
27 51
96 2
46 19
14 50
69 5
15 9
10 22
25 65
62 53
48 60
45 2
44 2
44 18
65 9
59 58
53 28
30 54
29 10
62 54
55 50
3 65
21 58
52 51
7 2
2 3
5 4
98 10
73 18
69 60
58 87
70 32
73 8
75 32
34 64
52 66
17 3
12 40
79 8
46 34
41 79
55 50
8 49
55 42
77 29
55 9
37 74
59 6
53 47
52 2
15 54
59 48
8 8
5 23
4 10
0 1
4 4
0 2
2 3
4 4
3 3
2 2
1 3
4 3
1 3
8 9
7 5
0 5
8 4
6 4
0 3
0 1
6 8
0 7
0 6
12 1
6 5
67 1
58 55
100 2
8 86
42 68
84 4
84 61
32 5
58 29
78 69
43 5
26 6
20 43
16 5
3 12
37 39
71 3
29 68
68 47
2 18
80 9
16 65
44 70
52 65
60 67
54 25
44 16
66 29
56 68
21 38
2 5
0 1
0 2
0 2
2 2
2 2
67 7
22 1
16 35
15 1
56 33
12 23
23 30
33 27
17 10
13 12
14 16
5 14
12 4
7 11
13 2
6 5
9 16
16 6
9 8
70 3
17 56
53 1
49 22
45 8
21 16
39 44
34 16
11 5
3 40
12 29
37 37
27 8
55 1
46 11
8 4
5 4
4 3
2 3
0 4
21 10
8 1
20 2
19 13
17 2
21 1
12 5
9 1
13 13
14 1
3 10
55 3
7 39
1 45
17 18
52 3
6 46
32 31
40 9
31 6
14 26
20 11
26 31
18 29
22 8
18 8
7 1
0 6
3 6
2 2
3 1
2 3
3 1
3 3
0 3
81 3
5 30
27 47
6 77
86 9
81 79
53 16
39 17
26 73
41 56
72 25
20 78
49 58
51 45
6 7
3 1
4 1
6 2
1 4
2 1
3 4
3 6
57 6
10 11
42 43
22 30
24 54
17 7
47 46
21 8
7 17
17 1
9 11
2 21
14 20
9 19
17 15
2 15
8 2
2 4
7 8
26 4
19 2
16 24
10 24
19 1
7 8
1 1
4 6
4 5
0 5
5 5
3 3
7 1
4 3
51 5
47 15
22 14
9 43
45 28
23 8
24 8
4 15
20 2
15 19
6 23
15 2
14 23
6 10
8 11
71 4
60 44
34 68
25 15
24 55
77 1
53 14
66 3
61 41
16 52
53 36
72 4
41 46
30 43
0 61
2 27
75 9
59 21
37 32
16 70
46 68
18 59
15 46
6 10
45 63
71 42
85 9
64 67
16 83
14 52
1 26
85 50
57 7
23 69
18 17
77 10
49 2
17 26
38 8
11 8
1 9
9 4
4 6
8 2
3 3
4 4
9 5
8 8
59 1
36 9
93 3
44 60
39 33
73 80
20 5
20 18
18 5
20 5
11 4
15 6
80 7
58 22
10 45
28 23
74 38
4 50
77 24
5 9
75 3
45 64
68 28
67 50
28 7
3 28
6 25
11 27
8 25
27 5
18 28
12 27
98 9
77 39
72 33
95 25
83 44
22 21
7 65
61 64
13 34
41 21
14 10
13 11
14 1
8 1
3 12
1 9
4 8
9 13
5 4
0 14
9 1
91 2
87 11
84 88
73 7
54 58
73 44
72 28
37 50
56 65
57 22
15 46
34 8
26 25
13 30
0 23
8 5
15 12
19 1
16 6
20 34
68 1
24 30
4 2
4 3
3 1
55 5
34 53
53 45
34 2
32 9
9 43
0 0
