96
6 0
20 0
35 1
39 1
51 1
66 0
70 0
84 1
91 0
98 1
111 0
116 1
130 0
141 0
143 0
149 1
158 1
165 0
174 0
177 1
183 0
190 0
205 0
219 1
223 1
235 1
236 1
244 1
246 1
250 0
252 0
258 1
259 0
263 0
271 0
286 0
300 1
317 1
319 0
320 1
328 0
343 0
352 0
353 0
364 0
375 1
387 1
391 1
399 1
407 0
413 0
422 1
436 1
441 1
455 1
461 1
466 1
478 1
483 0
487 0
496 1
512 1
527 1
536 0
550 1
563 0
564 0
569 0
570 1
576 1
591 0
596 1
607 0
612 0
624 0
627 0
633 1
646 0
658 0
669 1
675 0
683 0
692 1
699 0
722 1
724 0
729 0
741 1
745 1
754 1
755 0
767 0
771 1
776 0
784 0
796 1
