96
4 1
10 1
21 0
26 1
27 0
33 1
34 1
45 0
60 1
63 0
74 0
79 0
84 0
87 0
90 0
94 0
100 0
101 1
105 0
113 0
127 1
129 1
134 0
146 1
160 1
174 1
186 1
200 0
202 0
217 1
221 0
235 0
246 1
254 0
277 0
285 0
286 1
301 0
306 1
314 0
328 1
336 1
345 0
368 0
373 1
384 1
390 1
397 0
398 0
404 0
406 0
411 0
414 0
425 0
432 0
437 0
443 0
449 1
466 1
475 1
479 0
483 0
498 1
505 0
506 0
517 0
522 0
537 0
544 0
559 0
571 0
572 0
578 0
592 0
607 1
618 1
623 0
626 0
637 0
644 0
646 0
647 0
661 1
669 0
676 1
703 1
706 1
717 1
726 0
731 1
733 0
746 1
749 0
757 1
771 1
779 0
