99
2 0
11 0
26 1
40 0
49 0
51 0
63 0
68 0
71 1
73 1
87 1
101 0
108 1
114 0
115 0
116 0
130 1
135 1
140 0
146 0
150 1
153 0
165 0
176 0
182 1
193 0
197 0
203 1
209 0
214 0
226 1
228 1
242 0
244 0
259 1
267 1
270 0
276 1
278 1
292 1
306 1
321 0
333 1
347 1
354 1
367 0
375 1
383 0
388 0
390 0
405 0
406 0
421 0
434 0
435 1
442 0
449 0
451 0
462 1
464 1
469 1
481 0
487 1
493 0
495 1
496 1
497 1
512 0
517 1
529 0
530 1
533 1
534 0
547 1
554 1
566 0
574 1
575 0
576 0
580 1
591 0
597 1
611 0
615 0
618 0
623 1
627 1
631 1
636 1
647 1
650 1
659 1
668 0
682 1
691 0
703 0
712 1
717 0
720 0
