975
12 1
18 1
26 0
33 0
38 1
46 1
49 0
54 1
68 1
72 1
78 0
89 0
95 1
102 1
104 0
113 0
128 0
141 1
149 0
174 0
176 1
181 1
186 1
193 0
194 0
208 0
209 1
220 1
231 1
236 1
242 0
248 1
261 1
270 0
274 1
278 0
280 1
283 1
294 0
296 1
310 0
313 0
322 0
329 0
334 0
336 0
350 0
354 0
368 1
369 0
381 0
385 0
393 1
404 1
408 0
415 0
429 0
433 1
446 1
460 0
475 1
476 1
484 0
499 1
503 0
510 0
523 1
538 0
541 0
543 0
554 0
555 0
556 1
564 1
569 0
583 0
596 1
598 0
603 0
614 0
617 0
618 1
623 0
638 0
651 0
655 0
662 1
670 0
700 0
713 0
715 0
724 0
727 0
740 1
746 0
754 0
768 1
780 1
794 1
802 1
803 0
811 0
823 1
831 1
845 0
854 0
866 1
874 1
888 0
895 1
904 0
906 1
920 0
929 1
931 1
936 1
941 1
943 1
958 0
967 1
974 0
1003 1
1015 1
1023 0
1036 0
1048 1
1054 1
1069 1
1071 1
1083 1
1088 0
1089 1
1093 1
1102 0
1114 1
1129 1
1141 1
1153 1
1154 1
1165 0
1170 1
1176 1
1188 0
1192 0
1203 0
1208 1
1222 1
1229 0
1238 1
1253 1
1260 1
1264 0
1268 1
1283 1
1290 1
1304 1
1316 0
1325 0
1331 1
1340 1
1342 0
1353 0
1366 0
1371 0
1377 0
1382 0
1396 0
1398 1
1400 1
1407 1
1420 1
1423 0
1424 1
1437 0
1451 0
1459 1
1464 0
1470 0
1483 1
1487 1
1501 0
1503 0
1512 0
1517 0
1519 0
1525 1
1530 1
1534 1
1549 1
1552 0
1564 1
1571 1
1580 1
1583 1
1592 1
1600 1
1615 0
1622 0
1626 0
1640 0
1641 1
1642 1
1654 1
1657 0
1672 0
1674 1
1677 0
1681 0
1696 1
1704 0
1718 1
1723 0
1734 0
1743 1
1747 0
1756 0
1761 1
1770 1
1781 0
1788 1
1794 1
1795 0
1810 0
1823 1
1829 1
1841 1
1852 0
1855 0
1867 0
1880 1
1888 1
1896 0
1902 1
1904 1
1917 0
1921 0
1930 0
1941 0
1948 0
1949 0
1955 0
1960 0
1964 0
1971 0
1984 1
1992 0
2006 0
2019 1
2025 1
2031 1
2034 0
2046 1
2053 1
2067 0
2074 0
2075 1
2080 0
2083 0
2097 1
2110 0
2121 0
2128 1
2140 0
2155 0
2156 0
2167 1
2180 1
2191 1
2205 1
2219 1
2227 1
2228 0
2236 1
2244 1
2255 1
2270 0
2279 1
2291 0
2316 1
2319 1
2330 0
2341 0
2353 1
2355 0
2364 1
2376 1
2384 1
2395 1
2409 0
2417 1
2428 0
2436 0
2447 0
2453 0
2457 0
2460 1
2471 1
2485 0
2491 1
2506 0
2509 0
2512 1
2524 0
2528 1
2530 0
2541 0
2554 1
2569 1
2577 1
2579 0
2591 1
2612 0
2623 1
2635 0
2648 1
2660 1
2662 1
2664 0
2671 0
2678 0
2687 1
2690 0
2696 1
2702 1
2706 0
2718 1
2730 1
2745 0
2754 0
2760 0
2774 0
2785 1
2797 1
2801 0
2812 0
2827 1
2839 1
2851 1
2857 0
2872 0
2883 0
2884 1
2892 1
2899 1
2900 1
2913 0
2916 0
2931 0
2933 1
2935 1
2948 0
2949 0
2957 1
2962 0
2986 1
2999 1
3012 0
3025 1
3027 0
3032 0
3041 0
3045 0
3058 0
3069 1
3074 0
3081 0
3088 1
3106 1
3112 1
3120 0
3129 0
3144 0
3146 1
3155 0
3160 1
3164 0
3173 1
3178 0
3180 1
3184 1
3185 1
3193 1
3198 0
3204 1
3212 0
3226 1
3240 1
3252 0
3260 1
3268 1
3276 1
3287 0
3299 1
3314 0
3322 1
3326 1
3331 1
3332 0
3334 1
3347 1
3360 0
3369 1
3372 1
3385 1
3388 1
3390 1
3396 1
3399 0
3412 0
3423 0
3434 0
3439 0
3440 0
3455 1
3469 0
3470 1
3473 1
3488 1
3493 1
3495 1
3508 1
3522 0
3535 1
3547 0
3554 1
3559 1
3564 0
3565 0
3580 0
3587 1
3589 0
3603 0
3612 1
3620 1
3622 0
3637 0
3643 0
3652 1
3666 1
3674 0
3679 0
3680 1
3687 1
3694 1
3702 0
3708 1
3720 0
3731 0
3732 1
3739 1
3754 0
3755 0
3758 1
3770 0
3773 1
3775 0
3777 1
3778 1
3786 0
3794 1
3803 1
3814 1
3815 0
3830 1
3835 1
3838 0
3839 1
3853 1
3866 0
3874 0
3885 0
3896 0
3909 1
3923 1
3931 0
3935 1
3939 1
3946 1
3948 0
3952 1
3959 0
3960 1
3966 1
3978 1
3998 1
4000 1
4003 1
4018 0
4023 1
4031 1
4044 1
4050 1
4063 1
4068 1
4073 1
4077 0
4079 1
4080 0
4091 1
4092 1
4105 0
4106 0
4112 1
4127 1
4134 1
4146 1
4160 1
4164 1
4167 0
4171 1
4185 0
4186 1
4200 1
4209 0
4221 0
4222 1
4223 1
4228 0
4241 1
4243 0
4256 0
4261 0
4263 0
4268 0
4281 0
4294 1
4307 0
4315 0
4317 1
4332 0
4346 0
4360 1
4374 1
4387 0
4391 0
4400 1
4408 0
4423 1
4426 1
4431 1
4435 1
4440 0
4443 0
4458 1
4460 1
4468 0
4483 1
4485 1
4492 1
4504 0
4509 0
4518 1
4530 1
4541 1
4547 1
4560 0
4569 0
4575 0
4586 0
4588 0
4590 0
4605 0
4609 1
4616 0
4627 1
4642 0
4649 1
4658 1
4671 1
4685 0
4699 0
4713 0
4715 1
4719 1
4734 0
4742 1
4755 1
4762 1
4769 1
4773 0
4774 0
4776 1
4791 0
4796 0
4799 0
4803 1
4818 0
4824 0
4836 0
4837 1
4848 0
4854 0
4857 1
4865 1
4871 0
4872 1
4884 0
4887 1
4900 0
4928 1
4931 1
4940 1
4945 0
4946 0
4953 0
4957 0
4970 1
4984 1
4989 0
4991 1
4997 0
5000 0
5014 1
5017 0
5021 0
5022 0
5028 1
5040 0
5049 0
5061 1
5062 1
5077 0
5080 1
5083 1
5109 0
5124 1
5126 0
5128 0
5133 1
5137 1
5143 0
5145 0
5151 0
5159 0
5171 1
5178 0
5182 1
5189 1
5194 0
5207 0
5214 0
5215 1
5229 0
5232 0
5241 0
5252 0
5254 0
5260 0
5274 0
5278 0
5286 0
5292 1
5297 1
5302 0
5308 1
5309 1
5315 1
5321 1
5326 0
5339 0
5347 1
5353 0
5365 0
5367 0
5381 0
5387 1
5409 1
5414 0
5423 1
5427 1
5440 0
5455 1
5460 0
5461 1
5467 1
5473 1
5479 1
5490 0
5493 1
5498 1
5502 1
5505 1
5516 1
5527 1
5542 0
5545 0
5552 1
5559 0
5560 1
5574 1
5575 1
5577 0
5590 1
5605 1
5612 1
5616 1
5620 0
5623 1
5632 1
5645 0
5646 1
5661 1
5664 1
5667 0
5668 0
5682 1
5689 1
5692 0
5704 0
5706 0
5710 0
5724 1
5730 0
5757 1
5769 1
5782 0
5789 1
5801 1
5816 1
5827 0
5833 0
5846 0
5858 0
5860 1
5865 1
5869 1
5872 0
5883 0
5894 1
5898 0
5902 1
5913 1
5919 1
5930 0
5938 0
5939 0
5948 1
5963 0
5971 1
5975 0
5976 0
5989 1
6004 1
6008 0
6016 1
6017 0
6018 1
6029 1
6038 0
6047 0
6052 1
6066 0
6072 0
6083 0
6089 0
6092 1
6103 0
6114 1
6120 1
6123 1
6126 1
6138 0
6149 0
6162 0
6166 1
6167 1
6175 1
6188 1
6196 1
6198 0
6211 1
6212 0
6220 1
6236 0
6244 1
6253 0
6259 0
6265 0
6266 1
6273 0
6282 0
6284 1
6289 0
6303 0
6312 0
6317 1
6324 1
6333 0
6341 0
6354 1
6358 0
6372 0
6375 0
6384 0
6385 1
6388 0
6402 0
6417 0
6420 1
6435 0
6440 1
6446 0
6451 1
6454 0
6466 0
6475 1
6483 0
6491 1
6506 1
6515 1
6529 0
6540 1
6543 1
6555 1
6558 1
6561 0
6574 0
6587 0
6593 1
6611 0
6617 0
6618 1
6626 0
6640 0
6647 0
6654 1
6662 1
6673 0
6686 1
6700 0
6701 0
6710 0
6718 1
6729 0
6733 1
6748 1
6759 0
6771 1
6774 1
6775 0
6776 0
6785 0
6788 1
6797 0
6802 0
6814 1
6822 0
6828 1
6833 0
6839 1
6840 1
6868 0
6876 0
6881 0
6895 0
6904 0
6913 0
6920 0
6932 1
6947 0
6955 0
6970 1
6983 1
6988 1
7001 0
7007 0
7008 0
7013 1
7027 0
7032 0
7038 1
7049 0
7055 1
7064 0
7077 1
7084 0
7097 0
7105 0
7116 1
7130 0
7145 0
7159 0
7165 1
7174 0
7185 1
7193 0
7201 0
7204 1
7217 0
7225 0
7233 0
7248 1
7257 0
7263 0
7274 1
7285 0
7299 1
7304 0
7315 0
7326 0
7332 0
7340 1
7343 0
7351 0
7354 1
7357 0
7365 0
7367 0
7374 1
7388 0
7403 1
7411 1
7426 1
7435 1
7440 0
7441 1
7446 0
7455 1
7470 0
7474 0
7478 1
7486 0
7490 1
7497 0
7524 0
7529 0
7542 0
7544 1
7558 1
7570 1
7579 0
7594 1
7596 0
7599 0
7612 0
7624 0
7638 1
7652 0
7665 1
7676 0
7688 0
7700 1
7712 1
7713 1
7724 1
7725 0
7736 1
7742 0
7751 1
7759 1
7764 0
7765 1
7771 1
7780 0
7788 0
7802 1
7805 0
7814 0
7818 1
7833 0
7848 0
7863 0
7869 0
7872 1
7874 1
7885 1
7889 1
7891 1
7903 0
7917 0
7931 0
7933 0
7947 0
7949 0
7950 0
