982
14 0
22 1
33 0
37 0
41 1
44 0
47 0
49 1
63 0
69 1
83 1
84 1
91 0
103 1
112 0
115 1
116 1
117 0
128 0
141 1
143 0
156 1
157 0
158 1
164 1
172 1
174 0
181 0
189 0
194 0
208 1
212 1
219 1
234 0
236 0
238 1
241 1
247 1
261 0
266 0
270 0
273 0
275 0
277 0
290 0
292 1
303 0
314 0
326 0
328 1
340 0
354 1
365 0
383 1
394 1
402 1
407 1
412 0
415 0
426 1
438 0
444 0
446 1
449 1
458 0
465 1
472 1
477 1
490 0
493 0
499 1
511 0
514 1
525 0
536 1
556 0
564 1
575 1
587 1
599 1
601 0
607 0
610 0
613 1
626 1
627 0
634 1
645 0
654 0
661 1
669 1
678 1
693 1
708 0
716 0
725 0
731 1
743 1
756 1
771 0
778 1
793 1
806 0
818 1
831 0
836 1
843 0
847 1
858 1
870 1
882 1
884 0
888 1
890 1
899 1
901 1
904 0
910 0
933 1
940 0
942 0
948 0
951 0
958 1
966 0
977 1
978 0
989 0
1001 0
1012 0
1016 1
1017 1
1029 1
1033 1
1048 1
1061 1
1062 1
1071 1
1075 1
1081 1
1086 0
1097 1
1102 0
1114 1
1123 0
1126 0
1134 1
1140 0
1146 0
1155 0
1169 1
1176 0
1191 1
1198 1
1204 1
1212 1
1223 1
1227 0
1229 1
1233 0
1235 0
1237 0
1251 1
1253 1
1256 0
1257 0
1268 0
1277 1
1283 0
1296 0
1299 1
1303 0
1305 1
1308 0
1317 0
1320 1
1335 0
1338 0
1339 1
1353 0
1364 0
1373 0
1377 1
1378 1
1380 1
1387 1
1394 1
1397 0
1405 1
1412 0
1414 1
1429 0
1434 1
1436 0
1439 1
1452 1
1459 1
1472 0
1477 1
1484 1
1488 1
1491 0
1497 1
1505 1
1509 0
1513 1
1522 1
1531 0
1536 0
1549 0
1555 0
1558 1
1566 0
1580 0
1589 1
1594 0
1609 0
1611 1
1617 0
1631 0
1638 0
1646 0
1651 0
1654 0
1659 0
1674 0
1677 1
1679 1
1690 1
1694 1
1697 1
1701 0
1712 0
1713 0
1716 1
1720 0
1721 0
1734 1
1746 0
1761 1
1764 1
1765 1
1774 1
1775 1
1788 0
1790 0
1802 0
1811 0
1813 0
1820 1
1826 1
1828 0
1843 0
1848 0
1852 1
1866 0
1869 0
1881 1
1890 1
1896 0
1903 1
1905 0
1917 0
1930 0
1945 1
1956 0
1962 0
1969 1
1974 0
1976 1
1978 0
1980 1
1994 1
1996 0
2002 0
2015 1
2020 0
2022 1
2025 1
2040 0
2047 1
2052 0
2058 0
2067 0
2074 1
2085 1
2087 1
2092 1
2095 1
2100 0
2101 1
2116 0
2128 1
2142 0
2155 0
2168 1
2179 0
2192 1
2205 1
2219 1
2230 0
2231 0
2236 1
2242 0
2248 0
2255 1
2268 0
2273 1
2277 0
2289 0
2291 1
2293 1
2305 0
2316 1
2319 1
2330 0
2338 1
2352 0
2367 0
2378 1
2393 0
2396 1
2407 0
2419 1
2425 0
2438 0
2441 1
2452 0
2459 0
2467 0
2471 1
2478 1
2492 0
2499 0
2505 0
2516 1
2522 0
2533 0
2544 1
2546 1
2552 0
2555 0
2558 0
2572 0
2583 0
2594 1
2606 1
2621 1
2636 0
2648 0
2654 0
2663 1
2665 1
2666 0
2669 0
2673 0
2679 1
2687 1
2698 0
2707 1
2719 0
2720 1
2734 0
2735 1
2749 0
2750 0
2753 1
2759 0
2770 1
2784 0
2788 1
2795 1
2807 1
2820 0
2827 1
2831 0
2839 0
2853 1
2860 1
2866 1
2880 0
2889 1
2897 1
2902 0
2913 1
2916 0
2931 1
2934 1
2946 0
2958 1
2967 0
2981 0
2985 0
2986 1
2999 0
3006 0
3021 1
3028 0
3042 1
3043 1
3057 1
3071 1
3076 0
3083 1
3092 1
3106 0
3108 1
3114 0
3122 0
3127 1
3141 0
3156 0
3164 0
3167 1
3175 1
3176 1
3185 0
3205 0
3208 1
3223 0
3238 1
3251 1
3258 0
3267 0
3278 1
3289 1
3292 0
3304 0
3318 0
3321 1
3323 1
3330 0
3335 1
3337 1
3338 0
3353 1
3355 1
3360 0
3368 1
3372 0
3373 0
3384 0
3388 1
3401 0
3413 0
3416 0
3431 0
3434 1
3437 1
3442 0
3449 1
3460 1
3474 1
3486 0
3493 0
3498 1
3505 1
3508 1
3523 0
3534 0
3538 0
3540 0
3541 1
3547 0
3561 1
3572 1
3574 1
3577 0
3591 1
3597 1
3612 1
3615 1
3629 0
3635 1
3638 0
3653 0
3664 0
3679 0
3683 1
3688 0
3689 1
3697 1
3703 1
3705 1
3713 0
3727 0
3733 1
3740 1
3751 0
3756 1
3768 1
3772 0
3784 0
3791 0
3800 0
3804 1
3808 0
3811 1
3825 0
3839 1
3854 0
3858 0
3870 0
3876 1
3882 1
3888 0
3893 1
3896 1
3905 0
3907 1
3922 1
3935 0
3939 0
3945 1
3951 1
3964 1
3977 0
3985 1
3988 1
3997 1
4003 0
4005 1
4016 0
4025 0
4026 1
4037 0
4044 0
4052 0
4057 1
4068 0
4079 0
4091 1
4098 1
4104 0
4116 1
4127 0
4133 1
4135 1
4140 0
4149 0
4151 0
4155 0
4159 0
4163 0
4168 0
4176 0
4180 0
4195 1
4206 0
4209 0
4224 1
4233 0
4239 0
4244 0
4247 1
4260 1
4272 0
4286 0
4287 0
4301 1
4308 1
4322 1
4324 0
4330 1
4341 0
4347 1
4353 1
4364 1
4367 1
4380 1
4395 0
4396 0
4408 1
4417 1
4418 0
4421 0
4423 1
4435 0
4439 1
4447 1
4458 1
4466 0
4467 1
4471 0
4476 0
4490 1
4494 0
4502 0
4506 0
4511 1
4524 1
4530 1
4539 0
4551 0
4559 0
4568 0
4576 1
4580 0
4595 0
4609 0
4623 1
4629 0
4634 0
4649 1
4655 0
4667 0
4673 1
4676 0
4679 0
4687 1
4688 0
4696 1
4709 0
4714 0
4721 1
4736 1
4740 1
4754 0
4763 1
4770 0
4779 1
4791 1
4796 0
4797 0
4803 1
4810 0
4812 1
4814 0
4827 1
4842 0
4846 0
4857 1
4858 1
4860 0
4873 0
4886 0
4897 1
4906 1
4918 0
4931 0
4932 0
4940 0
4942 0
4956 0
4964 0
4978 1
4992 0
4994 0
5006 0
5008 1
5021 1
5027 0
5040 0
5044 1
5059 0
5072 0
5085 0
5097 0
5102 0
5106 0
5109 0
5114 1
5116 1
5137 1
5149 1
5155 0
5158 1
5166 0
5171 1
5185 1
5196 0
5200 1
5211 0
5212 0
5224 0
5231 0
5232 0
5246 0
5249 0
5264 1
5270 0
5277 1
5292 0
5297 1
5308 0
5320 0
5332 1
5339 0
5341 0
5349 0
5358 0
5361 0
5368 0
5369 1
5375 1
5379 0
5390 0
5394 1
5408 0
5415 1
5444 0
5459 0
5473 0
5481 0
5489 0
5502 0
5514 1
5528 0
5530 1
5531 1
5532 1
5543 0
5556 1
5567 1
5580 1
5592 0
5595 1
5598 0
5610 1
5618 0
5622 1
5635 0
5647 0
5661 0
5666 1
5678 0
5682 1
5696 0
5699 1
5702 0
5708 1
5720 1
5727 0
5733 0
5735 1
5741 1
5748 1
5750 1
5753 0
5756 0
5767 0
5768 1
5779 0
5784 1
5793 1
5798 1
5810 0
5822 0
5825 0
5840 1
5847 1
5855 1
5858 1
5864 1
5878 0
5892 0
5901 1
5903 1
5910 0
5912 1
5915 1
5918 1
5921 1
5929 0
5943 1
5945 1
5946 0
5950 1
5957 0
5965 1
5978 1
5979 0
5993 0
5998 0
6011 1
6018 1
6030 1
6044 0
6055 1
6061 1
6072 1
6073 1
6086 0
6091 0
6106 1
6111 0
6120 1
6134 0
6148 1
6149 0
6153 1
6155 0
6170 1
6190 0
6202 1
6215 0
6230 0
6238 1
6243 0
6254 0
6260 1
6265 0
6271 1
6278 1
6283 0
6289 0
6302 0
6311 0
6314 1
6326 0
6337 0
6339 1
6345 0
6356 0
6370 0
6385 1
6393 0
6397 0
6401 0
6407 0
6422 1
6435 1
6438 0
6453 1
6466 0
6470 1
6473 0
6481 0
6485 0
6489 0
6492 1
6506 0
6520 1
6521 1
6522 1
6529 0
6534 0
6549 1
6550 1
6563 0
6571 1
6574 1
6582 1
6585 1
6596 1
6604 0
6617 0
6628 1
6631 1
6646 0
6650 1
6659 0
6662 1
6670 1
6676 1
6687 1
6691 1
6704 0
6708 0
6717 0
6729 1
6734 0
6746 0
6753 0
6758 1
6770 1
6776 1
6784 1
6786 1
6788 1
6795 1
6799 0
6812 0
6814 0
6829 1
6838 0
6844 0
6848 1
6852 1
6858 1
6872 0
6875 0
6879 1
6892 1
6906 1
6908 0
6920 1
6928 0
6931 0
6937 0
6944 0
6945 0
6956 0
6959 0
6967 0
6982 0
6997 0
7006 1
7019 1
7033 1
7034 0
7042 1
7055 1
7060 0
7074 1
7082 1
7086 1
7088 1
7089 1
7097 1
7106 0
7121 0
7124 1
7137 0
7145 0
7158 1
7164 0
7165 0
7177 1
7184 1
7195 1
7210 0
7212 1
7225 1
7234 0
7240 1
7241 1
7247 0
7248 1
7255 1
7263 1
7269 1
7271 0
7272 0
7273 1
7285 1
7286 1
7289 0
7298 0
7309 1
7311 0
7318 0
7323 1
7326 1
7340 1
7345 0
7352 1
7364 1
7367 1
7371 0
7378 1
7384 0
7398 0
7411 1
7418 1
7425 0
7427 1
7441 0
7452 0
7456 1
7471 0
7484 0
7492 0
7504 0
7518 0
7531 1
7538 1
7541 1
7547 1
7552 0
7561 1
7576 1
7579 0
7591 1
7598 0
7602 0
7611 0
7618 0
7633 1
7635 1
7640 0
7646 1
