9740
7 1
9 0
11 1
14 1
20 1
24 0
37 1
46 0
49 0
53 1
66 0
72 1
75 0
84 0
98 1
99 1
108 1
110 1
122 0
130 1
139 1
148 1
154 0
157 0
159 1
173 1
176 0
181 1
195 0
204 1
213 0
224 1
230 1
236 1
241 1
252 0
266 0
274 0
281 0
288 0
296 0
301 1
313 0
328 0
331 0
337 1
346 0
352 0
358 0
361 0
362 0
368 1
370 0
373 1
376 0
380 1
394 0
395 0
402 1
419 0
431 0
440 0
455 1
460 1
475 1
487 1
496 1
497 0
501 0
508 0
512 1
527 0
542 1
556 0
561 1
567 1
575 1
588 0
599 1
613 1
617 0
632 0
633 1
645 0
653 1
659 0
667 0
674 1
678 1
685 1
698 1
702 1
710 0
714 1
718 1
721 0
722 0
730 0
735 1
737 1
746 1
758 0
773 1
781 1
793 0
808 0
817 0
832 0
836 1
844 0
850 0
855 0
859 0
873 0
874 0
885 0
896 0
911 1
917 0
918 0
929 1
954 0
956 0
963 1
970 0
971 1
984 0
998 0
1002 0
1009 1
1010 0
1013 1
1028 0
1034 0
1040 1
1046 1
1049 1
1060 1
1063 1
1066 1
1071 0
1078 1
1084 1
1087 1
1093 0
1104 0
1117 1
1122 1
1126 0
1135 1
1150 0
1157 1
1159 0
1162 1
1167 0
1174 1
1181 0
1189 1
1204 0
1208 1
1226 0
1235 0
1238 0
1252 1
1256 0
1260 0
1261 0
1275 0
1284 0
1298 1
1311 0
1314 1
1320 0
1328 0
1334 0
1347 0
1355 1
1367 0
1376 1
1382 1
1388 1
1392 1
1399 1
1404 0
1408 0
1413 1
1426 1
1432 0
1433 0
1441 1
1445 1
1460 0
1474 1
1485 0
1492 0
1493 0
1499 0
1513 1
1516 0
1521 1
1530 0
1532 0
1535 0
1544 0
1549 1
1562 1
1571 1
1585 1
1594 0
1606 0
1612 0
1623 1
1627 1
1639 0
1652 0
1654 0
1658 0
1671 1
1683 1
1688 0
1689 0
1690 1
1701 0
1712 0
1718 0
1730 0
1738 1
1751 1
1760 1
1774 0
1781 0
1788 0
1796 0
1809 1
1823 0
1827 0
1829 1
1832 1
1839 0
1844 1
1853 1
1857 0
1860 1
1873 0
1875 0
1877 1
1888 0
1890 0
1891 0
1898 0
1904 1
1912 0
1927 0
1938 1
1941 0
1942 0
1956 1
1960 1
1966 1
1967 1
1980 1
1991 0
2002 1
2003 0
2005 1
2019 1
2021 0
2022 1
2029 0
2044 0
2055 0
2057 1
2071 0
2084 0
2099 1
2101 1
2116 0
2128 1
2139 1
2141 0
2142 0
2153 1
2161 1
2162 0
2165 1
2168 0
2169 1
2181 0
2185 1
2199 0
2203 1
2217 0
2232 1
2243 0
2245 0
2257 1
2264 0
2271 0
2283 1
2286 1
2294 0
2299 1
2303 0
2306 1
2311 1
2328 1
2330 1
2344 1
2345 0
2352 0
2363 0
2369 1
2381 1
2386 0
2393 0
2407 0
2410 0
2424 0
2428 1
2442 1
2444 0
2451 1
2458 0
2467 0
2478 0
2479 0
2480 0
2485 0
2499 0
2505 1
2507 0
2511 0
2514 1
2527 1
2541 1
2554 1
2563 1
2566 1
2578 0
2582 1
2583 1
2587 1
2602 0
2609 1
2616 0
2627 0
2634 0
2645 1
2658 1
2664 1
2673 1
2687 0
2698 1
2706 0
2711 0
2717 1
2730 0
2736 1
2748 1
2756 0
2767 0
2782 0
2791 1
2810 0
2812 0
2814 1
2821 1
2825 1
2830 1
2839 1
2847 1
2861 0
2874 0
2888 1
2889 0
2901 1
2906 0
2917 1
2921 0
2930 1
2945 0
2953 1
2960 1
2974 0
2983 1
2995 1
3004 0
3011 0
3012 0
3013 1
3024 1
3031 1
3036 0
3044 1
3059 1
3073 0
3081 1
3088 0
3099 1
3106 0
3125 1
3132 0
3147 0
3153 1
3164 0
3171 0
3174 0
3181 1
3192 0
3199 1
3218 1
3219 1
3221 0
3233 0
3235 1
3242 1
3246 1
3260 1
3269 0
3283 0
3285 0
3291 1
3293 1
3308 1
3323 0
3335 1
3338 1
3350 1
3363 1
3375 0
3376 1
3391 1
3398 0
3404 1
3413 0
3428 0
3432 1
3443 0
3446 0
3459 1
3466 0
3492 0
3504 0
3518 1
3527 0
3529 0
3543 1
3547 0
3562 0
3565 1
3567 1
3596 1
3608 0
3613 0
3628 0
3633 1
3640 1
3653 0
3654 0
3669 0
3674 1
3676 0
3682 1
3688 0
3690 0
3704 0
3712 0
3726 0
3740 1
3752 0
3767 1
3775 1
3779 0
3790 0
3798 1
3814 1
3821 1
3830 0
3843 0
3846 1
3850 0
3861 1
3869 1
3870 1
3882 1
3897 0
3898 1
3911 0
3926 0
3929 0
3938 1
3953 0
3962 0
3975 1
3983 1
3984 0
3985 0
3987 1
3993 0
4008 1
4009 0
4012 1
4014 0
4015 0
4023 1
4038 0
4053 0
4055 1
4067 1
4074 1
4081 1
4083 1
4086 1
4091 1
4095 0
4109 0
4111 1
4126 0
4143 1
4145 1
4146 1
4155 0
4169 0
4170 0
4182 1
4188 1
4202 0
4205 1
4210 0
4211 0
4219 1
4226 0
4235 1
4250 1
4252 1
4259 1
4268 1
4280 0
4287 1
4292 0
4294 0
4296 1
4301 1
4314 1
4318 0
4319 0
4334 1
4349 0
4351 1
4355 0
4364 1
4366 0
4367 0
4371 1
4383 0
4396 1
4404 1
4419 0
4434 0
4440 1
4453 1
4464 1
4465 0
4470 1
4476 0
4478 1
4493 1
4501 0
4506 1
4510 0
4521 0
4532 1
4538 0
4550 0
4553 0
4555 1
4567 0
4579 1
4594 0
4596 1
4605 0
4618 1
4631 0
4645 0
4646 0
4657 0
4670 0
4671 0
4683 0
4692 1
4705 0
4712 1
4726 1
4741 0
4754 0
4763 0
4768 1
4770 0
4776 1
4787 0
4792 1
4793 0
4797 1
4812 0
4825 0
4840 0
4841 1
4843 0
4846 1
4861 1
4865 1
4879 0
4882 1
4885 1
4888 0
4902 0
4916 0
4929 1
4936 1
4945 0
4948 1
4951 0
4959 0
4964 1
4975 1
4978 1
4979 1
4993 0
5002 0
5015 1
5016 0
5018 0
5019 0
5022 1
5036 0
5043 0
5051 0
5063 1
5069 1
5076 1
5083 1
5090 1
5095 0
5099 1
5108 0
5120 1
5122 1
5128 1
5143 0
5148 0
5160 1
5161 1
5175 1
5179 1
5194 0
5200 0
5212 1
5216 0
5227 1
5241 0
5245 1
5248 0
5252 0
5260 1
5261 1
5263 0
5275 1
5287 1
5288 0
5296 1
5309 1
5310 1
5325 1
5334 1
5336 1
5345 1
5350 0
5359 0
5361 1
5372 0
5387 0
5390 0
5393 1
5407 1
5421 1
5422 1
5425 1
5431 1
5443 0
5450 0
5454 1
5462 1
5468 0
5479 1
5494 1
5507 0
5515 1
5522 0
5535 0
5540 0
5544 1
5556 1
5564 1
5578 1
5592 0
5598 1
5601 0
5615 0
5619 0
5633 1
5636 0
5642 1
5645 0
5657 0
5671 1
5676 0
5683 1
5685 1
5689 0
5693 1
5704 1
5716 0
5722 1
5727 0
5738 1
5747 1
5755 1
5762 0
5768 0
5772 1
5776 0
5778 1
5780 0
5783 0
5796 0
5811 1
5818 1
5821 0
5826 0
5840 1
5843 0
5851 0
5855 1
5869 0
5878 0
5885 0
5899 1
5901 1
5914 1
5926 1
5935 0
5944 1
5953 0
5964 0
5967 1
5981 0
5982 1
5996 1
6007 1
6012 0
6023 0
6038 1
6050 0
6063 1
6076 0
6082 0
6085 1
6096 1
6099 1
6107 0
6112 1
6115 1
6127 1
6135 0
6144 1
6161 0
6167 0
6169 1
6182 0
6185 0
6194 0
6207 1
6221 1
6229 0
6233 1
6254 0
6266 1
6268 1
6273 1
6281 0
6308 0
6310 1
6324 1
6328 0
6330 1
6339 0
6354 1
6367 1
6379 1
6383 0
6391 0
6397 0
6409 1
6410 0
6411 0
6414 1
6417 1
6428 1
6441 1
6452 1
6464 0
6469 1
6470 0
6477 1
6492 1
6501 0
6514 1
6516 1
6522 0
6527 1
6539 1
6546 1
6548 0
6559 0
6567 1
6571 1
6578 1
6589 1
6595 0
6598 1
6601 0
6607 0
6621 0
6627 0
6639 1
6650 1
6662 1
6670 0
6675 0
6683 1
6689 1
6692 0
6693 0
6708 1
6715 1
6721 0
6730 0
6733 0
6745 0
6754 1
6759 1
6765 0
6774 1
6778 0
6782 0
6786 0
6797 0
6812 1
6823 0
6832 1
6845 1
6851 1
6855 1
6869 1
6873 0
6887 1
6898 0
6900 0
6903 0
6914 0
6922 1
6937 1
6944 1
6949 0
6956 1
6970 1
6976 1
6984 0
6998 1
7004 1
7019 0
7026 0
7031 0
7040 1
7042 1
7045 0
7053 1
7067 1
7069 1
7073 1
7085 0
7092 0
7107 1
7114 1
7115 0
7126 0
7137 1
7142 1
7143 0
7148 0
7163 0
7166 1
7169 0
7170 1
7178 1
7180 0
7186 0
7198 1
7200 1
7206 0
7213 1
7218 0
7229 0
7236 1
7251 1
7264 1
7265 1
7277 1
7292 1
7300 0
7311 0
7323 1
7338 1
7343 0
7346 0
7353 0
7358 1
7370 1
7378 0
7387 1
7398 0
7403 1
7411 0
7422 1
7436 1
7448 0
7450 0
7461 0
7466 0
7480 1
7492 1
7503 1
7505 1
7517 0
7529 1
7543 0
7547 1
7552 0
7566 1
7570 0
7585 0
7592 0
7601 1
7614 0
7615 0
7616 1
7629 0
7642 0
7646 0
7660 1
7673 0
7684 0
7690 1
7691 0
7695 1
7696 1
7709 1
7717 1
7722 1
7728 0
7750 1
7758 1
7765 1
7773 1
7780 1
7787 0
7799 0
7807 0
7819 1
7834 1
7843 0
7852 1
7859 1
7868 1
7869 0
7872 0
7886 0
7900 1
7905 0
7909 0
7923 0
7926 1
7930 1
7957 0
7971 1
7977 1
7990 0
8003 1
8014 1
8015 0
8021 1
8028 0
8043 0
8046 1
8054 1
8055 0
8059 0
8062 1
8063 0
8066 1
8080 0
8091 0
8098 1
8106 0
8115 1
8124 1
8131 1
8135 0
8149 0
8154 1
8165 1
8177 0
8184 0
8190 0
8194 1
8198 0
8213 1
8225 0
8228 0
8240 0
8241 1
8243 1
8246 0
8250 0
8263 1
8266 0
8275 1
8278 1
8284 1
8292 1
8298 1
8313 1
8322 0
8328 0
8336 1
8350 0
8357 0
8372 0
8384 0
8399 0
8405 0
8419 1
8425 1
8437 1
8442 1
8447 1
8450 0
8453 0
8456 0
8462 0
8467 0
8478 1
8480 0
8482 0
8484 1
8489 1
8495 1
8509 1
8523 1
8538 1
8540 0
8553 0
8562 1
8568 1
8572 1
8577 0
8588 0
8596 0
8611 0
8626 1
8637 0
8646 1
8672 1
8683 1
8687 0
8691 0
8694 0
8697 1
8706 0
8709 1
8711 1
8712 1
8714 0
8720 1
8735 0
8749 1
8764 1
8778 0
8784 1
8797 1
8802 0
8828 1
8842 0
8847 1
8848 0
8851 1
8862 1
8868 0
8873 1
8875 0
8878 0
8884 0
8888 0
8903 1
8911 0
8914 0
8927 1
8942 1
8954 0
8969 0
8983 1
8984 1
8992 0
9007 0
9014 1
9040 0
9048 1
9051 0
9057 1
9066 1
9077 1
9085 1
9098 0
9102 0
9104 1
9105 0
9111 1
9123 0
9137 1
9141 1
9149 1
9155 0
9168 1
9173 0
9175 1
9178 0
9190 1
9209 0
9218 0
9232 1
9241 0
9256 1
9267 0
9273 1
9286 0
9292 1
9305 0
9320 1
9321 0
9335 1
9343 1
9358 0
9370 0
9382 1
9397 0
9406 1
9420 1
9433 1
9437 0
9451 1
9466 0
9479 0
9483 1
9495 1
9499 0
9506 1
9511 0
9517 0
9530 1
9532 0
9536 1
9550 0
9565 1
9579 0
9587 1
9593 0
9601 1
9612 1
9623 1
9637 0
9643 0
9645 0
9648 1
9651 0
9656 1
9659 0
9668 0
9680 1
9685 0
9697 1
9698 0
9702 1
9704 1
9707 0
9709 0
9721 1
9725 1
9739 0
9743 1
9758 1
9770 0
9782 0
9797 0
9804 0
9818 1
9821 1
9825 1
9830 0
9843 1
9848 1
9861 0
9865 0
9872 0
9885 1
9898 0
9900 1
9901 1
9907 0
9913 1
9914 1
9920 1
9925 1
9927 0
9942 0
9956 1
9964 0
9971 0
9972 0
9987 1
9999 1
10008 1
10009 0
10020 0
10025 1
10029 1
10044 0
10057 1
10063 1
10078 0
10086 0
10092 0
10105 0
10106 0
10121 0
10123 0
10128 1
10139 0
10152 1
10159 0
10164 0
10175 0
10184 1
10191 0
10203 1
10216 0
10222 1
10233 0
10238 1
10244 0
10249 1
10253 1
10259 0
10285 0
10292 0
10303 0
10318 0
10331 1
10337 0
10340 1
10348 1
10356 0
10361 0
10368 1
10370 0
10381 1
10382 1
10389 1
10391 1
10400 1
10405 0
10407 0
10424 0
10437 0
10451 1
10464 1
10478 0
10491 1
10496 1
10507 0
10519 0
10530 0
10531 1
10533 0
10534 0
10536 1
10549 0
10553 0
10560 1
10562 1
10567 0
10576 0
10578 0
10582 0
10591 0
10605 0
10616 1
10618 1
10633 0
10647 0
10656 1
10668 0
10680 1
10685 1
10692 0
10697 1
10700 1
10711 1
10717 0
10726 0
10728 1
10741 1
10755 1
10757 0
10770 1
10781 1
10788 1
10802 1
10810 1
10822 0
10830 0
10839 0
10845 1
10848 0
10862 1
10866 0
10874 0
10882 1
10893 0
10896 1
10897 0
10911 0
10922 0
10926 0
10933 0
10942 0
10943 0
10958 0
10969 0
10975 1
10980 0
10992 0
11006 0
11011 0
11017 1
11022 1
11034 1
11038 0
11040 1
11041 0
11056 0
11065 0
11074 1
11086 1
11090 0
11092 1
11106 0
11113 0
11120 0
11133 1
11148 0
11161 0
11174 1
11183 0
11198 0
11199 0
11203 1
11208 1
11211 1
11215 0
11219 1
11227 1
11234 0
11242 1
11256 1
11257 0
11264 1
11276 1
11289 0
11297 0
11309 0
11324 0
11326 0
11338 0
11341 1
11354 1
11362 0
11367 0
11374 0
11386 0
11394 1
11409 1
11410 0
11423 1
11424 0
11426 1
11437 0
11442 0
11446 0
11452 1
11460 1
11473 1
11485 0
11490 1
11502 1
11515 0
11523 0
11525 1
11530 0
11541 0
11552 1
11565 1
11576 0
11590 1
11594 1
11595 0
11600 1
11601 1
11610 0
11618 1
11625 0
11630 1
11638 1
11644 1
11659 1
11668 0
11673 0
11678 0
11687 0
11700 0
11703 0
11707 1
11709 1
11718 0
11730 0
11744 0
11745 1
11752 1
11765 0
11768 1
11774 0
11783 0
11785 1
11799 1
11805 0
11818 0
11827 1
11830 1
11835 1
11837 1
11842 1
11845 1
11850 1
11863 0
11874 0
11875 1
11876 1
11889 1
11893 1
11904 1
11909 0
11918 1
11921 1
11930 1
11936 1
11948 0
11949 1
11950 1
11965 0
11966 1
11980 1
11983 0
11995 0
12004 1
12015 0
12028 0
12030 1
12043 0
12049 1
12050 1
12052 0
12058 1
12061 1
12065 0
12079 1
12083 1
12096 1
12108 0
12119 0
12124 1
12138 0
12145 1
12156 1
12161 1
12173 1
12174 0
12188 0
12203 1
12216 0
12222 1
12229 1
12243 1
12247 1
12253 1
12267 0
12276 1
12289 0
12295 0
12296 0
12309 0
12316 0
12323 0
12331 0
12343 1
12349 1
12362 1
12374 1
12389 0
12395 0
12409 1
12420 1
12434 1
12442 0
12446 0
12454 0
12458 1
12466 0
12479 1
12493 1
12497 1
12509 1
12517 1
12532 1
12543 0
12547 0
12562 1
12574 0
12575 1
12588 1
12589 0
12600 0
12613 0
12617 1
12631 1
12634 1
12648 1
12656 0
12667 1
12675 1
12678 1
12681 0
12692 1
12705 1
12708 0
12713 1
12722 1
12726 1
12733 0
12742 1
12751 0
12777 0
12790 1
12797 0
12808 0
12823 0
12825 0
12837 0
12843 1
12845 1
12850 1
12855 0
12863 1
12871 0
12889 0
12897 1
12905 1
12916 1
12919 1
12927 1
12934 1
12941 0
12952 1
12967 1
12971 1
12980 1
12994 0
13002 0
13013 0
13025 0
13036 0
13047 0
13052 0
13066 0
13068 1
13081 0
13094 0
13102 1
13113 0
13136 1
13138 0
13140 1
13143 0
13152 0
13154 0
13161 0
13169 0
13175 1
13177 0
13182 1
13196 1
13203 1
13204 0
13219 0
13230 0
13239 1
13245 0
13263 0
13270 1
13272 1
13286 0
13294 1
13308 1
13310 0
13323 1
13325 0
13328 0
13342 0
13347 1
13358 1
13373 1
13387 1
13395 0
13398 0
13406 1
13411 1
13425 0
13428 1
13433 1
13438 1
13442 0
13457 1
13463 0
13469 1
13481 0
13492 0
13497 0
13510 0
13516 0
13529 1
13538 0
13544 1
13547 0
13556 1
13569 1
13575 0
13582 1
13603 1
13617 1
13629 0
13634 1
13642 0
13643 0
13657 0
13672 0
13685 0
13693 0
13694 0
13706 0
13717 1
13724 1
13726 1
13729 1
13731 1
13734 0
13739 1
13752 0
13753 0
13765 0
13772 1
13787 0
13799 1
13801 1
13804 1
13807 0
13815 1
13819 0
13820 1
13833 1
13845 1
13857 0
13858 0
13869 0
13881 1
13888 1
13889 0
13892 0
13894 0
13903 0
13918 0
13921 0
13928 0
13937 1
13943 0
13957 1
13959 1
13974 0
13977 0
13980 0
13987 1
13995 0
14001 1
14012 0
14014 1
14028 1
14035 1
14038 0
14039 1
14053 1
14058 1
14073 0
14079 0
14084 1
14093 0
14097 1
14109 0
14118 1
14125 0
14141 1
14154 1
14160 1
14168 0
14183 0
14195 0
14209 1
14213 1
14214 0
14227 0
14236 0
14241 0
14250 0
14255 0
14258 1
14269 0
14277 1
14290 1
14291 0
14303 0
14309 0
14312 0
14319 1
14325 0
14340 1
14347 1
14352 0
14366 0
14369 0
14370 1
14383 0
14387 0
14388 1
14391 0
14403 1
14414 1
14428 1
14439 0
14447 0
14456 0
14470 1
14479 1
14488 1
14502 1
14513 1
14522 0
14525 0
14540 1
14541 0
14547 1
14556 1
14560 1
14572 0
14581 0
14583 1
14589 1
14603 0
14605 1
14607 1
14622 0
14624 1
14631 0
14637 0
14651 0
14654 1
14667 1
14676 0
14688 0
14693 1
14701 0
14716 0
14721 1
14747 0
14755 0
14761 0
14770 0
14775 1
14779 1
14782 1
14796 1
14809 0
14810 0
14822 1
14825 1
14829 1
14844 1
14851 0
14863 0
14876 0
14881 1
14889 0
14898 1
14913 0
14921 1
14922 1
14929 1
14930 0
14935 0
14942 1
14957 0
14968 0
14981 1
14984 0
14995 1
14999 0
15007 0
15011 0
15026 1
15034 0
15038 0
15042 0
15057 0
15065 1
15070 1
15082 0
15090 1
15105 1
15116 1
15129 1
15135 0
15143 0
15152 0
15158 0
15167 1
15180 0
15189 1
15192 1
15197 1
15198 0
15205 1
15216 1
15223 0
15236 0
15248 1
15250 1
15258 1
15261 0
15267 1
15273 1
15274 0
15281 0
15282 1
15290 1
15293 0
15295 1
15299 0
15308 0
15323 1
15332 1
15333 0
15347 1
15360 0
15374 1
15380 0
15395 0
15400 1
15407 0
15408 1
15422 0
15427 0
15429 0
15435 1
15442 1
15449 1
15451 0
15452 0
15466 1
15477 0
15488 1
15490 0
15492 1
15505 0
15519 1
15527 0
15533 1
15544 0
15561 0
15576 1
15582 1
15596 1
15598 1
15604 0
15605 0
15616 0
15625 0
15633 0
15647 1
15654 1
15665 0
15672 1
15679 1
15692 1
15701 1
15705 0
15707 1
15714 1
15721 1
15732 1
15743 1
15756 1
15765 1
15778 1
15787 1
15794 0
15809 1
15814 0
15821 1
15835 1
15844 1
15851 0
15860 1
15875 1
15882 1
15891 1
15895 0
15904 0
15905 0
15918 1
15925 1
15930 1
15933 0
15938 0
15953 0
15960 1
15968 0
15979 0
15993 1
16004 1
16007 1
16011 1
16017 1
16031 1
16033 1
16040 1
16051 1
16052 1
16066 1
16069 1
16084 0
16098 1
16110 1
16117 0
16124 0
16131 1
16145 0
16147 0
16150 0
16156 1
16158 1
16163 1
16178 1
16182 1
16187 0
16193 1
16208 1
16211 1
16218 1
16221 1
16236 1
16250 1
16251 1
16256 1
16267 0
16275 1
16289 0
16291 1
16306 0
16314 0
16325 1
16339 0
16340 0
16351 0
16352 1
16357 1
16359 0
16362 1
16365 1
16371 0
16373 1
16385 0
16398 1
16401 0
16415 0
16424 1
16436 0
16442 0
16455 0
16459 1
16474 1
16482 0
16490 1
16502 1
16514 1
16520 0
16522 0
16530 1
16539 0
16541 1
16553 0
16568 1
16582 0
16589 1
16598 1
16599 0
16613 1
16614 0
16619 0
16626 1
16637 1
16639 0
16641 1
16648 1
16650 0
16656 0
16667 0
16671 1
16675 1
16678 0
16693 0
16699 0
16700 0
16707 0
16710 1
16715 1
16724 1
16725 1
16737 1
16752 1
16763 0
16769 0
16772 0
16787 0
16798 0
16801 0
16802 1
16817 1
16826 0
16833 1
16846 0
16868 1
16877 0
16885 0
16897 0
16912 1
16925 1
16927 0
16940 0
16954 1
16959 1
16961 1
16966 0
16975 0
16987 0
16995 1
17002 1
17006 0
17007 1
17012 1
17026 1
17035 1
17049 1
17050 1
17056 1
17058 1
17064 0
17077 1
17081 1
17085 1
17091 1
17097 1
17111 1
17125 1
17133 1
17147 0
17149 0
17151 0
17158 1
17172 0
17181 0
17193 1
17206 0
17217 1
17232 0
17237 0
17240 0
17241 1
17244 0
17259 1
17271 0
17280 0
17295 0
17310 1
17314 1
17320 1
17334 0
17342 0
17351 1
17364 1
17366 1
17379 0
17384 0
17392 0
17400 1
17405 1
17407 0
17420 1
17427 1
17438 0
17444 1
17456 0
17459 0
17471 1
17480 0
17484 1
17495 1
17510 0
17517 1
17526 0
17535 1
17542 1
17547 0
17556 1
17567 0
17571 0
17585 0
17591 0
17594 1
17603 0
17607 1
17615 1
17626 0
17635 0
17646 1
17651 1
17660 0
17663 0
17670 0
17679 0
17691 0
17704 1
17712 1
17725 0
17729 1
17738 0
17752 1
17757 1
17765 1
17767 0
17768 0
17770 1
17779 0
17793 1
17807 0
17812 1
17826 0
17838 1
17853 1
17867 0
17882 0
17895 0
17897 1
17899 0
17906 1
17915 1
17921 0
17932 0
17939 1
17950 0
17967 1
17973 1
17978 1
17987 1
17995 0
18010 0
18013 1
18014 0
18025 0
18028 1
18033 1
18047 0
18049 1
18062 1
18073 1
18077 0
18091 0
18092 0
18096 1
18098 1
18106 1
18121 0
18128 1
18155 0
18164 1
18179 0
18186 1
18208 1
18223 1
18230 0
18242 1
18248 1
18263 1
18276 0
18282 0
18293 0
18296 1
18304 0
18311 0
18315 1
18326 1
18337 1
18350 1
18351 0
18363 0
18368 1
18375 0
18388 0
18402 1
18404 1
18408 1
18421 1
18427 0
18436 1
18447 1
18458 1
18461 0
18472 0
18481 0
18492 0
18505 1
18520 0
18524 1
18531 0
18536 0
18542 1
18564 0
18577 0
18589 0
18593 0
18600 0
18608 1
18615 1
18618 1
18623 1
18632 0
18638 1
18650 1
18664 0
18678 1
18679 1
18684 0
18687 1
18695 0
18709 0
18721 0
18726 1
18729 1
18733 1
18746 1
18750 0
18752 1
18765 0
18772 1
18787 0
18800 1
18807 0
18819 1
18822 0
18831 0
18840 0
18852 1
18859 1
18874 0
18888 1
18893 0
18894 0
18905 0
18914 0
18926 1
18941 1
18943 0
18954 0
18962 0
18974 0
18975 1
18989 0
18996 1
18997 0
19002 0
19008 1
19020 0
19028 1
19039 1
19048 1
19059 1
19068 1
19083 0
19092 1
19110 1
19115 0
19127 0
19131 0
19139 0
19151 0
19157 0
19163 0
19167 1
19169 1
19190 0
19194 0
19196 1
19199 1
19202 1
19217 1
19222 1
19229 0
19251 0
19257 1
19259 0
19274 0
19282 1
19290 0
19294 1
19299 1
19314 1
19327 0
19333 0
19344 0
19348 0
19354 0
19365 1
19368 0
19383 1
19389 1
19404 1
19416 1
19418 1
19421 0
19424 0
19430 1
19444 1
19449 0
19463 0
19476 1
19491 0
19502 1
19511 0
19518 1
19529 0
19540 0
19552 0
19560 1
19569 0
19573 0
19587 1
19590 0
19601 1
19602 1
19610 0
19613 0
19625 1
19638 1
19644 1
19656 1
19660 0
19668 0
19681 1
19686 0
19690 0
19704 1
19717 1
19718 0
19731 0
19742 1
19757 1
19766 1
19767 0
19775 0
19778 1
19783 1
19788 0
19792 1
19807 1
19809 1
19826 0
19830 1
19845 1
19852 0
19853 0
19858 1
19861 0
19862 1
19867 0
19881 1
19885 1
19894 1
19895 1
19896 1
19910 0
19921 0
19930 0
19932 1
19945 1
19953 1
19959 0
19964 1
19976 0
19988 1
20000 0
20012 0
20020 0
20024 0
20036 0
20037 1
20043 0
20046 1
20058 0
20066 1
20080 0
20086 0
20094 1
20102 1
20117 0
20128 0
20135 1
20161 0
20169 0
20180 0
20186 1
20209 1
20222 0
20225 1
20231 0
20239 0
20251 0
20253 0
20255 1
20268 1
20280 1
20281 0
20285 1
20287 1
20300 0
20309 0
20318 1
20322 0
20327 1
20329 1
20334 0
20342 0
20345 1
20353 1
20360 1
20373 0
20384 1
20385 0
20386 1
20393 0
20399 1
20412 0
20421 1
20434 0
20435 1
20436 1
20451 1
20457 1
20471 1
20476 0
20490 1
20504 1
20505 0
20518 0
20533 1
20542 0
20544 1
20555 0
20570 1
20585 1
20590 1
20594 1
20605 1
20607 0
20618 1
20623 1
20636 1
20647 1
20660 1
20671 0
20676 1
20690 0
20696 1
20699 0
20702 1
20711 0
20724 0
20727 0
20733 0
20737 0
20746 1
20749 1
20758 0
20772 1
20785 1
20791 0
20806 1
20810 1
20815 1
20829 1
20836 1
20844 0
20851 0
20852 0
20856 1
20868 0
20891 0
20906 1
20910 1
20918 1
20927 1
20929 1
20944 0
20957 0
20970 1
20971 0
20983 1
20998 1
21010 1
21023 0
21028 1
21042 1
21057 1
21063 1
21076 0
21078 0
21083 0
21092 1
21095 0
21107 0
21110 0
21121 1
21123 1
21131 1
21142 1
21145 0
21158 1
21164 1
21166 1
21170 1
21173 0
21187 1
21196 0
21198 0
21207 0
21216 0
21219 0
21224 1
21238 1
21253 1
21265 0
21274 1
21282 1
21288 1
21302 0
21315 0
21328 1
21343 0
21346 0
21354 0
21358 1
21360 0
21369 1
21384 1
21392 0
21393 0
21408 1
21421 0
21435 1
21450 0
21454 1
21462 1
21477 0
21485 1
21499 0
21512 1
21525 0
21534 0
21538 1
21552 1
21554 0
21558 1
21565 0
21576 0
21585 0
21592 1
21597 0
21600 1
21603 1
21606 0
21618 0
21626 1
21641 0
21656 1
21668 0
21682 0
21685 1
21696 1
21710 0
21721 0
21723 0
21737 1
21741 0
21752 0
21759 1
21771 0
21784 0
21796 0
21803 0
21816 1
21830 0
21837 0
21846 0
21857 1
21864 1
21871 1
21877 0
21896 1
21898 0
21903 0
21904 0
21918 1
21922 0
21926 1
21935 1
21943 1
21948 0
21959 1
21967 0
21981 1
21992 1
22007 0
22009 1
22018 1
22031 1
22045 1
22060 1
22067 0
22068 1
22071 0
22083 0
22095 1
22110 1
22113 1
22127 0
22136 0
22147 0
22161 1
22172 0
22176 0
22183 0
22186 0
22200 1
22215 1
22219 1
22220 0
22235 1
22248 1
22261 1
22267 1
22273 0
22276 0
22280 1
22282 1
22291 0
22305 0
22311 1
22318 0
22327 1
22332 1
22339 1
22352 0
22357 0
22372 1
22385 1
22387 0
22392 0
22401 1
22409 0
22412 1
22424 0
22438 1
22443 0
22454 0
22455 0
22468 0
22474 0
22480 0
22493 0
22504 1
22516 0
22523 0
22537 0
22550 1
22564 1
22569 1
22582 0
22597 0
22609 0
22611 0
22617 0
22619 0
22630 0
22631 1
22633 0
22648 1
22659 1
22672 0
22678 1
22683 0
22685 0
22699 1
22717 1
22729 1
22732 0
22746 0
22753 1
22760 1
22766 0
22774 1
22787 1
22802 0
22808 0
22820 0
22825 0
22837 0
22850 1
22854 0
22866 0
22878 1
22887 1
22890 0
22893 0
22908 0
22912 1
22926 1
22940 0
22943 0
22954 0
22967 1
22969 1
22981 0
22992 1
23000 0
23008 0
23014 1
23022 1
23030 0
23044 1
23045 1
23054 1
23066 1
23070 0
23084 1
23091 1
23100 1
23104 0
23119 0
23131 0
23144 1
23153 0
23157 1
23169 0
23170 1
23172 1
23186 1
23195 1
23200 1
23214 0
23229 0
23236 1
23248 0
23256 1
23257 0
23271 0
23283 0
23286 0
23301 1
23314 0
23323 0
23336 0
23344 1
23350 1
23363 0
23377 0
23385 0
23394 0
23407 0
23418 1
23421 0
23424 1
23432 1
23439 0
23453 1
23456 1
23465 1
23476 1
23489 0
23494 0
23497 0
23506 0
23507 1
23508 0
23516 0
23523 0
23536 1
23551 0
23557 1
23558 1
23567 1
23568 0
23575 0
23588 0
23596 1
23610 0
23624 0
23632 1
23638 1
23649 0
23661 0
23676 0
23678 1
23683 0
23684 0
23698 0
23702 0
23711 0
23714 1
23728 1
23733 1
23745 0
23748 0
23752 1
23766 0
23781 0
23787 0
23789 0
23797 0
23811 1
23815 0
23818 0
23825 0
23839 0
23854 1
23862 1
23869 0
23883 1
23887 1
23900 0
23907 1
23918 1
23931 0
23942 1
23946 0
23958 0
23966 1
23980 0
23981 1
23984 0
23993 0
23997 0
24004 0
24005 1
24011 1
24012 0
24025 0
24031 0
24043 1
24047 1
24052 1
24066 1
24079 0
24081 0
24088 1
24090 1
24104 0
24119 0
24123 1
24137 1
24142 1
24149 1
24153 0
24165 0
24174 0
24183 1
24188 1
24189 1
24196 1
24207 1
24211 0
24219 1
24231 0
24232 1
24236 0
24250 1
24255 1
24261 0
24268 1
24283 0
24297 0
24301 1
24302 0
24317 0
24329 0
24341 1
24352 1
24354 0
24355 0
24370 1
24381 1
24394 0
24402 0
24407 0
24414 0
24419 0
24426 1
24438 1
24445 1
24457 0
24458 0
24466 0
24478 0
24482 1
24485 0
24499 0
24501 0
24516 1
24528 0
24541 0
24546 1
24552 0
24563 0
24570 0
24578 1
24582 1
24596 0
24605 1
24620 1
24623 0
24637 0
24652 1
24664 1
24677 1
24685 1
24689 0
24694 1
24705 0
24708 1
24714 1
24728 1
24732 1
24734 0
24748 1
24750 1
24759 0
24763 1
24765 1
24779 1
24790 0
24797 1
24806 1
24809 1
24824 0
24835 1
24850 0
24858 0
24870 1
24885 1
24891 1
24896 0
24897 0
24908 0
24920 1
24929 1
24931 1
24939 1
24941 0
24948 1
24960 1
24977 1
24979 0
24988 1
25000 1
25014 0
25015 0
25017 0
25020 1
25033 1
25042 1
25046 0
25057 1
25070 0
25088 1
25097 1
25104 1
25118 0
25131 0
25140 1
25146 0
25155 1
25160 0
25166 0
25179 1
25186 1
25194 1
25198 0
25211 0
25222 0
25236 0
25240 0
25253 0
25259 1
25272 1
25286 0
25301 1
25305 0
25313 0
25327 0
25335 0
25343 1
25357 0
25370 0
25385 1
25398 1
25406 1
25417 1
25428 0
25433 0
25434 1
25440 1
25449 1
25463 0
25466 0
25467 0
25473 0
25485 0
25486 1
25501 0
25513 0
25519 0
25524 0
25537 1
25541 1
25556 1
25561 0
25563 0
25589 1
25603 0
25617 1
25631 0
25644 1
25650 0
25659 0
25668 0
25670 0
25683 0
25694 0
25698 0
25712 0
25714 1
25718 0
25722 0
25731 1
25735 0
25747 0
25758 0
25772 1
25773 1
25782 0
25794 0
25796 0
25811 0
25823 1
25832 1
25835 0
25847 0
25861 0
25876 1
25885 0
25894 0
25898 1
25903 1
25912 0
25925 1
25926 1
25931 1
25945 0
25960 0
25972 0
25976 0
25987 1
26000 0
26005 0
26012 0
26017 0
26023 1
26030 1
26036 0
26048 0
26061 0
26062 0
26069 1
26071 0
26075 0
26083 1
26097 1
26106 0
26108 1
26123 1
26132 1
26140 0
26141 0
26143 0
26156 0
26169 1
26172 0
26173 1
26174 1
26188 0
26193 1
26196 1
26199 1
26207 0
26218 1
26221 0
26234 0
26249 0
26256 0
26264 1
26277 1
26284 0
26289 1
26292 0
26297 1
26320 1
26332 0
26347 0
26350 1
26352 1
26365 1
26373 1
26378 1
26393 0
26405 1
26412 1
26419 1
26428 0
26441 0
26443 1
26452 0
26464 0
26465 0
26469 1
26482 1
26491 1
26503 0
26514 0
26523 0
26532 1
26534 0
26539 1
26552 1
26567 0
26576 0
26590 1
26595 1
26601 1
26616 0
26621 1
26629 1
26638 0
26640 1
26646 1
26653 1
26655 1
26668 0
26676 1
26685 1
26693 1
26694 1
26700 1
26713 1
26721 0
26728 0
26742 1
26747 1
26752 0
26764 1
26776 0
26790 0
26794 1
26801 0
26816 1
26818 1
26821 1
26832 1
26834 0
26846 1
26857 0
26864 0
26870 0
26882 0
26889 1
26893 1
26907 1
26912 0
26913 0
26916 0
26919 1
26924 1
26930 1
26932 0
26944 0
26949 1
26958 1
26965 1
26978 0
26983 0
26986 0
27000 1
27003 0
27008 1
27016 0
27031 0
27038 1
27046 1
27055 0
27057 0
27060 0
27072 0
27074 0
27083 1
27098 1
27103 0
27106 1
27109 1
27111 1
27112 1
27119 0
27134 0
27148 1
27154 0
27156 1
27170 0
27178 0
27191 1
27198 1
27210 0
27213 1
27218 1
27224 1
27228 1
27233 0
27240 1
27241 1
27252 1
27257 0
27271 0
27272 0
27277 0
27283 0
27289 0
27293 1
27300 1
27302 1
27308 1
27316 0
27340 0
27342 0
27343 1
27356 1
27371 1
27376 0
27380 0
27394 0
27409 0
27414 0
27421 1
27427 0
27435 0
27437 0
27445 0
27453 0
27454 1
27462 0
27471 0
27477 0
27481 1
27482 0
27486 1
27498 1
27509 0
27516 1
27525 1
27537 1
27541 0
27555 0
27561 1
27576 0
27584 0
27589 1
27613 0
27624 1
27630 0
27636 1
27638 0
27639 1
27645 1
27646 0
27660 0
27674 0
27677 1
27678 0
27691 0
27695 0
27701 1
27714 1
27725 1
27727 1
27741 0
27753 0
27759 1
27772 0
27777 0
27780 1
27792 1
27805 0
27818 1
27819 0
27820 1
27832 1
27844 1
27848 1
27861 0
27872 1
27886 1
27892 0
27907 1
27911 0
27918 0
27930 1
27943 0
27947 1
27960 0
27974 1
27986 0
27993 1
28011 0
28017 1
28019 0
28034 0
28035 1
28050 1
28062 0
28064 0
28070 1
28072 0
28076 1
28080 1
28091 1
28099 1
28101 0
28116 1
28120 1
28123 1
28136 0
28142 1
28148 0
28149 1
28156 1
28159 1
28174 1
28186 0
28191 0
28206 0
28218 0
28226 0
28228 0
28235 1
28240 0
28255 1
28260 0
28272 1
28274 1
28280 1
28285 1
28289 0
28303 0
28317 1
28326 1
28340 1
28348 1
28357 1
28364 0
28366 0
28378 1
28391 1
28392 1
28400 0
28414 1
28429 1
28433 1
28445 0
28458 1
28462 0
28473 1
28480 0
28489 0
28504 1
28517 0
28523 0
28536 0
28544 1
28550 0
28562 0
28575 0
28577 0
28586 1
28591 1
28597 0
28603 1
28620 1
28633 0
28648 1
28661 1
28667 0
28676 0
28684 1
28699 0
28710 1
28722 0
28725 0
28729 0
28740 1
28752 0
28765 1
28777 0
28783 0
28784 1
28786 0
28801 1
28814 0
28827 1
28835 1
28848 0
28854 1
28867 1
28876 0
28880 1
28891 0
28903 0
28907 1
28910 1
28925 1
28929 1
28938 0
28947 0
28948 1
28955 0
28969 0
28982 0
28986 1
28993 1
28997 1
28998 1
29002 0
29015 1
29021 0
29023 0
29031 0
29038 0
29046 1
29053 0
29062 1
29066 1
29083 1
29088 1
29101 0
29114 0
29129 1
29130 0
29137 0
29161 0
29165 0
29169 1
29171 1
29177 0
29186 0
29201 0
29214 1
29223 0
29235 0
29246 1
29249 1
29261 0
29267 1
29278 0
29282 1
29293 0
29296 0
29307 1
29320 1
29328 1
29336 1
29347 1
29352 0
29358 1
29370 0
29376 0
29390 1
29398 0
29409 0
29420 0
29427 1
29438 0
29442 0
29446 1
29461 1
29469 0
29476 0
29483 0
29491 0
29502 1
29516 0
29527 1
29532 0
29539 0
29541 1
29550 0
29565 1
29573 0
29580 0
29595 1
29609 1
29621 0
29625 1
29628 0
29643 1
29652 1
29665 1
29680 1
29693 1
29697 0
29705 1
29714 1
29725 0
29736 0
29747 1
29749 0
29756 0
29760 0
29774 0
29780 0
29794 0
29806 1
29808 1
29822 1
29826 0
29827 1
29842 1
29851 1
29865 1
29866 1
29878 1
29879 1
29893 0
29895 0
29897 1
29903 1
29910 0
29924 0
29927 0
29929 0
29932 0
29941 0
29956 0
29962 1
29965 1
29979 1
29992 0
29994 0
30005 0
30008 1
30019 0
30031 1
30050 1
30061 0
30067 0
30069 1
30072 0
30081 0
30096 1
30099 1
30111 0
30116 1
30129 1
30142 1
30143 1
30146 0
30150 0
30165 1
30176 0
30188 0
30197 1
30204 1
30205 1
30211 1
30222 0
30225 0
30240 0
30242 0
30251 0
30257 1
30265 0
30276 1
30284 0
30297 0
30300 0
30304 1
30311 1
30315 1
30318 1
30323 0
30334 0
30340 0
30355 0
30363 1
30369 1
30384 1
30389 0
30395 1
30396 1
30410 1
30415 1
30429 0
30437 0
30445 0
30460 0
30466 0
30480 1
30485 0
30489 1
30498 0
30507 1
30524 0
30525 1
30540 1
30549 1
30558 0
30560 1
30565 0
30573 1
30579 0
30587 0
30601 0
30612 1
30626 0
30632 1
30645 1
30650 0
30658 0
30670 0
30673 0
30676 1
30685 0
30699 0
30700 0
30702 0
30709 1
30718 1
30721 1
30733 1
30744 0
30755 1
30761 0
30769 0
30777 0
30781 0
30785 1
30792 1
30794 0
30801 0
30805 1
30810 1
30817 0
30823 1
30837 0
30838 0
30848 1
30854 0
30864 0
30865 0
30879 0
30883 1
30897 1
30906 0
30914 0
30915 0
30920 1
30931 0
30936 1
30949 1
30958 1
30970 0
30976 1
30988 1
30995 1
31004 1
31011 0
31026 0
31033 0
31047 1
31052 1
31065 0
31069 1
31082 1
31090 1
31104 1
31117 0
31130 0
31136 1
31138 0
31149 1
31158 0
31170 1
31174 1
31179 1
31194 0
31205 1
31212 0
31213 0
31227 0
31229 0
31241 0
31253 1
31268 1
31270 0
31281 1
31290 0
31302 0
31307 1
31314 0
31323 0
31325 0
31340 0
31352 0
31365 0
31367 1
31370 0
31373 1
31378 0
31393 1
31408 0
31413 1
31421 1
31436 1
31442 1
31443 0
31446 0
31457 1
31460 0
31469 1
31477 0
31485 0
31489 1
31502 0
31510 0
31525 1
31528 1
31533 0
31545 1
31550 0
31565 0
31579 1
31588 1
31600 0
31615 0
31624 1
31636 1
31640 0
31653 0
31668 1
31681 0
31689 1
31694 0
31695 0
31702 0
31716 1
31723 0
31731 1
31742 0
31743 1
31747 1
31758 1
31764 1
31773 0
31775 1
31789 1
31806 0
31819 1
31825 1
31834 0
31841 0
31846 0
31851 0
31857 0
31869 0
31880 0
31892 1
31899 1
31901 1
31909 0
31930 0
31937 0
31950 1
31963 1
31978 0
31986 1
32001 1
32004 1
32005 0
32016 1
32021 0
32032 1
32039 1
32044 1
32059 1
32072 0
32074 0
32077 0
32085 0
32088 1
32102 1
32103 0
32115 1
32117 0
32131 1
32133 1
32145 1
32146 1
32149 1
32157 0
32160 1
32175 1
32181 0
32186 0
32191 1
32205 1
32210 0
32223 1
32227 0
32228 0
32241 0
32255 0
32264 0
32277 1
32292 1
32299 0
32321 0
32332 0
32344 1
32356 0
32371 1
32386 1
32399 0
32405 1
32414 1
32418 1
32427 0
32440 1
32447 0
32451 1
32463 1
32471 1
32475 1
32482 0
32508 0
32509 0
32516 1
32528 1
32537 0
32551 0
32556 0
32570 1
32573 0
32588 0
32601 1
32609 0
32614 0
32627 0
32632 0
32638 0
32647 0
32649 1
32655 1
32661 0
32674 0
32678 0
32689 1
32701 1
32709 0
32717 1
32723 1
32734 0
32742 0
32751 0
32758 0
32759 0
32774 1
32780 1
32789 0
32794 0
32799 1
32811 0
32815 1
32816 1
32820 0
32824 0
32837 1
32843 1
32858 1
32869 1
32871 0
32873 0
32884 1
32887 0
32890 1
32899 1
32901 1
32905 0
32908 0
32923 1
32936 1
32945 1
32946 1
32958 0
32970 1
32982 1
32996 0
33004 1
33015 0
33021 0
33024 1
33027 0
33038 0
33043 1
33056 0
33065 1
33070 1
33081 0
33089 0
33095 1
33096 0
33101 0
33114 0
33118 0
33126 1
33132 1
33137 1
33138 1
33150 0
33162 0
33174 0
33175 0
33187 1
33198 1
33205 0
33213 0
33215 0
33221 0
33232 1
33241 1
33253 1
33258 1
33269 0
33282 1
33290 1
33305 1
33308 0
33323 1
33332 1
33345 0
33352 0
33353 0
33358 1
33362 0
33377 1
33390 1
33402 0
33415 1
33422 1
33423 0
33429 0
33444 1
33445 1
33457 1
33460 0
33466 1
33474 0
33475 1
33488 1
33501 0
33502 1
33516 0
33518 1
33521 0
33526 0
33530 1
33533 1
33541 1
33545 1
33547 0
33552 1
33554 1
33560 0
33568 0
33577 1
33582 1
33587 0
33593 0
33607 1
33621 0
33632 1
33633 1
33640 0
33649 0
33662 1
33666 1
33668 1
33676 0
33679 0
33693 0
33699 1
33705 1
33719 1
33724 0
33736 0
33748 1
33763 0
33768 0
33770 0
33782 1
33785 1
33791 1
33804 1
33811 1
33819 0
33824 0
33826 0
33834 0
33846 1
33848 1
33853 1
33865 1
33871 0
33873 1
33874 0
33885 0
33890 0
33904 1
33916 1
33929 1
33934 1
33936 1
33937 1
33942 1
33949 0
33951 1
33958 1
33963 0
33983 1
33987 0
33998 1
34011 1
34022 0
34024 1
34038 0
34044 1
34050 0
34058 0
34066 1
34071 0
34082 1
34083 0
34086 1
34087 1
34095 0
34101 0
34107 1
34115 1
34117 0
34121 0
34126 1
34127 0
34132 0
34134 1
34136 0
34138 0
34147 0
34156 0
34157 1
34168 1
34174 0
34180 1
34194 1
34199 1
34214 0
34217 0
34225 0
34233 1
34246 1
34249 0
34262 0
34275 1
34288 1
34295 1
34298 0
34302 1
34313 0
34322 0
34336 1
34345 1
34357 1
34358 0
34365 0
34373 1
34385 1
34392 0
34393 0
34411 0
34423 1
34438 0
34444 1
34452 0
34459 0
34474 0
34485 0
34498 1
34499 1
34511 1
34523 0
34538 1
34551 0
34565 1
34566 0
34568 1
34579 0
34594 1
34597 0
34611 1
34623 0
34627 0
34633 1
34642 0
34655 1
34660 0
34664 1
34667 0
34681 1
34683 0
34684 1
34692 1
34700 0
34708 1
34715 1
34716 1
34717 1
34718 1
34729 0
34733 1
34740 1
34747 0
34755 0
34761 1
34773 1
34782 0
34794 0
34800 1
34809 0
34818 0
34822 1
34829 0
34833 1
34842 0
34857 0
34871 0
34874 1
34889 0
34890 0
34895 0
34900 0
34901 0
34915 0
34921 1
34933 0
34936 0
34950 1
34962 1
34965 1
34971 0
34980 0
34984 0
34999 1
35002 0
35008 0
35021 1
35027 1
35042 1
35049 1
35055 0
35058 1
35069 0
35082 1
35096 1
35101 1
35112 0
35113 1
35119 0
35120 1
35131 0
35140 1
35142 1
35148 0
35155 0
35162 0
35171 0
35178 1
35203 0
35210 0
35214 1
35222 0
35233 1
35242 1
35256 1
35269 0
35276 1
35282 1
35285 1
35294 1
35302 1
35303 1
35309 1
35318 1
35321 0
35330 1
35344 1
35350 1
35357 1
35365 0
35383 1
35391 0
35396 1
35398 1
35414 0
35417 1
35419 0
35426 0
35430 0
35444 0
35465 1
35478 0
35493 0
35502 1
35517 1
35531 1
35544 1
35550 0
35563 1
35578 0
35585 0
35598 0
35604 1
35605 1
35616 0
35627 1
35634 1
35639 0
35653 1
35669 1
35672 0
35680 0
35694 1
35697 1
35708 1
35709 0
35715 0
35720 1
35723 0
35724 0
35731 1
35739 1
35741 1
35750 1
35756 1
35759 1
35763 1
35772 1
35785 1
35799 0
35804 1
35810 0
35823 0
35837 0
35850 1
35861 0
35864 0
35875 1
35888 1
35893 1
35908 1
35915 1
35929 1
35936 0
35942 0
35951 0
35959 0
35968 1
35973 1
35975 1
35980 1
35987 1
35996 1
36005 1
36010 0
36028 1
36033 0
36042 1
36056 1
36059 1
36060 1
36063 0
36077 0
36089 0
36093 0
36097 0
36110 0
36119 0
36126 0
36139 1
36146 1
36161 0
36168 1
36174 1
36176 0
36183 1
36189 1
36202 1
36220 1
36229 0
36233 0
36236 1
36238 0
36242 0
36244 0
36256 1
36262 0
36270 1
36275 0
36277 0
36290 0
36304 1
36319 0
36331 0
36340 1
36344 0
36349 1
36355 0
36366 1
36381 0
36386 0
36395 0
36398 1
36400 0
36414 0
36429 0
36437 0
36442 0
36447 0
36451 1
36465 1
36478 0
36489 1
36490 1
36501 1
36512 1
36518 1
36529 1
36530 1
36542 1
36557 1
36570 0
36577 1
36578 0
36582 1
36587 0
36589 1
36593 1
36606 1
36607 1
36620 1
36625 0
36638 1
36654 1
36657 0
36666 1
36671 0
36675 0
36688 0
36693 0
36707 0
36716 1
36723 1
36734 1
36737 0
36751 0
36754 1
36769 0
36778 1
36786 0
36793 1
36805 1
36808 0
36811 1
36819 0
36838 1
36853 0
36860 1
36867 0
36878 1
36889 0
36902 1
36911 1
36924 0
36927 0
36934 1
36936 0
36947 1
36958 1
36967 0
36975 1
36986 1
36994 1
36996 1
37011 0
37012 0
37015 0
37026 0
37035 1
37048 1
37062 0
37073 0
37075 1
37082 0
37087 1
37088 1
37094 0
37108 0
37109 1
37117 0
37129 1
37138 0
37142 0
37157 1
37162 1
37176 0
37189 0
37190 0
37198 0
37210 0
37211 1
37219 0
37222 1
37237 0
37252 0
37254 0
37263 1
37278 0
37284 0
37286 1
37292 0
37304 1
37305 1
37306 0
37307 1
37321 0
37335 0
37348 1
37352 0
37361 0
37366 1
37378 0
37389 0
37397 0
37412 0
37424 0
37428 0
37437 0
37445 0
37448 1
37450 0
37452 1
37464 0
37476 0
37491 1
37492 0
37504 0
37510 1
37516 0
37523 1
37538 0
37545 1
37547 1
37550 1
37559 1
37572 0
37580 0
37585 0
37596 0
37611 1
37623 0
37628 0
37633 0
37641 1
37645 0
37656 0
37663 1
37672 0
37674 1
37676 0
37687 0
37701 1
37708 1
37711 1
37719 1
37723 1
37725 1
37740 0
37751 0
37763 1
37770 1
37774 1
37779 0
37796 0
37809 0
37813 0
37817 1
37829 1
37843 1
37857 0
37869 1
37876 1
37881 1
37894 0
37909 0
37923 1
37924 1
37935 1
37949 0
37960 0
37975 1
37980 1
37983 1
37997 0
38003 0
38006 1
38015 1
38016 1
38020 0
38023 1
38032 1
38046 1
38051 1
38065 0
38070 1
38072 0
38085 0
38098 0
38103 0
38108 1
38120 1
38127 1
38142 0
38156 1
38169 1
38171 1
38173 1
38182 1
38195 0
38210 1
38216 1
38230 1
38244 0
38249 0
38251 1
38263 0
38271 0
38285 1
38290 0
38299 1
38313 1
38319 1
38332 1
38337 1
38349 0
38363 0
38365 0
38370 0
38372 0
38385 0
38387 0
38395 0
38400 0
38411 0
38414 1
38426 0
38440 1
38445 1
38458 1
38463 0
38467 1
38471 1
38472 1
38487 0
38491 1
38504 1
38509 0
38515 1
38528 0
38536 1
38551 0
38553 0
38557 1
38568 1
38580 1
38581 1
38589 0
38597 0
38610 0
38621 1
38623 0
38637 0
38641 1
38644 0
38650 0
38653 1
38659 0
38674 1
38689 1
38697 1
38701 1
38705 0
38718 1
38726 0
38740 0
38745 1
38753 0
38756 0
38768 0
38770 0
38781 1
38787 0
38793 1
38794 1
38808 0
38822 1
38829 1
38843 1
38847 1
38859 1
38862 1
38863 0
38869 0
38870 0
38886 0
38897 0
38904 0
38913 0
38928 0
38931 1
38934 0
38947 1
38950 1
38963 1
38966 1
38972 0
38999 0
39011 0
39018 0
39029 0
39043 1
39050 1
39062 0
39068 1
39090 0
39101 1
39108 0
39116 0
39119 0
39124 0
39125 1
39138 0
39152 1
39157 0
39166 0
39173 0
39187 1
39202 0
39210 0
39218 1
39222 1
39236 0
39247 0
39255 1
39269 1
39273 1
39279 1
39292 0
39301 1
39309 1
39310 1
39318 0
39324 1
39338 1
39349 1
39354 1
39356 1
39360 1
39364 0
39377 0
39380 1
39393 0
39402 1
39416 1
39428 0
39441 0
39453 0
39466 1
39474 0
39489 1
39496 0
39507 1
39512 1
39520 0
39529 0
39538 1
39550 1
39554 1
39569 0
39576 1
39583 1
39592 0
39595 1
39604 0
39610 0
39625 0
39636 0
39640 1
39641 1
39642 1
39645 0
39647 1
39651 1
39660 0
39688 1
39703 0
39709 0
39723 0
39729 0
39737 0
39746 1
39759 0
39764 0
39778 0
39793 1
39807 0
39811 1
39826 1
39829 1
39831 1
39839 0
39850 1
39857 1
39858 1
39871 1
39873 1
39888 1
39889 1
39890 1
39898 1
39901 0
39912 0
39926 0
39934 1
39945 1
39952 1
39960 1
39961 0
39968 0
39983 1
39995 1
39996 0
40007 1
40009 0
40023 0
40036 0
40043 1
40057 0
40071 0
40086 0
40087 1
40089 0
40100 1
40103 0
40116 0
40117 1
40120 0
40128 1
40132 1
40133 0
40144 0
40150 0
40157 0
40160 0
40174 0
40176 0
40177 1
40192 0
40204 0
40217 0
40230 0
40239 1
40251 1
40263 0
40274 1
40283 0
40285 1
40297 1
40312 0
40327 1
40335 1
40350 1
40359 0
40372 1
40374 1
40381 0
40382 0
40389 1
40396 0
40401 1
40404 1
40415 1
40422 0
40428 1
40443 0
40454 1
40455 0
40470 0
40472 0
40474 0
40485 0
40492 0
40506 1
40519 0
40521 0
40526 0
40538 0
40553 1
40558 1
40570 1
40583 0
40595 1
40610 0
40623 0
40630 1
40631 1
40638 0
40652 0
40657 0
40660 0
40671 1
40686 1
40691 0
40704 1
40708 0
40717 0
40719 1
40733 0
40738 1
40742 0
40749 1
40768 1
40769 0
40774 1
40783 1
40788 0
40802 0
40811 0
40816 0
40818 1
40822 1
40829 1
40842 0
40848 1
40855 0
40868 1
40877 1
40880 0
40895 1
40904 0
40908 0
40909 0
40924 0
40931 0
40946 0
40953 0
40966 1
40977 0
40980 0
40989 1
40992 0
41001 1
41012 0
41015 0
41045 0
41053 0
41060 1
41064 1
41069 1
41076 1
41090 0
41102 0
41107 1
41118 0
41121 0
41141 0
41146 1
41152 0
41153 0
41167 0
41181 0
41186 1
41190 0
41195 0
41201 0
41206 1
41212 1
41227 1
41228 0
41242 0
41248 1
41249 0
41252 1
41257 1
41268 0
41281 0
41288 0
41291 1
41305 0
41306 1
41307 0
41315 1
41316 0
41330 1
41331 0
41338 1
41353 0
41357 0
41371 0
41384 0
41386 0
41398 1
41399 1
41404 0
41413 0
41425 0
41430 0
41443 0
41450 0
41458 1
41461 1
41467 1
41473 0
41496 1
41505 1
41509 0
41523 0
41538 0
41549 0
41561 0
41576 0
41577 0
41581 0
41593 1
41608 1
41613 1
41614 1
41623 0
41637 0
41644 1
41646 0
41661 0
41668 1
41682 1
41684 0
41688 1
41696 1
41704 1
41719 0
41724 1
41732 0
41744 1
41751 0
41758 1
41763 1
41776 0
41781 0
41789 0
41793 1
41802 1
41811 1
41818 1
41831 0
41840 0
41843 0
41844 0
41857 1
41868 0
41877 1
41886 0
41891 0
41895 1
41903 1
41910 1
41911 1
41922 1
41937 1
41951 0
41960 1
41975 0
41981 0
41982 0
41984 1
41998 0
42016 0
42029 0
42041 1
42056 1
42070 1
42075 0
42086 1
42095 0
42112 0
42113 0
42115 1
42128 0
42137 0
42149 0
42155 1
42160 1
42164 1
42173 1
42182 0
42185 0
42192 1
42200 1
42208 0
42221 1
42234 0
42246 1
42257 1
42265 0
42278 0
42285 0
42299 1
42308 0
42323 1
42324 1
42337 0
42350 1
42357 0
42385 1
42386 0
42397 1
42404 1
42408 0
42417 1
42419 1
42433 0
42447 0
42456 0
42459 0
42470 0
42481 0
42496 0
42505 0
42506 1
42519 1
42523 0
42535 0
42546 1
42548 1
42563 1
42578 0
42582 1
42595 0
42601 1
42607 0
42622 1
42630 1
42645 1
42647 1
42650 0
42658 1
42672 1
42674 0
42688 1
42701 0
42703 1
42715 0
42719 1
42734 0
42746 1
42753 1
42760 0
42766 0
42778 1
42791 0
42800 0
42805 1
42812 1
42815 0
42829 0
42833 1
42837 1
42840 0
42852 1
42853 1
42858 0
42873 0
42884 1
42892 0
42905 1
42922 0
42929 1
42938 1
42949 1
42956 0
42965 1
42973 1
42985 0
42990 1
42992 0
43006 1
43017 1
43024 1
43039 1
43051 1
43058 0
43069 0
43082 0
43088 1
43091 0
43095 1
43107 1
43116 0
43119 0
43127 0
43131 0
43133 1
43139 0
43144 0
43149 1
43150 1
43165 1
43179 0
43191 0
43194 0
43208 0
43215 1
43220 1
43229 1
43241 0
43248 1
43250 0
43257 0
43269 0
43281 1
43284 0
43289 1
43306 0
43319 1
43333 0
43348 0
43361 0
43374 1
43377 1
43389 1
43397 0
43420 0
43431 1
43435 1
43442 1
43454 1
43468 0
43474 0
43487 0
43496 1
43509 0
43510 1
43514 0
43515 1
43516 1
43523 0
43534 0
43548 1
43556 1
43557 0
43560 0
43568 1
43581 1
43595 1
43604 0
43609 1
43624 0
43631 0
43640 1
43653 0
43666 1
43672 0
43679 1
43694 0
43698 1
43710 0
43724 1
43729 0
43732 0
43741 1
43744 1
43749 0
43764 0
43777 1
43781 1
43783 1
43789 0
43797 0
43801 1
43808 1
43823 0
43832 0
43847 1
43848 0
43852 1
43866 1
43879 0
43894 0
43905 0
43906 1
43908 1
43919 0
43926 0
43933 1
43937 0
43941 0
43958 0
43967 0
43970 1
43974 0
43975 1
43983 1
43996 1
44003 0
44017 1
44019 1
44025 0
44038 1
44042 1
44049 0
44056 0
44071 1
44080 1
44081 1
44084 0
44088 1
44099 1
44104 0
44116 0
44121 1
44127 0
44135 1
44140 0
44152 0
44154 0
44155 0
44163 1
44174 1
44178 0
44190 1
44199 1
44201 1
44207 1
44222 0
44230 1
44233 0
44247 1
44250 1
44251 1
44254 0
44257 1
44270 1
44276 1
44288 0
44302 0
44308 0
44323 0
44324 0
44329 0
44332 0
44333 1
44338 0
44340 0
44342 1
44356 0
44359 1
44370 0
44376 1
44385 0
44406 0
44415 1
44419 0
44430 1
44433 0
44441 0
44449 1
44460 1
44462 1
44466 0
44469 0
44480 1
44499 0
44508 0
44521 0
44536 1
44538 1
44546 0
44559 1
44562 0
44566 1
44570 0
44577 1
44584 1
44593 1
44607 0
44611 1
44620 0
44624 1
44639 1
44652 1
44661 0
44680 1
44686 0
44692 0
44695 0
44697 1
44712 0
44721 1
44730 0
44749 0
44753 1
44760 0
44774 0
44780 0
44784 1
44792 0
44801 0
44810 1
44818 1
44830 1
44836 1
44840 0
44854 0
44868 1
44873 0
44901 1
44912 0
44917 1
44930 0
44936 0
44944 0
44959 0
44963 1
44971 0
44974 1
44988 1
44996 0
45008 0
45010 0
45022 0
45025 1
45033 0
45040 1
45044 0
45057 0
45058 1
45066 1
45069 0
45070 1
45074 1
45080 1
45082 1
45093 0
45106 1
45109 0
45123 0
45132 0
45139 0
45141 1
45156 0
45157 1
45159 0
45166 1
45178 1
45190 1
45205 1
45218 0
45220 0
45227 1
45238 0
45246 1
45251 1
45253 0
45257 1
45270 1
45271 1
45275 0
45282 0
45286 1
45294 1
45299 1
45311 1
45313 1
45314 0
45317 0
45332 0
45340 1
45354 0
45369 1
45381 1
45382 1
45391 0
45396 1
45407 1
45409 1
45412 1
45420 1
45434 1
45446 1
45457 0
45464 1
45479 1
45486 1
45501 1
45508 1
45520 1
45534 1
45535 0
45540 1
45541 0
45552 1
45559 0
45567 1
45568 1
45576 0
45580 1
45592 0
45607 0
45620 1
45634 0
45637 1
45648 1
45655 0
45659 1
45673 0
45679 1
45692 1
45695 1
45699 1
45700 1
45713 1
45715 0
45722 1
45734 1
45743 1
45757 0
45762 1
45778 1
45784 1
45785 1
45788 1
45802 1
45817 0
45825 0
45826 0
45833 0
45844 1
45855 0
45858 0
45863 0
45868 0
45883 1
45890 1
45893 0
45898 0
45902 0
45908 1
45911 1
45919 0
45930 1
45944 0
45947 1
45948 0
45961 1
45963 1
45977 0
45984 0
45991 1
45993 0
46000 0
46006 0
46017 0
46029 0
46032 0
46045 0
46054 1
46062 1
46070 1
46083 1
46086 1
46087 1
46094 0
46106 1
46112 0
46120 0
46134 0
46142 0
46145 0
46157 1
46160 1
46175 1
46190 0
46201 0
46204 0
46213 1
46233 1
46234 0
46249 0
46261 0
46268 1
46280 1
46283 1
46284 0
46299 1
46318 0
46333 1
46338 1
46346 1
46354 0
46355 1
46368 0
46374 1
46387 0
46399 1
46403 0
46411 0
46423 0
46430 1
46434 0
46436 1
46440 1
46455 0
46467 0
46473 1
46481 0
46486 1
46489 0
46501 1
46513 0
46519 0
46524 0
46527 1
46541 1
46545 1
46557 1
46571 1
46574 1
46583 1
46591 0
46594 1
46609 0
46617 1
46626 1
46640 1
46642 0
46646 0
46652 1
46666 0
46677 1
46678 0
46692 0
46694 1
46703 0
46716 1
46729 1
46733 0
46746 0
46752 1
46769 0
46778 0
46782 0
46794 0
46807 1
46816 1
46828 1
46832 1
46839 0
46850 1
46861 1
46862 1
46867 0
46881 1
46894 0
46903 0
46910 0
46923 0
46937 1
46940 0
46951 1
46966 1
46968 1
46983 1
46985 0
46986 1
46994 1
47003 1
47007 1
47016 0
47029 0
47030 0
47037 1
47046 1
47058 1
47065 0
47071 1
47080 1
47089 0
47096 1
47125 1
47139 1
47144 1
47151 1
47163 1
47168 0
47197 1
47201 1
47213 0
47215 1
47222 0
47224 1
47239 1
47245 0
47250 0
47255 1
47256 0
47270 1
47276 1
47281 0
47288 1
47302 0
47309 0
47313 0
47322 0
47334 0
47339 1
47348 0
47352 1
47367 1
47368 0
47372 1
47383 1
47398 0
47403 0
47411 0
47417 1
47424 0
47436 1
47440 1
47444 1
47448 0
47456 1
47469 0
47471 1
47482 1
47495 0
47507 0
47515 1
47528 1
47541 1
47548 0
47563 0
47570 1
47572 0
47579 1
47585 1
47590 1
47595 1
47601 1
47612 1
47618 0
47627 1
47634 0
47638 0
47650 1
47656 1
47670 1
47673 0
47686 1
47688 0
47701 0
47705 0
47713 0
47719 1
47734 1
47736 1
47738 0
47745 0
47759 0
47770 1
47773 1
47775 1
47787 0
47791 1
47793 0
47807 0
47818 1
47830 1
47837 0
47844 1
47849 0
47856 0
47862 1
47865 0
47880 1
47885 1
47892 1
47896 1
47903 0
47917 1
47922 0
47925 0
47929 0
47937 0
47952 1
47967 1
47979 1
47991 0
47994 1
48005 1
48016 1
48028 0
48036 0
48039 0
48054 1
48061 1
48075 0
48078 1
48086 1
48087 1
48090 0
48102 0
48117 0
48131 1
48140 1
48154 0
48162 0
48175 0
48188 0
48195 1
48197 1
48204 0
48210 1
48211 1
48212 0
48223 1
48225 0
48231 1
48246 0
48258 0
48273 1
48287 0
48294 1
48302 1
48311 1
48312 1
48314 0
48326 0
48335 1
48341 1
48354 0
48361 0
48374 0
48376 1
48388 0
48395 1
48407 0
48418 1
48429 1
48442 0
48454 0
48459 0
48461 0
48465 0
48479 1
48483 0
48492 1
48501 1
48506 0
48509 0
48524 1
48531 1
48546 1
48555 1
48557 1
48569 1
48581 0
48595 1
48606 0
48612 0
48623 1
48627 1
48639 0
48654 1
48662 1
48668 0
48677 1
48686 1
48700 1
48701 1
48703 1
48704 0
48717 1
48719 1
48728 1
48743 1
48744 0
48756 1
48770 1
48777 0
48795 1
48801 1
48805 0
48819 1
48833 0
48834 0
48837 0
48843 0
48847 1
48854 0
48860 0
48865 0
48866 1
48878 0
48882 0
48899 1
48902 0
48911 1
48926 0
48935 0
48939 0
48953 0
48958 1
48967 0
48970 0
48984 1
48989 0
49012 1
49017 0
49025 0
49027 1
49041 0
49047 0
49049 1
49058 1
49069 0
49081 0
49085 1
49098 1
49107 1
49111 0
49120 1
49129 1
49137 1
49148 0
49159 0
49163 1
49174 0
49182 0
49196 1
49199 1
49205 1
49220 0
49234 0
49248 1
49261 0
49266 1
49269 1
49276 0
49277 0
49280 1
49295 0
49304 0
49312 1
49315 0
49320 0
49328 1
49349 0
49353 1
49365 1
49372 1
49373 1
49387 1
49388 1
49389 0
49403 1
49416 1
49430 0
49436 0
49451 1
49466 0
49473 0
49485 1
49498 0
49500 1
49515 0
49523 1
49542 0
49553 0
49557 1
49571 1
49572 1
49573 0
49580 0
49589 1
49595 0
49608 0
49609 0
49623 0
49625 0
49629 0
49633 0
49637 0
49650 1
49661 0
49676 1
49684 0
49697 1
49704 0
49712 0
49714 0
49722 1
49735 1
49741 0
49743 1
49754 1
49765 0
49771 1
49772 1
49784 0
49792 1
49806 0
49821 1
49824 0
49835 0
49846 0
49854 1
49879 0
49882 1
49886 0
49897 1
49906 0
49918 1
49927 0
49935 0
49936 1
49942 0
49947 1
49948 1
49950 1
49961 1
49970 0
49977 0
49980 0
49994 0
50006 0
50008 1
50020 1
50032 1
50044 0
50045 0
50052 1
50064 0
50072 1
50099 1
50103 1
50107 0
50118 1
50134 0
50142 0
50154 0
50165 0
50174 1
50181 1
50185 1
50191 0
50206 0
50211 0
50226 1
50233 0
50241 1
50250 0
50252 1
50259 1
50261 0
50267 1
50272 1
50274 0
50278 1
50291 0
50294 1
50305 0
50317 0
50330 1
50344 0
50358 1
50363 0
50367 0
50370 0
50373 0
50376 1
50382 1
50389 1
50404 1
50407 1
50420 0
50427 0
50439 1
50442 0
50453 0
50456 0
50470 0
50478 0
50481 0
50489 0
50501 0
50503 1
50512 0
50519 0
50527 0
50529 1
50536 0
50538 0
50545 1
50549 0
50560 0
50569 1
50571 1
50578 0
50589 0
50601 1
50605 0
50617 0
50630 0
50643 1
50652 0
50667 1
50680 0
50683 1
50694 0
50695 1
50701 0
50714 1
50728 0
50737 1
50751 0
50765 0
50778 0
50783 0
50789 0
50791 1
50800 1
50809 1
50817 1
50822 0
50826 1
50841 0
50846 0
50853 1
50861 0
50865 1
50866 1
50875 1
50889 1
50903 0
50909 0
50922 0
50930 1
50931 0
50936 0
50950 1
50957 1
50971 1
50974 1
50988 1
50991 1
50998 1
51007 0
51020 0
51032 0
51044 1
51050 0
51051 1
51064 1
51073 1
51079 0
51090 0
51099 0
51102 1
51113 1
51127 1
51129 0
51134 1
51135 0
51150 0
51154 1
51169 1
51181 1
51185 0
51188 0
51200 1
51223 0
51227 1
51238 1
51239 0
51242 1
51246 1
51253 1
51268 1
51274 1
51281 1
51289 0
51302 0
51310 1
51314 0
51326 1
51327 0
51333 1
51344 0
51353 1
51366 0
51380 1
51388 1
51400 0
51401 1
51405 0
51412 1
51426 1
51434 1
51442 0
51456 1
51460 0
51473 1
51482 1
51497 1
51509 0
51511 1
51525 1
51529 0
51541 1
51542 0
51556 0
51561 1
51563 0
51568 1
51577 1
51580 0
51593 0
51600 1
51605 1
51612 0
51614 1
51616 0
51617 1
51619 0
51632 1
51641 1
51649 0
51662 1
51666 1
51667 1
51681 0
51695 1
51708 0
51717 1
51724 1
51731 0
51739 1
51747 1
51758 1
51770 0
51776 0
51781 1
51789 1
51804 0
51805 1
51812 1
51820 0
51827 0
51841 1
51848 0
51855 0
51863 0
51870 0
51879 1
51894 1
51902 0
51909 1
51916 1
51922 0
51937 0
51944 0
51950 1
51957 0
51969 0
51980 1
51988 1
52002 0
52013 1
52014 1
52016 0
52028 1
52042 1
52047 0
52058 1
52069 0
52074 1
52075 0
52089 1
52103 1
52107 1
52111 0
52118 1
52119 1
52134 0
52146 0
52153 1
52168 0
52183 0
52194 1
52202 1
52203 1
52214 0
52223 0
52237 0
52242 0
52244 0
52255 0
52269 1
52278 0
52285 0
52289 1
52291 0
52306 1
52310 1
52319 1
52325 0
52330 1
52343 1
52357 0
52361 1
52373 0
52379 1
52392 0
52399 1
52410 0
52424 1
52436 0
52461 0
52476 0
52490 1
52491 0
52505 0
52509 0
52523 0
52528 1
52548 1
52553 0
52562 1
52573 0
52581 0
52586 0
52591 1
52592 0
52595 1
52600 0
52606 1
52607 0
52615 0
52624 0
52625 0
52631 0
52645 1
52648 1
52652 0
52659 0
52671 0
52673 0
52674 0
52683 1
52700 1
52713 0
52720 0
52723 1
52731 1
52744 0
52759 1
52768 0
52780 1
52791 1
52792 1
52793 0
52797 0
52805 0
52806 0
52819 0
52833 0
52836 1
52838 1
52845 0
52860 1
52871 0
52872 0
52881 1
52884 0
52887 0
52896 0
52909 1
52911 1
52920 1
52927 1
52932 0
52933 1
52944 1
52949 1
52967 1
52979 0
52994 0
53008 0
53023 0
53036 0
53038 0
53047 0
53060 1
53069 1
53081 0
53086 1
53092 0
53104 1
53118 0
53125 0
53140 0
53155 1
53159 1
53163 1
53170 1
53174 0
53175 1
53177 0
53184 1
53193 1
53205 1
53211 0
53225 1
53227 1
53233 1
53242 0
53244 0
53257 1
53258 0
53259 0
53263 1
53267 0
53282 1
53290 1
53295 0
53302 0
53308 0
53321 0
53332 1
53339 0
53343 0
53349 1
53352 1
53358 1
53360 0
53367 0
53372 1
53381 1
53392 1
53394 0
53396 1
53398 1
53400 0
53404 0
53409 1
53413 0
53418 0
53430 1
53436 0
53441 0
53453 0
53468 1
53482 0
53490 0
53503 0
53510 1
53521 0
53529 1
53541 0
53556 1
53567 1
53574 1
53579 1
53593 0
53600 1
53602 1
53615 1
53628 0
53630 0
53645 0
53650 1
53652 0
53665 1
53677 0
53678 0
53679 0
53683 0
53694 0
53709 0
53715 1
53727 0
53732 1
53743 0
53748 0
53760 1
53767 1
53772 1
53776 0
53783 1
53790 1
53799 1
53800 1
53814 0
53822 1
53825 0
53827 1
53830 1
53843 0
53852 0
53858 1
53866 0
53881 0
53890 1
53899 1
53901 1
53903 0
53917 1
53930 1
53938 1
53953 0
53956 0
53964 0
53978 0
53980 0
53981 1
53992 1
54000 1
54008 1
54014 0
54029 0
54040 1
54047 0
54056 0
54058 1
54065 1
54077 0
54092 0
54106 1
54121 0
54136 0
54140 1
54142 0
54155 1
54156 1
54162 0
54168 0
54171 1
54177 0
54184 1
54204 1
54206 0
54218 0
54227 0
54241 1
54249 0
54262 1
54275 0
54279 0
54287 1
54302 1
54303 0
54308 1
54310 0
54319 0
54330 0
54334 0
54349 0
54362 0
54368 1
54371 0
54373 0
54385 1
54398 1
54403 0
54407 1
54422 0
54437 1
54445 0
54464 1
54478 0
54481 0
54482 0
54489 0
54491 1
54493 1
54504 1
54505 0
54520 1
54527 1
54528 1
54530 0
54536 1
54548 0
54556 1
54570 0
54577 1
54588 1
54592 0
54601 0
54615 0
54627 0
54640 0
54646 0
54657 0
54659 1
54663 1
54670 1
54672 0
54678 0
54685 1
54698 0
54707 1
54734 1
54743 1
54747 1
54748 1
54753 1
54754 1
54762 1
54771 0
54783 1
54798 0
54809 1
54812 0
54813 0
54815 1
54817 1
54818 0
54821 0
54832 1
54843 0
54848 1
54862 0
54863 1
54874 1
54887 0
54901 0
54907 1
54927 0
54940 0
54953 0
54955 0
54964 1
54976 0
54982 0
54988 1
54994 0
54999 1
55012 0
55014 1
55015 0
55020 1
55033 1
55034 0
55038 1
55040 1
55051 0
55053 0
55057 1
55059 1
55072 1
55077 0
55080 1
55095 0
55108 0
55120 0
55132 0
55138 0
55140 1
55146 1
55152 1
55163 1
55170 0
55177 1
55195 1
55200 1
55215 0
55222 0
55237 1
55238 1
55251 0
55260 1
55279 1
55286 0
55295 0
55297 1
55310 1
55318 1
55321 1
55324 0
55333 1
55340 1
55355 0
55369 0
55374 1
55381 0
55387 0
55401 1
55408 0
55419 1
55444 1
55446 0
55453 0
55459 0
55474 0
55479 0
55494 1
55503 0
55523 1
55537 1
55551 1
55559 1
55572 1
55573 0
55576 0
55588 0
55602 0
55613 1
55616 0
55618 1
55631 0
55640 1
55658 1
55666 0
55679 1
55691 1
55694 1
55703 0
55715 1
55718 0
55722 0
55731 1
55760 1
55763 0
55774 0
55780 0
55786 1
55795 0
55804 0
55818 0
55820 1
55829 1
55831 1
55843 1
55858 0
55871 1
55875 0
55876 0
55884 1
55896 1
55900 1
55908 1
55912 0
55916 0
55923 1
55934 1
55945 1
55946 0
55950 0
55952 1
55963 1
55964 1
55978 1
55991 0
55998 0
56004 0
56005 1
56007 0
56008 1
56014 0
56015 0
56028 0
56043 0
56056 1
56064 0
56067 0
56078 1
56086 0
56095 1
56102 1
56105 0
56110 0
56123 1
56127 1
56135 0
56139 1
56148 0
56152 0
56172 0
56180 0
56189 1
56204 1
56205 1
56207 0
56220 1
56222 0
56227 0
56238 0
56239 0
56245 0
56258 0
56259 1
56274 1
56288 0
56292 1
56306 1
56312 1
56323 1
56324 0
56326 0
56331 1
56333 0
56336 0
56348 1
56349 1
56350 1
56365 1
56373 1
56378 0
56387 0
56388 1
56403 0
56418 0
56421 0
56423 0
56425 0
56430 1
56438 0
56451 1
56474 0
56487 0
56494 0
56496 1
56509 0
56523 0
56531 0
56544 0
56558 1
56561 0
56573 1
56579 0
56590 1
56602 1
56616 1
56617 1
56631 0
56644 1
56648 1
56659 1
56663 0
56672 0
56676 0
56679 1
56691 1
56705 1
56707 1
56718 0
56732 1
56738 1
56747 1
56755 0
56761 0
56774 1
56781 0
56789 0
56804 0
56817 1
56826 0
56834 0
56841 0
56844 0
56852 0
56855 1
56869 1
56876 0
56877 0
56891 1
56892 1
56905 1
56906 1
56921 0
56923 1
56930 1
56943 0
56956 1
56961 0
56972 1
56985 1
56992 0
57007 0
57011 0
57017 0
57026 1
57041 1
57047 0
57054 1
57067 0
57069 0
57077 1
57080 0
57081 1
57094 0
57109 0
57114 0
57123 1
57125 1
57128 1
57135 1
57142 0
57149 1
57153 1
57159 1
57164 0
57176 0
57190 0
57199 1
57204 0
57205 1
57209 0
57210 1
57212 1
57225 1
57228 1
57239 0
57241 0
57243 1
57254 1
57257 0
57263 1
57265 1
57272 0
57293 0
57299 1
57314 1
57321 0
57326 1
57335 1
57349 1
57351 1
57358 0
57360 1
57372 0
57387 1
57389 0
57401 1
57412 0
57416 0
57420 1
57428 0
57436 1
57441 1
57448 1
57462 0
57475 1
57476 0
57479 0
57494 0
57509 1
57511 1
57517 0
57526 1
57530 0
57531 0
57537 0
57551 1
57556 0
57575 1
57587 0
57589 0
57601 1
57614 0
57621 1
57643 0
57649 0
57661 0
57672 1
57679 1
57693 1
57705 1
57717 1
57732 0
57744 0
57758 1
57773 1
57782 1
57785 0
57791 1
57794 1
57803 1
57818 1
57830 1
57836 0
57849 0
57856 0
57858 0
57866 1
57867 0
57869 1
57872 0
57884 1
57899 1
57904 1
57915 0
57916 0
57927 0
57929 0
57930 0
57933 1
57944 0
57948 0
57962 0
57964 0
57975 1
57987 1
57993 0
57995 1
58008 1
58012 0
58017 1
58024 1
58027 1
58034 0
58049 0
58056 1
58062 1
58071 0
58077 0
58082 0
58097 0
58110 0
58118 1
58129 0
58138 0
58146 0
58161 0
58172 1
58174 1
58178 1
58181 1
58196 0
58200 0
58202 1
58217 1
58222 0
58229 0
58240 0
58242 1
58257 0
58261 1
58268 1
58278 0
58301 1
58310 0
58313 0
58328 1
58339 1
58353 1
58368 0
58383 0
58390 1
58404 0
58418 0
58427 0
58442 0
58444 0
58455 1
58459 0
58462 0
58489 1
58500 1
58508 1
58510 1
58513 1
58527 1
58529 0
58540 0
58549 1
58564 0
58569 1
58578 0
58586 0
58590 1
58602 0
58603 1
58615 0
58626 0
58628 1
58637 1
58651 0
58664 1
58666 1
58667 1
58679 0
58687 0
58694 1
58708 1
58715 1
58717 1
58718 0
58722 1
58725 1
58727 0
58738 1
58743 1
58747 1
58752 0
58763 0
58765 1
58777 1
58779 1
58787 0
58790 0
58805 1
58812 0
58821 1
58830 1
58838 0
58839 1
58850 0
58858 1
58864 1
58868 1
58880 1
58887 0
58902 0
58913 0
58915 1
58922 1
58948 1
58956 1
58969 0
58977 0
58992 1
58999 1
59008 1
59015 0
59016 1
59024 1
59030 0
59042 1
59049 0
59068 1
59083 0
59097 1
59099 1
59100 1
59106 1
59107 1
59115 0
59122 1
59123 0
59137 0
59150 1
59167 1
59181 1
59189 1
59190 0
59193 1
59205 1
59208 1
59212 1
59216 1
59231 0
59245 0
59248 0
59262 0
59275 0
59279 0
59286 0
59289 1
59300 1
59306 1
59309 0
59317 0
59321 0
59325 1
59326 0
59329 1
59332 1
59347 1
59355 0
59358 1
59364 0
59367 0
59371 0
59377 1
59378 1
59380 1
59385 0
59386 1
59391 1
59397 1
59400 1
59414 1
59418 0
59421 0
59426 1
59437 1
59446 0
59458 1
59469 1
59474 1
59480 0
59487 0
59502 1
59503 1
59516 1
59523 1
59528 1
59532 0
59540 0
59543 0
59552 0
59561 0
59568 0
59575 1
59581 0
59595 0
59608 1
59623 0
59632 1
59639 1
59653 0
59664 1
59676 1
59680 0
59683 0
59699 0
59712 1
59713 0
59728 0
59733 0
59745 0
59753 0
59762 1
59775 1
59776 0
59784 0
59790 0
59801 0
59812 1
59824 0
59837 0
59838 0
59841 1
59850 0
59859 0
59862 1
59863 0
59866 0
59875 1
59889 1
59894 0
59897 0
59901 0
59912 1
59927 0
59935 1
59941 0
59952 0
59966 1
59970 1
59976 0
59981 1
59993 0
59997 0
60012 0
60024 0
60032 0
60039 1
60050 1
60064 1
60071 1
60074 0
60086 0
60100 1
60113 1
60125 0
60127 1
60131 1
60138 0
60143 0
60156 1
60167 0
60180 0
60187 0
60199 1
60207 0
60215 1
60227 0
60238 0
60240 0
60241 0
60242 1
60247 1
60254 0
60262 1
60263 1
60266 0
60269 0
60277 0
60280 1
60282 0
60294 1
60296 0
60300 1
60307 0
60311 0
60325 1
60329 0
60343 1
60351 0
60366 0
60374 1
60383 1
60397 0
60406 0
60421 1
60436 0
60440 0
60443 0
60447 1
60452 0
60464 0
60467 1
60480 0
60494 1
60508 0
60514 0
60527 1
60536 0
60544 1
60545 0
60557 0
60558 1
60562 0
60577 0
60579 0
60584 0
60589 1
60615 0
60616 1
60629 0
60643 1
60649 0
60657 1
60668 1
60673 1
60685 0
60694 1
60697 1
60709 0
60717 0
60728 1
60736 0
60741 0
60746 0
60759 1
60761 0
60762 1
60764 1
60776 0
60791 1
60794 0
60802 0
60805 1
60808 1
60810 1
60814 0
60827 1
60851 0
60866 1
60875 0
60879 1
60894 0
60903 1
60914 0
60920 1
60931 1
60939 1
60945 1
60957 1
60962 0
60964 0
60968 0
60971 1
60975 0
60990 1
60996 1
60998 0
61009 1
61013 0
61026 1
61028 0
61043 0
61057 0
61062 1
61075 0
61090 1
61092 1
61101 1
61114 0
61119 0
61134 1
61142 1
61143 0
61145 0
61153 1
61160 0
61174 0
61181 1
61183 1
61196 0
61209 0
61218 0
61233 0
61246 1
61252 1
61261 1
61263 0
61269 1
61274 0
61282 1
61291 0
61302 1
61307 0
61316 0
61321 0
61336 1
61339 0
61352 0
61361 0
61373 1
61374 1
61382 1
61394 0
61399 1
61407 0
61410 1
61419 0
61428 1
61431 1
61446 1
61460 0
61474 0
61486 0
61491 1
61493 1
61507 0
61508 0
61509 1
61514 0
61517 1
61529 1
61535 0
61544 0
61552 0
61560 1
61565 1
61572 1
61574 0
61578 0
61580 1
61582 1
61591 1
61599 1
61608 0
61617 0
61621 1
61636 0
61660 0
61675 0
61688 0
61695 0
61698 1
61700 0
61705 0
61720 1
61726 0
61733 1
61734 0
61747 0
61752 1
61755 0
61759 0
61774 1
61785 1
61790 0
61797 1
61803 0
61809 0
61815 0
61826 0
61831 0
61846 0
61853 1
61861 1
61869 1
61884 1
61898 0
61909 0
61910 0
61911 0
61913 1
61917 0
61921 1
61924 0
61932 0
61946 0
61949 1
61964 0
61969 0
61983 1
61988 1
61991 0
62004 1
62012 0
62023 1
62025 0
62027 1
62034 0
62045 1
62050 1
62059 1
62071 0
62073 0
62082 1
62096 0
62098 1
62109 0
62121 1
62135 1
62138 1
62145 0
62150 1
62164 0
62172 0
62174 0
62175 0
62186 1
62190 0
62198 1
62207 1
62219 0
62228 0
62234 0
62237 1
62239 0
62241 1
62243 0
62257 0
62262 0
62264 1
62269 0
62276 0
62289 0
62298 1
62302 1
62311 0
62315 1
62327 0
62336 1
62343 1
62345 0
62359 1
62386 0
62394 0
62403 1
62405 0
62407 1
62419 0
62432 0
62433 0
62439 1
62444 0
62457 1
62465 1
62472 0
62473 0
62482 0
62496 0
62511 0
62514 1
62519 1
62544 0
62548 1
62562 1
62569 1
62571 0
62576 1
62588 0
62595 1
62599 1
62610 0
62614 0
62621 0
62624 1
62635 1
62636 0
62648 0
62654 1
62666 1
62668 0
62675 0
62682 1
62688 0
62699 1
62714 0
62741 1
62755 0
62764 0
62772 0
62777 0
62781 1
62795 1
62804 1
62818 1
62823 1
62835 1
62846 1
62851 1
62856 1
62869 1
62870 0
62878 0
62880 0
62895 1
62904 0
62918 1
62923 1
62929 0
62944 1
62949 1
62950 0
62957 0
62958 0
62972 0
62987 0
62988 0
62990 0
63005 0
63018 1
63023 1
63032 1
63038 1
63041 0
63045 1
63053 0
63056 0
63063 1
63067 0
63070 0
63090 1
63105 1
63108 1
63121 0
63136 0
63137 0
63142 1
63143 0
63147 0
63154 1
63170 1
63171 1
63172 0
63173 0
63182 0
63188 0
63195 0
63196 1
63209 1
63213 0
63225 0
63232 0
63235 1
63238 0
63242 0
63246 1
63253 1
63262 1
63276 1
63289 1
63291 1
63297 1
63310 1
63315 1
63322 1
63324 1
63330 1
63342 0
63347 0
63362 0
63364 0
63373 1
63377 0
63389 0
63392 1
63405 0
63413 0
63416 0
63424 1
63435 1
63443 1
63445 0
63446 1
63447 1
63450 1
63452 1
63460 1
63465 0
63478 1
63479 1
63482 0
63488 1
63496 0
63501 0
63503 1
63514 0
63527 0
63534 0
63535 1
63546 0
63548 0
63559 1
63568 1
63575 0
63580 1
63584 0
63589 0
63592 1
63601 0
63615 1
63628 1
63637 1
63652 0
63655 0
63659 1
63673 1
63674 0
63689 0
63691 0
63692 1
63707 1
63718 0
63722 0
63737 0
63748 1
63762 1
63777 0
63780 1
63784 1
63799 0
63813 1
63821 1
63834 0
63849 1
63856 1
63870 1
63876 1
63881 0
63888 0
63897 1
63911 1
63926 1
63933 1
63946 0
63953 0
63956 1
63965 0
63974 0
63977 0
63988 1
63995 1
64003 1
64005 1
64020 0
64027 0
64030 0
64036 0
64049 1
64050 1
64052 1
64060 1
64067 1
64071 1
64075 1
64086 1
64097 0
64098 0
64113 0
64116 1
64129 1
64136 1
64138 1
64153 1
64161 0
64165 0
64172 0
64177 1
64184 0
64188 1
64193 1
64198 1
64210 1
64216 1
64231 1
64243 1
64254 1
64257 0
64270 0
64279 0
64292 1
64293 1
64295 0
64302 1
64303 0
64310 0
64323 0
64331 0
64340 1
64343 0
64356 1
64368 1
64374 0
64375 1
64379 1
64393 0
64406 1
64418 0
64427 0
64441 0
64449 0
64456 1
64468 0
64473 0
64475 1
64481 0
64492 1
64494 1
64508 1
64520 0
64522 0
64530 0
64542 0
64551 1
64554 0
64557 0
64568 1
64574 1
64586 1
64592 1
64596 0
64611 0
64619 1
64634 1
64638 1
64643 1
64658 1
64672 0
64675 0
64687 0
64696 1
64716 1
64723 0
64737 0
64750 0
64754 0
64767 0
64768 0
64770 1
64784 0
64791 1
64792 0
64793 1
64801 1
64804 1
64806 0
64821 1
64828 0
64835 1
64841 0
64847 1
64860 1
64869 1
64884 1
64887 1
64890 0
64904 0
64906 1
64912 0
64927 1
64936 0
64948 0
64956 1
64969 0
64971 0
64976 0
64991 0
64994 1
65005 1
65007 1
65016 0
65020 1
65034 0
65041 0
65056 0
65057 1
65071 0
65075 0
65082 0
65084 1
65090 1
65117 0
65132 0
65140 0
65152 1
65154 1
65160 0
65168 1
65183 1
65187 1
65200 1
65214 0
65216 1
65231 0
65239 0
65247 0
65256 0
65261 0
65269 0
65277 1
65280 1
65286 1
65289 1
65301 0
65307 1
65314 1
65327 0
65331 0
65344 1
65352 1
65367 1
65376 0
65385 1
65396 0
65403 1
65414 0
65428 0
65435 1
65437 1
65451 0
65463 0
65465 0
65477 0
65478 1
65485 1
65499 1
65503 0
65514 1
65528 1
65536 0
65551 0
65558 0
65572 1
65576 0
65587 0
65593 1
65599 0
65601 0
65604 0
65616 0
65631 1
65635 1
65640 1
65646 0
65648 0
65662 1
65668 0
65669 0
65675 1
65676 0
65687 0
65694 1
65706 1
65711 0
65722 1
65727 1
65733 0
65740 1
65751 0
65766 0
65770 1
65772 0
65784 1
65791 0
65798 1
65800 1
65802 0
65813 1
65814 1
65816 0
65827 0
65829 0
65840 1
65843 0
65848 0
65849 0
65862 0
65865 1
65870 1
65879 1
65883 0
65888 1
65897 1
65901 0
65908 0
65921 0
65928 1
65937 0
65952 1
65964 1
65969 0
65997 0
65999 0
66007 1
66013 0
66021 1
66025 0
66029 0
66033 1
66034 1
66045 0
66054 1
66066 1
66077 0
66085 1
66093 0
66094 0
66111 0
66119 1
66122 1
66137 0
66139 0
66150 0
66151 1
66165 1
66169 0
66172 0
66184 0
66193 1
66207 0
66208 1
66215 1
66216 1
66222 0
66230 0
66243 1
66256 1
66263 1
66275 0
66280 0
66291 0
66300 1
66303 1
66305 1
66309 0
66313 1
66321 0
66336 0
66339 1
66352 0
66353 1
66359 0
66367 0
66372 1
66381 0
66396 1
66419 0
66422 1
66433 1
66445 1
66447 0
66461 0
66475 0
66490 1
66498 1
66511 1
66517 1
66528 0
66529 1
66532 1
66541 1
66553 1
66557 0
66568 0
66581 1
66584 0
66595 1
66604 0
66616 0
66617 1
66628 0
66635 0
66644 1
66647 0
66662 1
66667 0
66671 1
66675 0
66679 0
66694 0
66697 0
66708 1
66713 1
66718 0
66729 1
66740 1
66754 1
66769 0
66781 0
66788 0
66802 1
66815 0
66821 1
66832 1
66846 0
66850 0
66858 0
66863 1
66869 1
66882 1
66893 1
66898 0
66909 0
66910 1
66917 0
66926 0
66927 1
66941 0
66952 1
66957 1
66960 1
66969 1
66983 1
66986 1
66994 1
67000 1
67011 1
67014 0
67023 0
67031 1
67044 1
67057 1
67069 0
67081 0
67089 1
67104 0
67117 0
67128 1
67133 1
67138 1
67150 1
67156 1
67161 1
67174 0
67185 1
67191 1
67195 1
67200 0
67208 0
67213 1
67224 0
67237 1
67250 0
67257 0
67261 0
67275 0
67281 1
67293 1
67294 0
67309 1
67311 1
67314 1
67326 1
67327 1
67342 1
67350 1
67365 0
67366 1
67369 1
67384 0
67401 0
67404 0
67410 1
67415 0
67430 1
67436 1
67442 1
67444 0
67445 1
67450 1
67465 0
67471 1
67486 1
67489 0
67492 1
67497 0
67500 1
67505 0
67517 0
67530 0
67545 1
67547 1
67549 1
67551 1
67554 0
67556 0
67574 0
67578 1
67589 0
67603 1
67615 1
67629 0
67641 0
67645 1
67652 1
67656 1
67657 1
67662 1
67667 0
67681 0
67688 0
67697 0
67698 0
67707 1
67709 1
67713 1
67725 0
67738 1
67746 0
67747 0
67760 0
67764 0
67768 0
67771 1
67774 0
67785 0
67796 1
67809 1
67820 1
67832 1
67846 0
67847 1
67851 0
67862 1
67870 0
67877 0
67883 1
67885 0
67898 1
67899 0
67903 1
67917 0
67921 0
67922 1
67923 1
67928 1
67932 0
67934 1
67949 1
67961 1
67966 0
67980 0
67983 1
67985 0
67996 1
68004 0
68012 0
68023 1
68038 1
68053 1
68064 0
68075 0
68081 1
68093 1
68098 1
68102 1
68106 1
68109 0
68121 0
68126 0
68127 0
68140 0
68143 1
68148 1
68153 0
68164 0
68170 1
68199 0
68200 0
68204 0
68211 1
68217 0
68225 0
68229 1
68242 0
68250 0
68258 1
68272 1
68278 1
68289 0
68300 1
68301 0
68315 1
68326 0
68348 0
68352 1
68359 0
68371 0
68382 1
68386 1
68393 0
68394 1
68396 0
68410 1
68417 1
68418 0
68431 0
68434 0
68435 0
68442 1
68449 0
68456 0
68469 0
68473 0
68480 0
68485 1
68491 0
68496 0
68503 0
68514 0
68518 0
68533 1
68539 1
68541 1
68554 1
68555 1
68563 1
68567 0
68572 0
68579 0
68582 0
68584 1
68596 0
68604 0
68605 1
68618 0
68636 1
68648 0
68652 0
68656 0
68661 1
68670 0
68683 1
68689 0
68694 0
68709 0
68722 0
68730 0
68735 0
68749 0
68764 1
68777 0
68791 0
68805 0
68812 0
68814 1
68816 1
68821 0
68830 1
68839 0
68850 1
68856 0
68868 0
68882 0
68885 1
68894 0
68906 0
68907 1
68911 1
68915 1
68922 0
68930 0
68931 0
68933 0
68945 1
68960 1
68971 0
68984 0
68997 1
69010 0
69013 0
69019 0
69028 1
69054 0
69056 1
69059 1
69072 0
69081 0
69096 1
69103 0
69111 0
69120 1
69123 1
69135 1
69150 0
69165 0
69177 1
69192 0
69199 0
69211 1
69223 1
69225 1
69233 0
69239 1
69254 0
69263 1
69272 0
69290 1
69294 0
69307 1
69319 1
69328 0
69336 1
69340 1
69342 0
69343 0
69349 1
69361 1
69373 1
69374 1
69375 0
69380 1
69395 1
69398 1
69406 0
69419 1
69427 0
69435 1
69444 0
69455 1
69464 1
69465 0
69468 0
69481 0
69490 0
69499 0
69511 1
69513 0
69526 1
69537 1
69540 1
69553 0
69556 1
69571 1
69582 1
69594 0
69601 0
69603 0
69608 0
69614 1
69620 0
69632 0
69647 1
69662 0
69664 0
69677 1
69685 0
69709 1
69710 1
69714 1
69715 0
69722 1
69723 0
69726 1
69741 1
69747 1
69760 0
69766 0
69777 0
69785 1
69793 1
69798 1
69809 0
69822 0
69829 0
69835 0
69842 1
69843 1
69854 1
69868 0
69872 0
69873 1
69887 1
69901 0
69912 0
69924 0
69933 0
69947 1
69953 1
69962 1
69970 0
69971 1
69982 1
69983 0
69986 1
69987 0
70001 1
70008 1
70016 0
70031 1
70044 0
70048 0
70052 1
70054 1
70067 0
70072 0
70081 0
70094 1
70098 1
70103 1
70111 1
70114 0
70127 0
70135 0
70136 1
70137 0
70151 0
70162 0
70166 1
70181 0
70188 0
70199 0
70203 0
70218 1
70232 1
70235 0
70249 0
70250 1
70251 1
70256 1
70262 0
70270 0
70277 0
70284 1
70292 1
70305 0
70308 1
70321 0
70328 1
70329 1
70333 1
70341 1
70354 1
70358 0
70365 1
70378 1
70379 1
70387 1
70396 0
70405 1
70413 1
70416 0
70427 0
70440 0
70454 0
70459 1
70473 1
70478 0
70485 0
70500 1
70507 0
70514 1
70515 0
70526 0
70529 0
70540 1
70543 0
70558 1
70571 0
70584 1
70597 0
70611 1
70623 1
70634 1
70649 0
70656 0
70657 0
70663 0
70667 0
70676 1
70691 1
70704 0
70712 1
70717 1
70719 1
70733 1
70736 1
70751 0
70752 0
70765 0
70778 1
70793 1
70800 0
70801 1
70803 0
70809 0
70824 0
70839 1
70851 0
70865 0
70879 0
70885 0
70888 0
70889 1
70900 0
70911 1
70924 0
70936 1
70949 0
70963 1
70976 0
70989 0
71003 0
71015 1
71026 0
71032 0
71038 0
71041 0
71043 1
71055 1
71060 1
71071 0
71073 1
71082 1
71085 1
71088 0
71091 1
71097 0
71109 1
71112 0
71117 1
71119 1
71127 0
71136 1
71148 0
71162 0
71169 0
71177 0
71190 0
71191 1
71199 0
71211 1
71226 1
71234 0
71240 0
71249 0
71256 1
71258 0
71267 1
71280 0
71283 0
71296 0
71308 0
71315 0
71323 0
71326 0
71339 1
71345 0
71347 1
71359 0
71371 0
71386 1
71394 1
71395 1
71396 0
71399 1
71410 0
71411 1
71422 0
71434 1
71448 1
71456 0
71470 1
71478 0
71492 1
71497 1
71500 1
71511 1
71520 1
71531 0
71538 1
71550 1
71552 0
71557 0
71572 1
71577 1
71590 1
71596 0
71618 0
71620 0
71632 1
71638 0
71640 0
71660 0
71672 1
71676 0
71685 1
71696 0
71709 1
71716 0
71728 1
71743 0
71747 0
71755 1
71764 1
71771 1
71783 1
71795 1
71802 0
71804 0
71807 0
71808 0
71811 1
71820 0
71834 0
71838 1
71852 0
71859 1
71866 1
71881 1
71892 0
71901 0
71916 0
71924 1
71932 0
71939 1
71943 0
71955 1
71962 1
71966 1
71975 0
71980 0
71982 1
71994 0
72001 0
72007 1
72012 0
72024 1
72037 1
72038 0
72049 0
72057 1
72071 1
72085 1
72089 1
72100 0
72108 0
72120 0
72132 0
72144 0
72145 1
72149 0
72161 0
72162 0
72176 1
72203 1
72216 0
72221 1
72224 1
72231 0
72249 1
72252 1
72253 0
72264 0
72273 1
72280 1
72286 1
72293 1
72297 1
72302 0
72309 1
72320 0
72332 0
72333 1
72348 1
72355 0
72370 0
72379 1
72382 0
72385 1
72400 1
72403 0
72411 0
72413 0
72415 0
72420 1
72423 0
72425 0
72437 1
72445 0
72470 0
72471 0
72476 0
72479 0
72480 0
72485 1
72489 0
72491 0
72506 0
72508 0
72522 1
72526 1
72532 0
72539 1
72550 0
72559 1
72561 1
72573 1
72577 0
72591 1
72598 1
72606 1
72621 0
72625 1
72633 0
72644 0
72646 0
72651 1
72659 1
72665 1
72678 1
72685 1
72689 1
72693 1
72704 1
72717 0
72722 0
72730 1
72736 1
72739 0
72740 0
72744 0
72752 1
72764 1
72771 0
72785 1
72792 1
72795 0
72807 1
72815 1
72822 0
72830 0
72845 1
72860 0
72872 1
72883 1
72890 1
72891 0
72902 1
72914 0
72919 0
72931 1
72932 1
72940 0
72943 0
72949 1
72960 1
72963 1
72969 0
72978 0
72982 0
72997 0
73006 1
73020 0
73026 0
73032 1
73039 1
73041 0
73048 0
73061 0
73063 1
73069 1
73080 1
73093 1
73098 1
73109 0
73110 1
73121 1
73128 1
73141 1
73149 1
73155 0
73163 1
73171 1
73184 0
73197 1
73209 0
73215 0
73222 1
73236 1
73248 0
73260 1
73267 0
73278 1
73282 1
73291 0
73296 1
73304 1
73317 0
73323 1
73344 1
73349 0
73358 0
73359 1
73365 0
73373 1
73380 1
73384 1
73390 0
73405 1
73412 0
73413 1
73419 0
73427 1
73438 1
73442 0
73449 0
73460 0
73472 0
73474 0
73488 1
73495 1
73503 1
73508 1
73516 1
73517 0
73519 1
73524 0
73528 0
73543 1
73554 1
73569 0
73571 0
73576 1
73588 1
73591 1
73602 0
73610 1
73618 0
73630 0
73636 0
73637 0
73641 0
73643 0
73645 1
73660 0
73666 0
73672 1
73687 1
73694 0
73699 0
73703 1
73716 0
73731 0
73733 0
73742 0
73753 0
73755 0
73766 0
73768 0
73776 1
73781 1
73789 0
73802 0
73813 1
73820 0
73825 1
73827 1
73841 1
73852 1
73853 1
73858 0
73864 0
73879 0
73883 1
73896 1
73909 0
73912 0
73917 1
73921 0
73935 0
73939 1
73953 1
73956 0
73971 1
73977 0
73983 1
73992 1
74003 1
74012 1
74016 1
74018 0
74019 1
74034 1
74038 1
74051 0
74056 0
74057 1
74065 1
74080 1
74087 0
74092 0
74105 0
74120 1
74122 1
74135 0
74139 1
74142 0
74151 1
74155 1
74169 1
74174 0
74177 1
74191 1
74206 0
74215 0
74217 1
74226 1
74238 1
74249 0
74253 0
74262 0
74267 1
74278 1
74281 1
74285 0
74297 1
74304 1
74307 0
74315 1
74323 0
74324 0
74326 0
74331 0
74332 1
74340 0
74341 1
74342 0
74353 0
74355 1
74369 1
74378 1
74387 1
74394 0
74409 0
74423 0
74429 0
74440 1
74443 1
74455 1
74464 1
74475 0
74482 0
74484 1
74498 1
74507 1
74514 0
74520 0
74535 1
74550 0
74561 1
74565 1
74572 1
74580 1
74581 1
74594 0
74598 1
74613 0
74627 1
74642 1
74649 0
74661 0
74672 0
74674 1
74681 0
74696 1
74708 1
74710 1
74717 1
74732 1
74745 1
74756 0
74758 0
74760 0
74768 1
74772 1
74774 0
74777 1
74778 1
74783 0
74797 1
74800 0
74812 0
74823 1
74825 0
74831 1
74845 0
74857 1
74869 1
74876 0
74878 1
74879 0
74882 1
74885 0
74890 1
74898 0
74912 0
74927 1
74941 0
74955 1
74962 1
74974 1
74978 0
74980 1
74983 1
74991 0
74996 1
75009 0
75022 0
75026 0
75035 1
75048 1
75053 1
75055 0
75058 1
75069 1
75071 0
75085 0
75096 1
75102 0
75105 0
75110 0
75115 1
75127 1
75129 1
75141 1
75152 0
75159 0
75164 1
75166 1
75177 0
75192 1
75201 1
75202 0
75209 1
75224 1
75231 0
75240 1
75253 0
75266 0
75270 0
75283 1
75297 0
75298 0
75304 1
75310 1
75318 1
75320 0
75331 0
75335 0
75347 1
75354 1
75363 0
75375 0
75388 0
75391 0
75404 0
75405 1
75412 0
75425 1
75428 0
75442 0
75444 0
75453 1
75455 1
75458 1
75461 1
75466 0
75470 0
75473 1
75475 1
75483 0
75494 0
75501 1
75515 0
75517 1
75530 0
75539 0
75547 1
75561 0
75564 0
75565 0
75580 0
75586 0
75593 1
75598 0
75612 1
75620 1
75623 1
75629 0
75651 0
75665 1
75680 1
75688 1
75697 1
75709 1
75718 0
75727 1
75734 0
75738 0
75746 1
75758 1
75771 1
75784 1
75791 1
75796 1
75798 1
75799 1
75806 0
75814 0
75825 0
75838 0
75852 0
75867 0
75870 1
75885 0
75892 0
75893 1
75908 0
75921 0
75936 1
75951 1
75955 0
75967 0
75973 1
75985 0
76000 0
76007 0
76018 1
76022 0
76031 0
76032 1
76043 0
76046 0
76053 0
76061 1
76066 1
76067 1
76075 0
76086 0
76090 0
76093 1
76102 1
76107 0
76119 1
76130 1
76145 1
76160 1
76169 1
76173 1
76185 0
76194 0
76200 0
76205 1
76218 1
76225 1
76236 0
76238 0
76249 0
76262 1
76277 1
76292 0
76296 1
76299 0
76301 0
76302 1
76303 1
76304 1
76306 1
76320 0
76327 0
76330 0
76334 0
76343 0
76347 1
76354 0
76358 1
76362 0
76371 1
76374 1
76387 0
76394 1
76406 0
76414 1
76422 0
76431 0
76443 0
76452 1
76455 1
76461 1
76474 0
76487 1
76492 0
76498 1
76509 0
76524 0
76533 0
76548 1
76563 0
76576 1
76587 0
76589 1
76602 0
76611 1
76619 1
76627 1
76635 1
76638 0
76641 0
76649 1
76663 0
76672 0
76687 0
76693 1
76706 1
76717 1
76726 0
76731 1
76740 0
76748 1
76753 1
76771 0
76776 0
76788 0
76791 0
76795 0
76801 1
76814 1
76816 0
76820 0
76827 0
76829 1
76844 1
76855 1
76866 0
76880 0
76881 0
76882 1
76894 0
76907 1
76916 0
76930 0
76935 0
76942 1
76943 0
76946 1
76950 1
76951 0
76964 0
76977 1
76990 0
77003 0
77016 1
77031 1
77033 0
77042 0
77054 1
77062 0
77071 0
77073 1
77079 0
77087 0
77094 0
77097 1
77098 0
77106 1
77109 0
77117 1
77120 1
77121 0
77122 0
77135 0
77137 1
77149 1
77161 0
77173 1
77175 1
77189 1
77193 1
77199 0
77202 0
77210 1
77216 1
77224 0
77227 1
77230 1
77232 0
77243 0
77255 0
77270 1
77284 0
77293 0
77298 0
77309 0
77323 0
77330 0
77334 0
77342 1
77350 0
77359 1
77367 0
77370 1
77384 0
77398 0
77406 1
77413 0
77427 0
77435 0
77446 1
77450 0
77459 0
77464 0
77476 1
77488 0
77496 0
77498 0
77513 1
77521 1
77523 0
77537 1
77539 1
77550 1
77552 0
77566 0
77572 1
77578 1
77590 1
77595 0
77604 0
77605 1
77608 1
77611 0
77624 1
77637 1
77645 1
77656 1
77659 0
77668 1
77677 1
77692 0
77698 0
77700 1
77715 0
77730 0
77745 0
77749 1
77751 0
77757 0
77758 1
77762 1
77766 1
77779 0
77787 1
77796 0
77801 0
77810 1
77813 1
77827 0
77834 1
77842 1
77845 1
77853 1
77861 1
77872 0
77873 1
77887 1
77895 0
77903 1
77911 1
77915 0
77918 0
77927 0
77939 1
77940 1
77952 1
77963 1
77968 0
77981 1
77992 1
78006 1
78012 0
78025 1
78027 1
78038 1
78047 0
78062 0
78066 1
78069 1
78090 0
78102 1
78108 0
78111 0
78119 0
78134 0
78146 1
78150 1
78165 0
78177 1
78184 0
78185 0
78191 0
78199 1
78200 0
78205 0
78219 1
78220 1
78221 0
78224 0
78233 1
78238 0
78240 1
78246 0
78257 1
78258 0
78269 1
78280 1
78281 0
78282 1
78294 1
78303 0
78318 1
78320 1
78328 0
78331 1
78332 1
78335 1
78341 0
78346 0
78353 0
78359 0
78360 1
78368 0
78383 1
78395 1
78410 0
78421 0
78435 0
78446 0
78454 1
78457 1
78470 0
78478 0
78486 1
78497 0
78499 0
78512 1
78523 1
78524 0
78531 1
78542 1
78548 0
78556 0
78560 0
78561 0
78568 1
78577 0
78590 1
78604 1
78612 0
78618 0
78625 0
78640 1
78644 1
78646 0
78648 0
78660 0
78666 0
78670 0
78673 0
78680 0
78683 1
78685 1
78686 0
78697 0
78711 1
78738 0
78753 1
78760 0
78762 1
78767 0
78776 0
78778 1
78780 0
78791 0
78799 0
78807 0
78818 1
78825 1
78837 0
78839 1
78846 0
78853 0
78864 0
78868 1
78883 0
78896 0
78908 1
78919 1
78922 0
78924 0
78932 0
78936 0
78940 1
78954 1
78960 0
78966 0
78968 1
78983 1
78985 1
78994 0
78997 0
79008 0
79012 0
79013 0
79017 1
79031 0
79034 0
79045 1
79047 1
79051 1
79052 1
79055 1
79060 1
79069 1
79072 0
79084 0
79097 0
79105 0
79114 0
79127 1
79132 1
79139 1
79150 0
79159 1
79174 0
79182 0
79194 1
79206 0
79214 1
79225 1
79226 0
79227 0
79239 0
79246 0
79259 1
79263 0
79266 0
79281 1
79296 0
79311 1
79324 1
79339 0
79346 0
79349 0
79360 0
79375 0
79387 1
79392 1
79399 0
79410 1
79425 0
79440 0
79449 0
79461 0
79465 0
79468 1
79481 1
79486 1
79494 0
79497 0
79500 0
79507 1
79518 1
79523 1
79526 1
79540 0
79551 0
79552 0
79564 0
79577 0
79588 1
79603 1
79617 1
79626 0
79638 0
79640 0
79643 0
79655 1
79664 0
