9743
3 0
9 0
16 0
18 1
19 0
24 0
36 0
41 1
48 0
52 0
66 1
67 0
73 0
74 0
78 0
82 1
89 1
103 0
104 0
105 1
111 0
117 1
122 1
130 1
141 1
156 1
163 1
172 1
187 1
199 1
207 0
211 1
225 1
226 1
237 1
251 1
254 0
258 1
261 1
274 0
277 0
288 0
299 0
305 0
319 0
322 0
337 0
346 1
351 0
369 0
378 0
382 0
389 1
400 0
413 1
419 0
427 0
428 0
443 0
450 1
456 0
471 0
473 1
479 1
486 0
494 0
495 1
497 0
512 0
525 1
531 1
533 0
542 0
545 0
551 0
566 1
579 1
584 0
595 1
603 0
604 0
611 0
618 1
633 0
642 0
651 1
657 0
674 1
675 0
679 0
681 0
683 1
688 1
693 0
700 0
708 0
711 1
717 1
729 1
734 0
735 1
740 0
766 1
768 0
774 1
782 0
796 0
802 1
809 0
814 1
815 0
820 1
821 1
830 0
843 1
858 1
863 1
867 0
875 0
884 0
885 1
893 0
894 1
902 0
911 0
917 0
930 1
939 1
941 0
950 1
958 1
973 1
984 1
989 1
994 0
998 0
1002 1
1011 1
1023 1
1028 0
1037 0
1045 1
1048 1
1051 0
1055 1
1056 1
1071 1
1078 0
1082 0
1083 1
1091 1
1096 1
1105 1
1110 0
1116 0
1121 1
1147 0
1153 0
1161 0
1176 1
1184 1
1197 0
1199 1
1200 0
1206 0
1218 1
1221 1
1232 1
1241 1
1245 1
1258 1
1269 0
1281 0
1285 0
1288 1
1302 0
1317 0
1332 1
1335 1
1337 1
1343 1
1346 0
1361 0
1362 1
1377 0
1383 1
1386 0
1401 1
1413 0
1418 1
1420 0
1431 1
1435 0
1442 0
1449 1
1454 0
1461 0
1466 1
1477 1
1483 1
1487 0
1495 1
1496 0
1508 0
1519 0
1527 0
1536 0
1541 0
1556 1
1564 1
1577 0
1584 1
1605 1
1617 1
1620 1
1634 1
1648 0
1654 0
1661 1
1675 1
1689 0
1697 1
1705 1
1707 1
1716 1
1728 1
1741 0
1754 0
1768 0
1781 0
1796 0
1798 0
1804 0
1806 1
1817 1
1822 0
1825 1
1836 0
1843 1
1845 1
1849 0
1860 0
1872 0
1884 0
1891 0
1898 0
1901 1
1915 0
1924 1
1930 0
1939 1
1952 1
1961 0
1969 1
1977 1
1980 1
1986 1
2001 1
2012 1
2019 1
2023 0
2026 1
2028 0
2040 0
2055 0
2062 0
2069 0
2083 0
2097 1
2099 1
2105 1
2110 0
2124 0
2130 1
2136 1
2138 1
2141 1
2145 0
2157 0
2169 0
2176 1
2190 1
2195 1
2209 1
2220 1
2234 1
2245 0
2246 0
2261 0
2273 1
2280 0
2281 0
2294 0
2307 0
2313 0
2315 1
2322 0
2328 1
2339 0
2350 0
2357 1
2362 0
2371 0
2373 0
2386 0
2392 0
2403 0
2414 0
2418 0
2429 0
2441 0
2444 0
2458 0
2460 0
2464 0
2475 1
2480 0
2494 1
2500 1
2514 0
2520 0
2532 0
2547 0
2550 1
2561 0
2576 1
2591 1
2592 1
2605 0
2619 0
2627 1
2642 1
2654 0
2663 0
2676 0
2680 0
2686 0
2699 1
2710 1
2721 0
2736 0
2739 1
2750 1
2752 1
2761 1
2764 1
2769 1
2775 1
2783 1
2786 1
2797 0
2812 1
2823 1
2835 0
2847 0
2858 1
2863 1
2867 1
2878 1
2890 1
2904 1
2908 0
2909 1
2913 1
2917 0
2925 1
2936 0
2949 1
2961 0
2962 1
2969 0
2984 1
2989 0
2992 1
3003 1
3010 0
3014 1
3016 0
3022 1
3031 1
3035 1
3046 0
3053 0
3068 0
3070 0
3083 0
3090 1
3091 0
3093 1
3104 0
3107 0
3110 1
3121 0
3135 0
3140 1
3141 0
3148 1
3175 0
3186 1
3201 1
3202 1
3208 0
3219 1
3234 0
3235 0
3241 0
3245 1
3260 0
3262 1
3268 0
3275 1
3276 1
3280 1
3281 0
3296 0
3307 0
3321 0
3329 1
3336 1
3347 1
3356 0
3371 0
3372 1
3380 1
3388 0
3399 0
3412 1
3415 0
3426 1
3441 1
3454 0
3468 1
3477 1
3491 1
3499 0
3502 0
3505 1
3514 1
3515 1
3517 0
3521 0
3536 0
3539 1
3551 1
3557 1
3566 0
3568 0
3572 0
3581 1
3588 0
3596 0
3604 1
3612 0
3618 0
3624 0
3630 1
3637 0
3638 1
3643 0
3646 1
3654 0
3668 0
3673 0
3675 1
3690 1
3698 1
3711 0
3722 1
3736 0
3737 1
3743 1
3750 1
3764 0
3775 1
3782 1
3791 0
3800 0
3808 1
3816 1
3819 0
3824 0
3825 1
3840 1
3866 0
3880 0
3888 0
3893 0
3907 0
3912 1
3916 1
3928 1
3934 1
3940 1
3944 1
3959 1
3965 1
3973 1
3974 1
3989 0
3995 0
4010 0
4024 1
4028 0
4036 1
4042 1
4060 1
4072 1
4086 0
4101 0
4113 1
4120 0
4134 1
4147 0
4158 1
4163 0
4175 0
4183 1
4197 1
4203 0
4206 1
4221 0
4228 1
4229 1
4249 1
4253 1
4260 0
4264 1
4278 1
4284 0
4293 0
4302 1
4311 0
4320 1
4338 1
4346 1
4351 0
4364 0
4369 0
4373 1
4375 0
4376 0
4391 0
4395 1
4400 1
4405 1
4417 0
4429 1
4434 1
4441 0
4446 0
4458 1
4473 1
4478 0
4491 1
4496 0
4508 0
4520 0
4522 1
4531 0
4542 0
4557 0
4560 0
4568 0
4571 1
4577 0
4592 0
4594 1
4609 1
4628 1
4629 1
4642 1
4645 0
4646 0
4649 0
4656 0
4668 0
4669 1
4681 0
4686 1
4693 0
4699 1
4714 0
4719 1
4725 1
4751 1
4758 1
4767 0
4779 1
4784 1
4798 0
4810 0
4824 1
4837 0
4851 1
4858 0
4864 1
4869 0
4875 1
4876 0
4878 1
4883 0
4897 0
4906 1
4915 0
4928 1
4932 1
4941 1
4947 1
4954 0
4962 0
4977 0
4980 1
4989 1
4996 0
5002 1
5010 0
5016 1
5031 1
5033 0
5034 0
5036 0
5048 1
5051 1
5056 1
5065 1
5067 1
5074 0
5088 0
5099 1
5100 0
5103 0
5106 0
5112 0
5113 0
5115 0
5123 0
5138 0
5144 0
5152 0
5156 0
5163 0
5171 1
5180 0
5184 1
5198 0
5204 1
5216 0
5218 0
5225 0
5229 1
5244 1
5246 0
5249 0
5255 1
5257 0
5262 1
5274 0
5276 1
5280 0
5293 1
5307 1
5309 1
5314 0
5321 1
5325 1
5331 1
5337 1
5352 1
5363 1
5365 1
5372 0
5397 0
5403 0
5408 0
5411 0
5419 0
5433 0
5440 1
5455 1
5459 0
5472 1
5480 0
5486 0
5492 0
5493 0
5494 1
5499 0
5513 1
5525 0
5538 0
5552 1
5556 1
5569 0
5584 0
5592 0
5595 0
5609 0
5621 1
5626 0
5628 0
5632 1
5637 0
5650 0
5656 0
5668 1
5676 0
5679 0
5683 0
5698 1
5711 0
5713 0
5719 1
5744 0
5749 0
5761 0
5773 1
5781 1
5788 1
5791 0
5805 1
5820 0
5826 0
5838 0
5851 0
5860 0
5873 1
5878 1
5883 1
5887 1
5900 1
5906 1
5915 0
5921 0
5925 0
5939 1
5951 1
5965 1
5980 1
5985 0
5986 0
5995 0
5997 0
6012 0
6026 1
6031 0
6039 0
6054 1
6059 0
6071 0
6086 0
6095 1
6101 1
6104 1
6116 0
6128 1
6130 0
6144 1
6153 0
6156 1
6160 1
6167 1
6168 1
6183 1
6194 0
6206 1
6213 1
6222 1
6231 1
6232 1
6238 1
6245 0
6260 0
6261 0
6276 0
6282 0
6290 0
6294 0
6308 0
6320 0
6322 1
6334 1
6338 1
6353 1
6362 1
6376 0
6388 0
6394 0
6395 1
6410 0
6416 1
6431 0
6432 0
6433 1
6444 1
6448 1
6460 1
6463 1
6478 1
6484 1
6495 1
6501 1
6504 0
6508 0
6520 0
6525 1
6539 1
6540 0
6542 1
6549 0
6557 0
6571 1
6578 0
6584 0
6593 1
6605 0
6611 1
6614 0
6618 1
6626 1
6635 1
6643 0
6657 1
6660 0
6665 0
6676 1
6681 1
6695 0
6702 0
6711 1
6720 0
6731 1
6744 1
6752 1
6759 1
6760 1
6768 1
6782 1
6789 0
6797 0
6798 0
6812 0
6824 1
6833 1
6834 0
6846 0
6851 1
6862 0
6874 1
6885 0
6887 1
6899 0
6900 1
6912 0
6920 1
6935 0
6941 0
6953 0
6961 1
6974 1
6988 0
6991 0
7004 1
7009 0
7013 1
7016 1
7031 0
7038 1
7049 1
7063 1
7070 1
7077 0
7084 0
7090 1
7115 1
7128 0
7134 0
7149 0
7154 0
7157 1
7160 0
7168 0
7175 0
7186 1
7197 0
7202 1
7206 0
7215 1
7227 1
7234 1
7235 0
7250 0
7262 1
7268 0
7280 1
7285 1
7286 0
7300 1
7312 1
7316 0
7329 0
7336 1
7350 1
7359 0
7366 1
7395 1
7403 1
7418 1
7426 0
7437 1
7451 1
7464 0
7471 0
7478 0
7480 0
7491 1
7496 1
7499 0
7503 0
7509 1
7518 0
7524 0
7528 0
7537 1
7550 1
7563 1
7572 0
7579 0
7585 0
7597 1
7601 1
7616 1
7627 0
7636 1
7648 1
7657 0
7669 0
7683 0
7694 1
7703 1
7704 1
7712 1
7718 0
7721 1
7723 0
7736 1
7743 1
7755 1
7764 1
7778 0
7785 0
7788 0
7800 1
7814 0
7819 0
7828 0
7842 0
7853 1
7865 0
7872 1
7873 1
7888 0
7903 1
7908 0
7911 0
7912 0
7924 1
7927 0
7928 0
7930 0
7932 1
7937 0
7938 0
7940 1
7943 1
7947 1
7956 1
7964 1
7971 0
7977 1
7979 0
7992 1
8005 0
8011 0
8020 1
8035 0
8050 1
8055 0
8062 0
8074 0
8075 0
8086 1
8101 0
8110 1
8113 1
8127 1
8140 0
8148 1
8155 0
8163 0
8164 0
8172 0
8174 1
8187 1
8198 1
8207 0
8220 1
8223 0
8224 1
8227 0
8236 1
8248 1
8257 0
8263 0
8271 1
8277 1
8284 0
8293 0
8299 0
8306 0
8311 1
8341 1
8352 1
8354 0
8369 1
8387 0
8400 1
8412 0
8418 0
8431 0
8433 0
8439 1
8468 0
8474 1
8482 0
8487 1
8500 1
8520 1
8534 1
8538 1
8551 1
8552 1
8567 1
8574 0
8588 0
8597 1
8602 0
8616 1
8623 0
8630 1
8642 1
8648 1
8651 0
8652 0
8664 0
8670 1
8672 0
8679 1
8693 1
8708 1
8720 0
8721 1
8724 1
8735 1
8744 1
8759 1
8768 0
8775 0
8778 1
8793 1
8808 1
8814 1
8821 1
8827 0
8832 1
8834 0
8841 1
8842 0
8844 1
8853 0
8864 1
8865 1
8866 0
8872 1
8889 1
8901 0
8910 1
8912 1
8921 1
8928 1
8929 1
8943 1
8956 1
8968 0
8972 0
8986 1
8990 0
8993 1
9006 1
9017 0
9031 0
9037 1
9040 0
9045 1
9053 0
9067 0
9080 1
9088 1
9097 0
9110 1
9123 0
9126 0
9138 0
9144 1
9159 1
9171 1
9172 0
9183 0
9184 1
9188 1
9189 0
9204 1
9206 1
9208 0
9214 0
9229 0
9236 0
9239 0
9250 0
9256 0
9263 0
9265 1
9266 1
9280 1
9285 1
9299 0
9313 1
9327 1
9332 0
9344 0
9346 1
9358 1
9360 1
9371 1
9384 0
9385 1
9397 1
9410 0
9418 0
9430 0
9438 0
9453 0
9460 0
9474 1
9476 0
9478 1
9483 0
9484 1
9495 1
9502 1
9515 0
9517 0
9520 0
9529 1
9537 0
9549 0
9563 0
9571 1
9584 1
9593 0
9605 0
9617 0
9621 0
9624 1
9629 0
9632 0
9643 1
9657 0
9669 1
9675 1
9676 1
9678 1
9684 1
9687 1
9698 1
9705 0
9712 1
9719 1
9722 0
9735 1
9742 1
9743 0
9744 1
9758 0
9763 0
9775 1
9783 0
9796 1
9805 0
9819 1
9831 0
9842 0
9847 0
9853 1
9866 0
9878 1
9890 1
9893 1
9898 0
9911 0
9924 0
9936 1
9947 0
9948 1
9952 0
9955 0
9964 1
9971 1
9973 1
9974 1
9979 1
9988 1
10003 0
10004 0
10015 0
10022 1
10033 1
10038 1
10043 1
10055 0
10067 1
10078 0
10079 0
10092 1
10096 1
10104 0
10115 0
10117 0
10130 0
10138 0
10153 0
10166 0
10180 1
10191 1
10192 0
10206 0
10219 0
10230 0
10245 0
10259 1
10274 1
10275 1
10277 0
10281 1
10284 0
10292 1
10304 1
10308 1
10316 0
10317 0
10319 0
10328 0
10329 0
10341 1
10352 1
10355 1
10358 1
10372 1
10385 1
10398 0
10402 1
10404 0
10419 1
10434 0
10440 0
10443 1
10449 1
10456 1
10460 0
10462 1
10464 1
10467 0
10479 0
10483 1
10484 1
10492 0
10503 1
10514 1
10529 1
10544 0
10559 0
10564 0
10567 0
10574 1
10588 0
10593 1
10595 1
10610 0
10619 1
10632 0
10641 1
10643 1
10656 1
10669 1
10684 1
10698 1
10706 1
10719 0
10721 1
10736 1
10751 1
10758 1
10766 1
10769 1
10771 0
10783 0
10785 1
10800 0
10809 1
10814 1
10825 0
10826 1
10833 0
10844 1
10847 0
10860 1
10871 0
10878 0
10891 0
10905 0
10914 1
10921 0
10930 0
10944 0
10952 1
10966 0
10971 0
10983 1
10994 0
11005 1
11016 1
11031 0
11032 1
11040 1
11044 1
11046 0
11047 1
11052 1
11063 1
11079 1
11094 1
11109 0
11124 1
11133 1
11134 0
11138 1
11140 0
11143 1
11148 1
11155 1
11160 1
11165 1
11176 1
11187 0
11189 1
11198 1
11210 0
11215 0
11230 0
11233 1
11246 0
11251 0
11266 0
11268 1
11273 1
11279 1
11283 0
11285 0
11300 0
11305 1
11317 0
11322 0
11334 0
11349 1
11363 1
11368 0
11370 0
11397 1
11399 0
11405 1
11419 0
11426 0
11427 0
11431 0
11445 0
11449 1
11450 1
11459 1
11467 1
11474 1
11482 0
11497 0
11498 1
11506 1
11529 1
11536 0
11547 0
11552 1
11565 1
11577 0
11579 1
11581 0
11587 0
11588 1
11590 0
11604 0
11618 1
11629 0
11637 1
11641 0
11642 0
11648 1
11662 1
11663 0
11666 0
11678 1
11681 0
11684 1
11692 0
11707 1
11711 0
11719 1
11725 1
11733 0
11738 0
11741 1
11750 0
11757 1
11758 0
11763 1
11767 1
11782 1
11791 1
11804 0
11810 1
11812 1
11818 0
11839 1
11853 0
11867 1
11879 1
11881 1
11889 1
11903 1
11914 1
11919 1
11927 0
11936 1
11942 1
11944 0
11956 1
11971 1
11977 1
11989 0
11998 1
12004 1
12005 0
12006 1
12013 1
12020 0
12045 1
12048 0
12061 0
12068 0
12076 0
12085 1
12100 1
12102 1
12103 1
12106 0
12109 0
12124 1
12138 0
12145 1
12149 0
12156 1
12170 1
12185 1
12192 0
12193 0
12206 0
12210 0
12222 0
12230 0
12239 0
12245 1
12253 1
12266 0
12280 1
12292 0
12294 1
12305 0
12314 1
12323 0
12328 0
12339 0
12341 1
12348 0
12359 0
12360 1
12362 0
12374 0
12376 1
12381 1
12385 1
12394 0
12408 1
12411 0
12424 0
12435 1
12438 1
12442 0
12444 0
12445 1
12457 0
12465 0
12474 0
12485 1
12493 0
12494 0
12499 0
12510 0
12519 0
12520 1
12535 1
12537 0
12552 0
12563 0
12564 1
12572 0
12581 0
12590 0
12601 0
12602 0
12609 1
12610 1
12611 0
12618 0
12635 0
12646 1
12659 0
12665 1
12667 1
12676 0
12688 0
12690 1
12691 1
12696 0
12703 1
12704 1
12719 1
12730 1
12734 0
12735 0
12741 1
12747 1
12761 0
12774 0
12787 1
12788 1
12794 1
12809 1
12810 1
12822 1
12835 0
12844 1
12857 1
12870 0
12873 0
12876 1
12884 0
12887 1
12890 1
12891 0
12898 0
12902 0
12915 0
12926 0
12929 0
12937 1
12946 1
12954 1
12958 1
12970 1
12981 0
12989 1
12993 0
12997 1
13005 0
13020 0
13028 1
13034 1
13042 1
13046 0
13054 0
13069 0
13083 1
13084 0
13098 0
13101 1
13115 0
13123 0
13128 0
13143 1
13148 1
13149 1
13156 1
13161 0
13167 1
13181 0
13183 1
13192 0
13201 1
13212 0
13226 0
13230 0
13234 1
13236 0
13250 1
13258 0
13271 0
13274 0
13278 1
13289 0
13301 0
13304 1
13307 1
13314 0
13327 1
13328 0
13329 1
13331 1
13336 0
13340 1
13348 1
13357 1
13366 1
13379 1
13390 1
13399 1
13413 1
13419 1
13422 1
13435 1
13446 0
13455 0
13469 1
13482 1
13490 1
13505 0
13506 1
13511 0
13522 1
13529 1
13540 0
13546 1
13557 0
13568 0
13574 1
13576 1
13585 1
13598 0
13607 0
13616 0
13627 1
13631 1
13646 1
13650 1
13651 1
13662 1
13676 0
13688 0
13691 1
13697 1
13702 1
13709 0
13714 1
13728 0
13735 0
13736 1
13750 1
13754 0
13759 1
13771 1
13776 0
13779 1
13792 0
13793 0
13807 1
13820 0
13821 1
13825 1
13827 0
13842 1
13844 1
13849 0
13858 1
13867 0
13873 0
13875 0
13889 1
13893 1
13907 1
13914 0
13926 0
13935 0
13942 0
13947 0
13950 1
13964 0
13970 0
13981 1
13995 1
14010 0
14014 1
14018 1
14024 1
14036 0
14041 0
14044 1
14048 0
14051 0
14064 0
14076 1
14088 1
14095 0
14106 0
14114 0
14127 0
14142 1
14157 0
14168 0
14171 1
14183 1
14190 1
14192 0
14199 0
14213 0
14220 1
14229 0
14244 0
14259 1
14260 1
14268 1
14275 0
14287 1
14300 1
14311 1
14323 1
14330 1
14343 0
14346 1
14358 0
14365 1
14366 0
14372 1
14381 1
14396 1
14405 1
14407 1
14415 0
14423 1
14426 0
14432 0
14445 0
14450 1
14451 1
14465 0
14473 0
14478 1
14490 1
14501 0
14508 0
14509 1
14512 0
14526 0
14530 0
14531 0
14533 0
14538 1
14539 1
14548 0
14560 0
14567 0
14581 0
14593 1
14606 0
14612 1
14627 1
14639 1
14640 1
14644 0
14658 0
14661 1
14666 0
14670 0
14682 1
14691 0
14708 0
14721 1
14730 0
14735 1
14738 1
14739 1
14754 1
14769 1
14770 0
14778 0
14782 0
14785 1
14794 0
14797 1
14798 1
14810 0
14821 1
14823 1
14826 0
14829 0
14844 1
14848 0
14861 1
14870 1
14881 0
14893 0
14902 0
14917 1
14932 1
14941 1
14946 1
14952 0
14970 0
14985 0
14991 1
15000 1
15012 0
15018 1
15020 0
15035 1
15044 1
15052 1
15055 0
15069 1
15078 0
15093 0
15105 0
15120 1
15134 1
15140 1
15142 1
15157 1
15159 1
15171 1
15185 0
15190 0
15194 0
15195 1
15199 1
15215 0
15221 0
15234 1
15243 1
15249 0
15260 1
15262 0
15264 1
15268 1
15271 0
15279 0
15290 1
15292 1
15297 0
15305 1
15326 0
15327 0
15336 1
15339 1
15344 1
15357 0
15364 0
15375 1
15383 0
15386 1
15390 0
15404 0
15412 0
15425 0
15428 0
15442 0
15453 1
15457 1
15464 0
15470 0
15482 1
15494 0
15496 0
15507 1
15513 1
15516 1
15517 0
15525 0
15539 0
15540 1
15548 0
15552 1
15554 1
15567 1
15575 1
15581 1
15587 1
15594 0
15602 0
15605 0
15619 1
15634 1
15648 1
15649 0
15650 1
15665 0
15668 0
15679 0
15694 0
15699 0
15714 0
15715 0
15727 0
15729 1
15741 1
15746 0
15767 1
15779 1
15783 1
15787 1
15795 0
15799 0
15802 0
15814 1
15829 0
15838 0
15852 0
15853 1
15866 0
15868 0
15870 0
15881 0
15885 0
15894 1
15899 0
15907 0
15911 1
15913 1
15914 1
15928 1
15940 0
15946 0
15947 0
15958 0
15966 1
15973 0
15985 0
15992 1
15994 1
16010 1
16022 0
16025 1
16033 1
16038 1
16041 0
16056 0
16069 1
16070 0
16071 0
16078 0
16086 1
16095 1
16107 0
16121 1
16129 0
16130 0
16134 0
16146 0
16149 1
16162 1
16167 0
16174 0
16182 0
16194 0
16207 1
16212 0
16223 0
16236 0
16249 1
16252 1
16260 1
16275 1
16280 0
16284 1
16296 0
16305 1
16318 1
16325 1
16330 0
16341 0
16344 0
16351 1
16356 0
16369 1
16378 1
16380 1
16384 0
16393 0
16395 0
16406 0
16417 1
16423 0
16426 1
16432 1
16444 0
16448 1
16455 0
16465 1
16470 1
16485 0
16486 1
16499 0
16503 0
16507 1
16516 0
16520 1
16525 1
16539 1
16547 0
16562 1
16576 0
16583 1
16592 0
16607 1
16616 1
16618 0
16620 1
16626 0
16641 1
16648 0
16656 0
16662 1
16675 1
16682 0
16687 0
16699 1
16713 1
16714 0
16715 0
16719 0
16722 1
16731 0
16737 0
16748 1
16751 0
16764 0
16770 1
16779 1
16794 1
16806 0
16821 0
16830 1
16844 0
16845 1
16858 0
16866 0
16881 1
16892 1
16903 0
16912 0
16923 0
16935 1
16948 0
16959 0
16967 1
16988 0
17000 0
17014 0
17018 1
17026 1
17028 1
17031 1
17033 0
17048 0
17051 1
17064 0
17066 0
17069 1
17079 1
17091 1
17095 1
17101 0
17116 1
17124 1
17125 0
17128 0
17132 0
17139 1
17152 0
17165 0
17174 0
17182 0
17190 0
17202 0
17210 0
17211 0
17224 0
17238 0
17253 0
17267 0
17274 1
17286 0
17294 0
17302 0
17314 1
17320 1
17333 1
17344 1
17345 0
17352 0
17361 1
17363 0
17368 0
17376 1
17379 0
17387 1
17395 0
17406 0
17419 0
17430 0
17433 1
17448 0
17459 1
17473 1
17475 1
17484 1
17487 0
17496 0
17497 1
17508 1
17516 0
17522 1
17523 1
17524 1
17542 1
17555 1
17557 1
17566 0
17569 0
17572 1
17586 0
17598 1
17611 1
17623 1
17638 1
17653 0
17655 0
17670 1
17685 0
17690 0
17699 1
17707 0
17714 0
17720 1
17726 0
17738 0
17753 0
17761 0
17762 0
17776 0
17788 0
17796 0
17800 0
17806 1
17813 1
17828 1
17834 1
17849 0
17856 0
17861 0
17866 0
17870 0
17883 1
17894 1
17907 0
17912 0
17927 1
17940 0
17942 1
17948 1
17951 1
17954 0
17958 0
17972 1
17983 1
17990 1
17999 0
18003 0
18018 0
18033 0
18038 0
18043 1
18061 0
18075 0
18083 1
18097 1
18105 1
18116 1
18129 0
18142 0
18147 1
18150 1
18153 1
18161 0
18167 1
18168 0
18173 1
18181 1
18189 0
18195 0
18200 0
18209 1
18213 0
18228 1
18241 1
18245 1
18253 1
18260 0
18278 0
18293 0
18294 0
18299 0
18300 0
18315 1
18317 1
18319 0
18333 0
18344 1
18359 0
18365 0
18368 1
18374 1
18377 0
18391 1
18409 1
18416 0
18420 1
18423 0
18438 0
18450 0
18458 0
18459 0
18467 0
18469 0
18472 1
18480 1
18492 1
18505 0
18509 0
18513 0
18519 0
18530 0
18537 1
18545 0
18546 0
18558 0
18564 1
18575 1
18590 0
18597 1
18611 1
18618 0
18619 1
18632 0
18641 0
18646 1
18649 0
18651 0
18659 0
18672 1
18680 0
18703 1
18707 1
18718 1
18730 1
18741 1
18754 1
18768 1
18777 1
18790 1
18794 0
18795 0
18822 1
18823 1
18834 0
18843 1
18852 0
18861 1
18866 1
18868 1
18879 0
18886 0
18892 1
18898 1
18906 0
18917 0
18924 1
18925 0
18929 0
18932 1
18935 0
18946 0
18948 1
18952 1
18967 0
18972 1
18975 0
18976 0
18991 1
18997 1
19011 1
19015 0
19024 0
19026 1
19037 0
19056 0
19057 1
19069 1
19074 0
19088 1
19110 1
19114 1
19122 0
19136 0
19150 0
19153 0
19157 1
19162 0
19174 1
19175 1
19183 1
19191 0
19206 1
19209 0
19213 0
19228 1
19232 1
19246 0
19261 0
19276 0
19279 1
19282 0
19288 0
19293 0
19306 1
19317 1
19323 1
19328 1
19343 0
19345 1
19356 1
19359 1
19363 1
19365 1
19379 0
19381 1
19383 1
19391 0
19400 0
19401 0
19413 1
19419 0
19422 0
19426 0
19437 0
19440 0
19455 1
19460 0
19469 0
19484 0
19487 0
19488 1
19493 0
19507 1
19516 1
19531 0
19545 0
19550 0
19562 1
19567 0
19580 1
19587 0
19593 1
19604 0
19618 1
19633 0
19647 1
19654 1
19657 1
19660 0
19662 0
19676 1
19691 1
19693 1
19696 0
19700 1
19712 1
19721 1
19724 0
19729 1
19737 0
19738 1
19741 1
19746 1
19758 0
19761 0
19772 1
19779 0
19794 1
19801 1
19807 1
19820 0
19829 0
19831 1
19837 1
19842 0
19854 1
19862 1
19863 0
19869 0
19878 1
19890 1
19891 0
19895 0
19923 0
19931 1
19939 0
19948 1
19960 0
19962 1
19969 1
19976 1
19982 1
19996 0
19998 1
20007 0
20009 0
20022 1
20028 1
20030 0
20042 0
20057 1
20066 0
20075 0
20087 1
20100 1
20103 0
20116 0
20123 0
20137 0
20141 0
20145 1
20157 1
20165 1
20171 0
20180 1
20183 0
20186 1
20188 1
20194 1
20200 1
20212 1
20223 1
20227 0
20231 1
20236 1
20249 1
20264 0
20271 0
20280 0
20295 1
20306 0
20313 1
20324 0
20327 1
20339 0
20352 1
20370 1
20385 1
20394 1
20395 1
20399 1
20404 0
20416 1
20418 0
20429 0
20432 1
20434 0
20437 0
20449 1
20466 0
20478 0
20480 0
20489 0
20491 0
20494 1
20503 0
20518 1
20529 0
20540 0
20547 1
20564 1
20568 0
20583 1
20595 1
20601 0
20616 0
20628 1
20630 1
20639 0
20643 0
20648 1
20659 1
20667 0
20670 1
20676 0
20679 0
20684 0
20693 1
20705 0
20713 1
20727 0
20731 0
20740 0
20748 1
20756 1
20767 1
20773 0
20785 1
20799 1
20804 0
20815 0
20830 1
20836 1
20837 0
20844 0
20850 1
20862 1
20863 0
20865 1
20879 1
20891 1
20898 1
20902 0
20909 1
20911 0
20923 1
20931 1
20934 0
20946 0
20959 1
20971 1
20975 1
20978 1
20992 0
20999 0
21003 0
21006 0
21019 0
21024 1
21030 0
21042 0
21050 0
21065 0
21073 1
21074 1
21076 0
21082 1
21091 0
21098 0
21111 0
21113 0
21119 1
21121 1
21136 0
21139 1
21140 0
21155 0
21166 1
21168 0
21183 0
21191 1
21205 0
21214 1
21226 0
21240 0
21245 1
21248 1
21264 1
21272 0
21273 0
21286 0
21291 1
21299 0
21304 0
21308 0
21310 0
21321 1
21327 0
21333 1
21345 1
21354 1
21362 0
21377 1
21389 1
21395 0
21403 1
21416 1
21427 0
21433 1
21446 1
21453 1
21465 0
21466 0
21471 0
21484 0
21492 1
21497 1
21510 1
21523 1
21532 0
21540 0
21545 0
21558 1
21563 1
21578 1
21579 0
21582 1
21593 1
21594 0
21599 0
21614 0
21625 1
21643 0
21646 0
21647 0
21653 0
21666 0
21670 1
21684 1
21695 1
21708 0
21712 0
21714 1
21723 1
21734 0
21740 1
21751 0
21765 1
21776 1
21781 1
21788 1
21801 1
21813 1
21818 1
21819 1
21826 1
21837 0
21850 1
21862 0
21865 0
21874 1
21879 0
21883 0
21892 1
21897 1
21902 1
21906 0
21920 0
21925 0
21926 1
21929 1
21941 1
21943 1
21951 1
21957 0
21965 0
21977 0
21982 0
21996 0
22010 1
22012 1
22019 0
22033 0
22044 1
22058 0
22067 1
22074 1
22082 1
22090 1
22092 0
22095 1
22099 1
22114 1
22115 0
22118 1
22130 0
22131 0
22152 1
22157 0
22164 1
22165 0
22167 1
22168 1
22182 1
22196 1
22200 1
22213 0
22225 1
22230 1
22232 0
22237 1
22249 0
22250 1
22253 1
22268 0
22275 1
22281 1
22296 1
22297 0
22299 0
22310 0
22322 1
22334 1
22347 1
22352 0
22361 1
22370 0
22376 0
22384 0
22387 1
22396 1
22410 1
22423 0
22427 1
22439 0
22442 1
22450 1
22462 1
22476 1
22488 1
22497 0
22511 0
22514 0
22527 1
22536 0
22545 0
22557 0
22562 0
22565 0
22574 1
22582 1
22593 0
22601 0
22614 1
22628 1
22631 1
22635 1
22637 0
22641 0
22649 1
22653 0
22654 0
22662 1
22663 1
22667 1
22673 0
22685 0
22700 0
22703 1
22705 1
22709 0
22717 0
22721 1
22733 0
22744 0
22752 0
22756 1
22769 1
22784 0
22797 0
22810 1
22825 1
22840 0
22845 0
22854 0
22863 1
22877 1
22889 0
22901 0
22906 0
22915 0
22921 0
22922 1
22927 0
22935 1
22938 1
22946 1
22952 1
22956 0
22964 0
22971 1
22979 1
22985 1
22997 0
23005 0
23008 1
23011 0
23020 0
23027 0
23042 0
23054 0
23061 1
23072 0
23083 1
23096 1
23105 1
23114 1
23127 0
23132 0
23137 0
23146 0
23152 0
23158 0
23166 1
23175 0
23177 0
23192 1
23204 1
23209 1
23224 1
23230 0
23245 0
23246 1
23257 0
23259 0
23272 0
23276 0
23277 0
23285 0
23289 0
23293 1
23295 1
23322 0
23325 1
23327 1
23329 0
23332 1
23340 1
23343 0
23349 0
23358 0
23369 0
23377 1
23386 1
23387 0
23395 0
23400 0
23415 1
23428 1
23433 0
23447 0
23459 1
23474 0
23479 1
23482 1
23493 1
23496 1
23500 1
23504 1
23506 1
23519 0
23523 1
23530 0
23535 0
23544 0
23559 1
23563 1
23569 1
23580 1
23584 1
23588 1
23593 1
23599 0
23600 0
23602 1
23615 1
23630 0
23635 0
23649 1
23650 1
23656 0
23659 0
23661 0
23663 1
23677 0
23679 1
23681 1
23692 0
23695 1
23707 0
23715 0
23719 0
23724 0
23738 0
23746 0
23751 0
23763 0
23770 1
23775 0
23779 0
23788 0
23800 1
23807 1
23809 1
23822 1
23827 0
23846 0
23847 1
23855 1
23857 0
23862 1
23877 1
23878 1
23883 1
23887 0
23889 0
23895 1
23907 1
23919 0
23928 0
23935 1
23943 1
23956 1
23963 0
23967 0
23974 1
23998 1
24005 1
24008 0
24022 0
24030 0
24035 1
24049 1
24064 1
24075 1
24084 1
24089 0
24107 1
24110 0
24114 1
24127 1
24131 0
24139 0
24153 1
24166 1
24177 1
24192 0
24204 0
24208 0
24210 1
24211 0
24224 1
24232 0
24243 1
24251 1
24265 1
24273 0
24276 1
24291 1
24298 1
24300 1
24315 1
24330 1
24339 0
24344 1
24357 0
24365 1
24378 1
24387 0
24401 1
24409 1
24411 1
24414 0
24417 0
24428 0
24443 0
24455 0
24460 0
24468 1
24476 1
24485 0
24492 1
24499 1
24504 1
24511 0
24525 1
24526 0
24532 1
24533 1
24534 1
24543 1
24556 1
24570 0
24584 0
24595 0
24598 1
24601 0
24609 1
24622 1
24631 1
24636 0
24647 1
24658 1
24669 0
24680 0
24695 0
24704 0
24715 1
24721 0
24729 1
24744 1
24748 1
24760 1
24766 1
24779 0
24781 1
24786 1
24801 1
24814 1
24827 0
24834 0
24835 1
24849 1
24853 1
24856 1
24862 1
24864 1
24868 1
24880 0
24885 0
24889 1
24898 1
24907 0
24911 1
24924 0
24933 1
24947 1
24955 1
24960 1
24961 0
24972 0
24981 0
24983 0
24984 1
24991 0
24996 0
25010 1
25018 0
25026 0
25028 1
25039 1
25053 1
25064 0
25079 0
25081 1
25086 0
25089 1
25101 0
25105 0
25109 1
25123 0
25138 0
25146 1
25161 0
25166 0
25168 0
25183 0
25184 0
25189 0
25202 0
25216 1
25221 0
25225 1
25234 1
25249 0
25257 0
25262 0
25268 0
25279 1
25285 1
25294 1
25301 1
25310 0
25325 1
25327 1
25334 0
25335 1
25336 1
25351 1
25353 0
25360 0
25367 1
25378 1
25389 1
25402 0
25414 1
25420 0
25433 1
25442 1
25453 1
25457 0
25465 1
25485 0
25494 1
25507 0
25516 1
25530 0
25531 1
25535 1
25544 0
25546 1
25551 1
25560 0
25572 1
25578 1
25587 0
25591 1
25603 1
25609 0
25624 1
25631 0
25643 1
25655 0
25669 1
25681 0
25693 1
25704 0
25713 0
25716 1
25721 1
25730 0
25734 1
25741 1
25745 0
25758 1
25762 0
25776 0
25781 0
25786 1
25799 1
25806 0
25833 1
25842 0
25851 0
25855 0
25859 0
25874 1
25888 0
25896 1
25907 0
25913 0
25928 1
25943 0
25946 0
25949 1
25961 1
25969 1
25972 1
25973 0
25984 1
25998 1
26013 1
26028 0
26043 0
26048 1
26055 1
26061 1
26070 1
26078 1
26084 0
26095 0
26109 1
26112 1
26120 0
26134 0
26147 0
26150 0
26153 0
26155 0
26168 0
26180 1
26193 1
26200 1
26202 1
26213 0
26217 0
26228 0
26231 1
26237 0
26239 0
26252 0
26261 1
26263 0
26274 1
26275 0
26283 1
26289 1
26297 1
26302 1
26308 0
26316 0
26319 1
26325 0
26326 1
26328 1
26340 0
26343 0
26348 0
26357 0
26363 0
26371 1
26379 1
26381 0
26386 0
26398 1
26412 1
26414 1
26425 0
26438 1
26447 1
26451 0
26463 1
26471 1
26478 1
26483 1
26496 0
26509 1
26514 1
26526 1
26527 1
26533 1
26548 0
26561 0
26565 0
26566 1
26569 0
26573 0
26585 1
26589 0
26598 1
26612 0
26626 0
26635 1
26640 1
26649 0
26653 0
26654 1
26667 1
26674 0
26678 0
26680 0
26685 0
26687 1
26691 1
26696 0
26700 0
26704 1
26718 1
26722 1
26729 0
26741 0
26755 0
26764 1
26778 1
26785 1
26797 0
26811 1
26815 0
26828 1
26840 1
26844 1
26858 0
26871 0
26875 1
26877 1
26879 0
26881 0
26888 0
26892 0
26901 0
26902 0
26915 1
26920 1
26925 1
26939 0
26940 0
26952 1
26961 1
26968 0
26970 1
26973 0
26984 1
26999 1
27014 1
27025 1
27034 0
27046 1
27054 1
27069 0
27070 1
27073 1
27086 0
27095 0
27103 0
27109 1
27125 0
27128 0
27136 0
27147 0
27155 0
27156 1
27170 0
27176 1
27179 0
27191 0
27203 0
27209 1
27221 0
27224 0
27236 1
27247 0
27250 0
27264 1
27268 0
27283 0
27289 1
27300 0
27305 0
27313 1
27340 0
27355 0
27361 1
27363 1
27376 1
27380 1
27385 0
27393 0
27396 1
27397 0
27412 0
27418 0
27426 0
27441 1
27452 0
27465 1
27469 0
27478 1
27480 0
27482 0
27493 1
27506 0
27510 0
27513 0
27527 1
27531 1
27539 1
27548 1
27556 1
27567 1
27579 0
27591 0
27603 1
27607 1
27621 1
27635 1
27640 0
27652 0
27664 0
27679 0
27682 1
27694 1
27696 0
27703 1
27714 1
27721 1
27726 0
27739 0
27742 0
27754 0
27767 1
27778 0
27791 1
27797 1
27800 0
27801 1
27809 1
27812 1
27819 1
27831 0
27843 1
27848 1
27855 0
27883 1
27892 0
27907 0
27919 1
27930 1
27939 0
27945 1
27948 1
27961 1
27969 0
27972 0
27979 0
27985 1
27990 1
27999 1
28014 0
28023 1
28026 0
28031 0
28032 0
28037 1
28043 1
28047 1
28062 0
28064 0
28077 0
28088 1
28092 1
28105 0
28108 1
28117 0
28124 1
28125 1
28137 0
28141 0
28148 0
28157 0
28166 0
28170 0
28183 1
28198 0
28209 1
28210 0
28224 1
28237 1
28252 0
28258 1
28261 0
28270 0
28275 1
28289 0
28291 0
28297 1
28305 1
28319 1
28334 0
28341 1
28345 1
28346 1
28353 1
28360 0
28365 0
28368 1
28383 1
28385 0
28397 1
28404 1
28408 0
28413 1
28414 1
28429 1
28443 0
28450 0
28454 0
28460 0
28468 0
28480 0
28491 1
28495 0
28500 1
28502 1
28516 1
28531 0
28538 0
28540 0
28543 1
28554 1
28566 0
28570 0
28585 1
28586 0
28590 1
28602 1
28604 0
28617 0
28626 1
28635 1
28644 1
28646 1
28653 1
28656 1
28662 1
28674 1
28678 0
28686 0
28698 1
28701 0
28705 0
28721 1
28722 0
28726 0
28733 0
28735 1
28738 1
28752 1
28756 1
28765 1
28770 1
28779 1
28791 1
28797 1
28802 1
28809 1
28813 1
28826 0
28840 1
28844 0
28848 1
28857 1
28872 0
28881 0
28894 1
28902 0
28913 0
28926 1
28928 1
28933 1
28946 1
28947 1
28956 0
28970 0
28975 1
28987 1
28998 1
29002 1
29006 1
29011 0
29017 0
29029 1
29040 0
29047 1
29062 0
29070 1
29081 1
29089 0
29104 1
29116 0
29131 0
29132 0
29134 0
29141 0
29149 1
29150 0
29153 0
29155 0
29164 0
29172 1
29181 0
29192 1
29195 0
29210 0
29219 0
29225 1
29230 0
29237 0
29244 0
29259 0
29264 1
29275 0
29287 0
29295 1
29296 1
29309 1
29318 1
29321 0
29330 0
29332 1
29341 0
29349 0
29369 0
29374 0
29389 0
29397 1
29410 1
29425 1
29433 1
29442 0
29444 1
29455 1
29468 1
29476 0
29480 0
29481 0
29489 0
29492 1
29495 0
29508 0
29510 1
29513 0
29525 1
29533 1
29548 1
29555 1
29568 0
29573 1
29575 0
29580 1
29581 0
29585 1
29590 1
29605 1
29617 0
29621 1
29634 0
29656 0
29671 1
29675 1
29681 0
29687 0
29701 0
29714 1
29718 0
29722 1
29734 0
29735 1
29749 1
29752 1
29756 0
29757 0
29763 0
29771 0
29782 0
29784 1
29796 1
29803 0
29809 0
29812 0
29813 1
29817 0
29822 0
29829 0
29836 0
29847 0
29865 0
29880 0
29888 1
29904 0
29916 0
29928 0
29939 1
29953 0
29966 0
29968 1
29977 1
29990 0
30001 0
30007 1
30014 0
30025 1
30026 0
30029 0
30043 1
30054 1
30066 0
30075 1
30078 1
30089 1
30095 1
30101 0
30127 0
30135 0
30138 0
30141 0
30152 1
30155 1
30157 0
30160 1
30175 1
30187 1
30196 0
30203 0
30215 0
30220 1
30229 1
30233 0
30236 0
30264 1
30269 1
30278 1
30292 0
30294 1
30309 1
30322 1
30334 0
30341 0
30349 1
30362 0
30370 1
30371 1
30373 1
30375 0
30386 0
30395 1
30409 1
30422 0
30427 0
30436 0
30449 1
30464 0
30478 1
30483 1
30494 0
30506 0
30507 1
30518 0
30521 0
30534 1
30547 1
30548 1
30560 0
30568 1
30581 1
30586 1
30592 0
30604 1
30612 1
30617 1
30622 1
30623 1
30632 0
30634 1
30635 1
30646 1
30655 0
30659 0
30668 1
30675 1
30678 0
30692 0
30697 1
30700 0
30713 0
30718 1
30730 1
30750 0
30755 0
30758 0
30762 0
30763 0
30778 1
30790 1
30798 0
30802 1
30807 1
30834 0
30846 0
30851 0
30856 0
30862 0
30877 1
30884 1
30892 1
30894 0
30907 0
30910 0
30915 1
30928 0
30941 1
30942 0
30948 1
30961 0
30966 0
30980 1
30993 1
30996 0
31010 1
31038 1
31047 0
31052 0
31054 0
31056 0
31061 1
31064 0
31065 0
31077 1
31082 1
31090 0
31103 1
31115 0
31128 1
31132 0
31147 0
31151 1
31160 0
31174 1
31180 1
31188 0
31197 1
31205 0
31209 1
31212 0
31226 0
31238 0
31240 0
31254 0
31265 1
31273 0
31280 0
31293 0
31304 1
31312 1
31320 1
31334 0
31346 0
31361 0
31367 1
31380 1
31393 1
31397 0
31412 1
31418 1
31430 0
31443 1
31454 0
31469 1
31470 1
31471 0
31478 0
31483 0
31496 0
31504 1
31507 1
31508 0
31522 0
31536 1
31544 1
31546 0
31558 0
31565 1
31571 0
31572 1
31573 1
31577 0
31578 0
31604 1
31613 1
31628 0
31639 1
31643 1
31644 0
31650 0
31658 0
31662 0
31669 1
31684 0
31693 1
31698 0
31701 1
31716 0
31727 0
31731 1
31736 0
31747 0
31748 1
31754 0
31763 1
31772 1
31778 0
31793 1
31806 1
31809 0
31824 0
31827 1
31836 1
31848 1
31860 1
31862 1
31873 1
31876 1
31880 0
31885 1
31887 0
31889 1
31903 1
31916 0
31931 1
31933 1
31936 1
31940 1
31952 1
31961 1
31973 1
31987 0
31996 1
32000 0
32004 1
32009 0
32015 0
32019 0
32022 1
32033 0
32038 0
32053 0
32060 1
32064 0
32077 0
32080 0
32082 0
32083 0
32089 0
32097 0
32112 1
32118 0
32126 0
32128 1
32137 0
32145 0
32152 0
32154 1
32157 0
32162 1
32176 0
32180 0
32195 1
32210 1
32219 0
32224 1
32225 1
32227 0
32234 1
32245 0
32263 1
32271 1
32274 0
32276 1
32282 0
32291 1
32294 1
32298 1
32301 0
32303 0
32311 1
32319 1
32334 0
32340 0
32353 1
32356 0
32361 0
32366 0
32377 1
32391 1
32398 0
32404 1
32412 1
32416 1
32424 1
32438 0
32450 1
32456 0
32464 1
32472 1
32474 1
32477 1
32482 1
32487 0
32503 1
32510 0
32518 1
32519 0
32531 1
32543 0
32548 1
32557 0
32568 1
32579 1
32586 1
32589 0
32597 1
32602 1
32615 0
32617 0
32632 1
32637 1
32650 1
32653 0
32658 0
32659 1
32674 0
32675 0
32680 1
32681 1
32690 1
32692 1
32699 0
32705 0
32713 1
32720 1
32733 0
32741 1
32749 1
32764 0
32770 0
32774 1
32778 0
32791 1
32797 1
32810 1
32811 1
32823 1
32834 1
32839 1
32850 1
32859 1
32871 0
32877 1
32892 1
32897 1
32902 1
32906 1
32908 0
32910 1
32925 1
32937 1
32948 1
32955 1
32964 0
32967 0
32970 0
32978 0
32985 0
32998 0
33010 1
33022 0
33029 1
33044 0
33056 0
33067 1
33081 0
33087 1
33106 0
33115 1
33118 0
33120 0
33134 1
33151 0
33157 1
33172 1
33179 0
33183 1
33186 0
33190 1
33203 0
33215 0
33230 1
33243 1
33252 1
33259 0
33261 1
33265 0
33272 1
33273 1
33286 0
33300 1
33315 0
33324 0
33327 1
33342 0
33347 0
33352 0
33367 0
33371 1
33384 0
33395 1
33410 0
33416 1
33418 0
33420 1
33435 0
33447 1
33470 0
33485 1
33492 0
33503 0
33517 0
33526 0
33539 0
33540 0
33555 0
33564 1
33566 0
33568 1
33569 0
33577 0
33592 0
33607 0
33620 1
33627 1
33630 0
33631 1
33643 1
33647 1
33654 1
33655 0
33656 0
33663 1
33667 0
33678 0
33682 1
33691 1
33706 1
33712 1
33724 1
33727 0
33728 1
33743 1
33749 0
33761 1
33772 1
33773 1
33784 0
33792 1
33797 0
33801 0
33808 0
33820 1
33828 0
33839 0
33851 0
33865 0
33872 0
33883 0
33892 1
33900 0
33909 1
33922 0
33935 0
33949 1
33957 0
33963 0
33968 0
33971 1
33976 1
33989 1
33994 1
34005 0
34020 1
34028 0
34049 0
34058 0
34071 1
34075 1
34076 1
34089 1
34102 0
34109 0
34112 0
34127 0
34134 0
34135 0
34147 1
34158 1
34163 1
34178 0
34181 0
34189 1
34194 1
34206 0
34207 1
34210 0
34215 1
34228 1
34230 1
34233 0
34238 0
34262 1
34266 0
34268 0
34276 1
34280 0
34285 1
34296 1
34311 1
34320 1
34328 0
34342 1
34347 1
34362 0
34364 0
34366 1
34381 1
34396 1
34397 0
34409 0
34420 0
34432 1
34446 0
34453 1
34460 1
34468 0
34482 1
34488 0
34496 0
34504 0
34511 0
34516 0
34531 0
34546 1
34548 0
34554 0
34568 1
34570 0
34577 1
34578 0
34593 1
34601 1
34606 0
34613 1
34636 1
34647 1
34649 0
34660 0
34674 0
34677 1
34689 0
34696 0
34703 0
34708 0
34722 1
34734 0
34740 1
34743 1
34745 1
34752 1
34763 0
34774 0
34779 0
34790 1
34791 1
34797 1
34811 0
34819 1
34822 0
34828 0
34836 1
34844 1
34853 1
34866 0
34868 0
34873 0
34885 0
34898 0
34907 1
34916 1
34919 1
34930 0
34938 1
34943 0
34955 0
34966 1
34981 1
34992 0
35004 0
35015 0
35024 0
35027 0
35041 1
35049 1
35058 1
35071 1
35073 0
35074 1
35088 1
35089 1
35093 0
35097 0
35100 0
35109 1
35123 1
35132 0
35139 0
35150 1
35164 0
35175 1
35181 0
35183 0
35197 0
35208 0
35217 0
35224 1
35232 0
35233 0
35242 1
35246 1
35258 0
35259 1
35261 0
35263 1
35276 1
35282 0
35297 0
35306 1
35308 1
35316 1
35330 1
35331 0
35337 1
35348 0
35356 1
35364 1
35379 0
35387 1
35398 1
35410 1
35415 0
35416 0
35421 1
35436 0
35451 1
35453 0
35466 0
35478 0
35492 1
35507 1
35522 1
35528 1
35531 0
35537 0
35539 0
35541 1
35542 1
35547 1
35553 0
35564 1
35575 1
35579 1
35586 0
35587 0
35598 1
35600 1
35604 0
35618 0
35623 1
35626 0
35632 1
35639 0
35654 1
35657 1
35664 1
35678 1
35683 0
35692 0
35705 0
35719 0
35734 1
35746 1
35747 0
35749 1
35763 0
35765 1
35777 1
35778 1
35791 0
35792 1
35806 0
35810 1
35825 0
35838 0
35851 0
35855 1
35869 1
35872 0
35885 1
35898 0
35900 0
35905 1
35913 0
35914 1
35928 1
35939 1
35952 1
35954 1
35967 1
35970 0
35978 1
35985 0
35999 0
36003 0
36011 0
36015 1
36020 0
36028 0
36040 0
36044 1
36048 1
36061 1
36063 0
36078 0
36079 0
36095 0
36100 1
36107 1
36108 0
36119 0
36134 0
36148 0
36152 1
36164 1
36170 1
36178 1
36191 0
36196 1
36200 0
36207 1
36208 1
36215 1
36224 0
36236 0
36249 1
36262 1
36275 0
36279 1
36291 1
36303 1
36312 1
36319 1
36325 1
36336 0
36340 1
36341 0
36344 0
36358 1
36360 1
36374 1
36383 1
36384 1
36390 0
36393 0
36408 1
36422 1
36424 1
36428 1
36443 1
36454 1
36457 1
36465 1
36476 1
36478 1
36493 1
36497 1
36504 0
36513 0
36527 1
36535 0
36538 1
36561 0
36566 1
36568 0
36583 0
36592 1
36607 0
36622 1
36627 1
36642 0
36655 0
36666 0
36681 0
36694 0
36709 0
36713 1
36726 1
36737 1
36740 1
36755 1
36768 0
36771 0
36775 1
36779 0
36793 0
36800 0
36805 0
36811 1
36813 0
36822 1
36838 0
36846 1
36854 1
36868 1
36870 0
36885 0
36897 1
36909 1
36917 0
36925 1
36937 1
36948 1
36957 1
36959 1
36962 1
36974 1
36987 0
36989 0
37004 0
37011 0
37022 1
37033 1
37047 0
37055 1
37070 0
37084 1
37097 1
37101 1
37109 0
37118 0
37132 0
37145 1
37157 1
37166 1
37180 1
37185 1
37198 0
37213 1
37215 0
37221 0
37234 0
37241 0
37245 1
37259 1
37274 1
37277 0
37278 0
37282 1
37289 1
37303 1
37316 1
37330 0
37342 0
37357 1
37359 1
37367 0
37382 0
37389 1
37404 1
37419 1
37426 1
37434 0
37437 1
37449 1
37453 1
37468 1
37476 1
37491 1
37504 0
37513 1
37519 1
37531 1
37533 1
37544 0
37558 0
37569 0
37580 1
37593 1
37599 0
37611 0
37625 0
37626 0
37633 1
37641 0
37653 0
37658 1
37665 1
37668 0
37669 1
37671 0
37680 0
37693 1
37696 1
37707 1
37711 0
37713 1
37720 1
37725 0
37728 1
37732 1
37744 0
37753 0
37767 1
37773 0
37782 1
37795 0
37799 1
37804 0
37808 0
37816 1
37819 0
37823 1
37830 0
37839 1
37842 1
37847 1
37860 0
37869 1
37876 1
37879 0
37893 0
37905 0
37918 0
37923 1
37937 1
37940 0
37954 0
37962 0
37971 0
37986 1
37997 0
38011 0
38020 1
38024 0
38038 1
38052 0
38061 1
38080 1
38083 1
38092 0
38104 0
38112 0
38119 0
38120 0
38124 0
38139 0
38150 0
38152 0
38165 1
38174 1
38177 1
38190 0
38196 1
38201 1
38202 0
38216 1
38230 1
38244 1
38259 1
38268 1
38275 0
38277 0
38291 1
38294 0
38295 0
38307 1
38318 1
38324 0
38326 0
38329 0
38340 1
38352 0
38355 0
38360 0
38363 1
38371 0
38386 0
38394 1
38398 1
38406 0
38419 0
38424 0
38433 1
38440 0
38445 0
38452 0
38463 1
38470 0
38481 1
38489 0
38501 0
38509 0
38511 1
38514 1
38522 1
38525 1
38529 0
38540 1
38570 1
38583 0
38594 1
38595 0
38602 0
38618 0
38622 0
38633 0
38636 0
38642 1
38654 0
38662 1
38670 1
38679 0
38685 1
38694 1
38697 0
38709 1
38721 1
38728 0
38729 0
38740 1
38752 1
38767 0
38773 0
38774 0
38785 0
38799 1
38802 0
38808 0
38828 1
38842 1
38854 0
38867 1
38871 0
38876 0
38885 1
38898 0
38902 1
38904 0
38911 0
38926 1
38932 1
38939 0
38953 1
38965 1
38967 1
38968 0
38971 1
38982 0
38984 0
38997 1
38998 1
39009 1
39010 0
39018 1
39025 0
39053 0
39057 0
39064 1
39076 0
39084 1
39096 0
39102 0
39105 0
39113 0
39126 1
39132 1
39135 0
39147 1
39154 0
39155 0
39160 1
39161 1
39175 1
39190 0
39192 0
39206 0
39221 1
39226 0
39229 0
39236 0
39251 0
39260 1
39269 1
39278 0
39284 1
39291 1
39293 1
39296 0
39301 1
39313 0
39326 0
39340 0
39342 1
39345 0
39360 0
39371 0
39372 1
39375 0
39384 0
39391 1
39419 1
39432 1
39446 0
39451 1
39453 1
39464 0
39475 0
39477 0
39479 0
39493 0
39499 0
39508 0
39520 0
39535 0
39549 1
39562 0
39564 0
39572 1
39578 1
39591 0
39605 0
39612 0
39617 1
39625 0
39636 0
39651 1
39653 1
39654 0
39657 0
39659 0
39674 1
39679 0
39681 1
39685 1
39687 0
39693 1
39706 0
39717 1
39721 0
39733 1
39739 1
39747 0
39752 0
39753 1
39768 0
39779 0
39784 0
39791 1
39797 1
39809 0
39818 0
39832 0
39845 0
39849 0
39853 0
39868 1
39876 1
39884 0
39885 1
39886 0
39888 0
39897 1
39902 0
39909 0
39915 1
39927 0
39931 0
39942 1
39950 1
39955 1
39959 1
39971 0
39985 0
39998 1
40001 0
40010 1
40013 0
40026 1
40032 1
40039 0
40051 0
40057 0
40068 1
40074 1
40081 1
40090 0
40102 0
40117 0
40130 0
40143 0
40158 0
40163 0
40167 0
40168 1
40179 0
40180 1
40183 0
40194 0
40195 1
40196 0
40204 0
40208 1
40210 1
40218 0
40226 0
40228 0
40233 1
40245 0
40257 0
40265 0
40269 0
40276 0
40284 0
40288 0
40296 0
40303 1
40307 1
40315 1
40318 1
40333 1
40347 0
40352 1
40361 1
40369 1
40378 0
40380 0
40388 1
40394 0
40397 0
40405 0
40418 1
40424 0
40439 1
40441 0
40445 1
40448 1
40456 0
40461 1
40479 0
40484 1
40501 1
40512 1
40513 1
40516 0
40522 0
40530 1
40534 0
40536 1
40540 1
40546 0
40553 1
40566 0
40575 0
40586 0
40588 0
40602 1
40611 1
40617 0
40632 1
40641 1
40643 1
40650 1
40652 1
40666 0
40667 0
40680 1
40691 0
40706 1
40719 1
40724 0
40736 1
40744 1
40747 0
40750 0
40759 0
40770 1
40771 1
40773 1
40774 1
40787 0
40796 0
40810 1
40823 0
40827 1
40841 1
40856 0
40869 0
40870 1
40872 1
40883 0
40885 0
40886 1
40887 1
40899 1
40910 1
40925 0
40938 0
40944 0
40958 0
40961 1
40964 1
40969 1
40983 0
40984 1
40988 1
40996 0
41010 1
41015 1
41020 1
41035 1
41036 1
41039 0
41052 0
41064 1
41079 0
41093 0
41105 1
41114 1
41115 0
41116 0
41131 1
41148 0
41161 0
41163 0
41168 0
41183 0
41194 1
41195 0
41206 0
41219 0
41222 1
41236 1
41239 1
41248 0
41254 0
41267 0
41279 1
41285 0
41297 0
41305 1
41310 1
41318 1
41325 1
41327 1
41332 0
41345 0
41354 0
41357 1
41371 1
41384 0
41386 1
41398 1
41412 0
41426 0
41440 0
41455 0
41468 0
41470 1
41483 0
41500 0
41506 0
41510 0
41512 1
41519 1
41522 0
41528 1
41535 0
41550 0
41553 1
41559 1
41565 0
41579 0
41590 0
41599 0
41612 0
41619 1
41627 0
41636 0
41642 1
41653 0
41654 0
41665 1
41672 1
41679 0
41681 0
41688 1
41717 0
41723 0
41734 1
41745 0
41749 1
41757 0
41764 1
41773 1
41784 1
41791 0
41799 0
41801 1
41813 0
41821 0
41822 1
41833 1
41838 1
41853 0
41859 0
41864 0
41870 0
41874 0
41881 1
41890 0
41915 0
41926 0
41931 1
41943 0
41950 1
41952 0
41961 0
41972 1
41977 1
41992 0
41996 0
42002 1
42013 0
42017 1
42022 0
42025 0
42039 0
42048 1
42064 1
42073 0
42078 1
42091 1
42106 0
42107 0
42114 1
42125 1
42127 0
42133 0
42141 1
42164 1
42171 1
42174 1
42175 1
42189 0
42202 1
42204 0
42208 0
42223 1
42236 0
42240 1
42251 0
42262 1
42273 0
42293 1
42295 1
42301 1
42306 1
42308 1
42315 0
42316 0
42324 1
42332 1
42333 1
42347 0
42358 1
42370 0
42375 1
42386 0
42388 1
42391 0
42395 0
42407 1
42416 1
42424 1
42435 1
42436 1
42447 0
42453 0
42454 1
42462 0
42469 0
42482 0
42494 1
42502 0
42517 1
42532 1
42541 0
42555 1
42566 0
42580 1
42587 0
42602 1
42603 1
42616 0
42628 1
42633 0
42635 0
42647 1
42654 0
42656 0
42659 1
42676 0
42679 1
42685 1
42696 1
42708 1
42711 1
42716 1
42721 1
42730 0
42739 0
42748 0
42753 0
42761 1
42777 1
42781 0
42784 1
42789 0
42795 0
42801 1
42807 1
42811 0
42820 0
42834 1
42849 0
42856 1
42867 1
42873 0
42875 1
42879 0
42891 1
42900 0
42914 0
42927 1
42942 1
42955 1
42961 1
42970 1
42977 0
42991 0
43004 0
43013 1
43025 0
43026 0
43032 0
43041 0
43043 0
43044 1
43052 0
43060 1
43065 1
43068 0
43071 1
43084 1
43087 1
43093 1
43104 0
43116 1
43131 0
43143 1
43158 1
43170 0
43174 0
43183 1
43196 1
43204 0
43212 1
43223 0
43228 1
43243 1
43252 1
43265 1
43268 0
43269 1
43274 1
43287 1
43291 1
43305 1
43309 0
43311 1
43313 1
43315 1
43316 0
43322 0
43333 0
43338 0
43342 1
43351 0
43360 1
43365 1
43369 0
43376 0
43391 1
43399 0
43414 1
43420 1
43432 0
43439 0
43443 1
43444 1
43445 0
43447 1
43458 0
43469 0
43478 1
43490 1
43502 0
43511 1
43525 0
43538 0
43550 1
43552 0
43563 1
43572 0
43584 0
43588 1
43599 1
43605 0
43612 1
43624 0
43628 1
43641 1
43644 1
43661 1
43673 0
43687 1
43695 0
43709 1
43718 1
43725 1
43740 1
43745 0
43769 0
43777 0
43779 1
43790 1
43805 0
43813 1
43827 1
43831 1
43834 1
43839 0
43841 0
43846 1
43857 1
43866 0
43871 0
43885 1
43892 0
43903 1
43928 0
43934 1
43945 0
43950 1
43957 0
43959 1
43965 0
43966 1
43980 1
43991 0
43993 1
44006 1
44008 1
44021 1
44026 0
44035 0
44036 0
44038 0
44040 1
44046 0
44047 0
44053 1
44059 1
44073 1
44085 0
44089 1
44091 0
44098 0
44112 0
44123 1
44126 0
44129 1
44130 1
44141 0
44149 1
44163 0
44170 0
44185 0
44200 0
44215 0
44216 1
44220 0
44227 0
44241 0
44252 1
44256 0
44268 1
44273 1
44276 1
44291 1
44293 1
44298 0
44309 1
44328 1
44342 0
44349 0
44353 1
44360 0
44367 1
44379 0
44392 1
44398 1
44413 0
44425 1
44428 0
44437 1
44444 1
44452 1
44467 1
44472 0
44481 1
44494 1
44506 0
44519 1
44526 0
44541 0
44550 1
44553 1
44561 1
44568 1
44582 1
44583 1
44590 1
44605 1
44611 1
44613 1
44622 0
44637 1
44648 1
44649 1
44652 1
44654 1
44659 0
44663 0
44677 1
44678 1
44679 0
44690 1
44701 1
44710 1
44723 1
44735 1
44737 1
44739 1
44745 0
44757 0
44770 1
44785 0
44796 0
44809 0
44812 0
44816 0
44818 1
44820 1
44821 1
44830 0
44834 0
44837 1
44845 0
44846 0
44861 1
44874 0
44887 0
44898 1
44900 1
44904 1
44917 1
44929 0
44942 0
44957 0
44969 1
44974 0
44988 1
44996 0
45003 0
45009 1
45022 0
45031 1
45035 1
45039 0
45053 0
45057 1
45068 1
45076 0
45080 1
45087 0
45088 0
45097 0
45104 1
45111 1
45112 0
45114 0
45127 0
45135 1
45141 0
45142 0
45154 0
45159 1
45170 0
45172 1
45181 1
45182 0
45183 0
45188 1
45196 1
45199 0
45202 1
45208 0
45210 1
45211 0
45212 0
45216 1
45230 1
45243 1
45252 1
45264 0
45265 0
45266 0
45279 1
45292 1
45300 0
45303 0
45307 1
45316 0
45324 0
45338 1
45339 0
45350 0
45356 1
45361 1
45374 0
45380 0
45384 1
45389 0
45395 0
45401 0
45416 0
45437 0
45440 1
45446 0
45453 1
45461 0
45474 0
45478 0
45492 0
45493 1
45506 0
45521 0
45526 0
45528 0
45531 0
45538 0
45550 1
45553 1
45565 1
45578 0
45593 1
45601 1
45610 0
45623 0
45634 1
45638 1
45647 1
45654 1
45666 1
45671 1
45679 0
45680 0
45694 0
45698 1
45702 1
45703 1
45705 0
45721 1
45730 0
45737 0
45750 1
45753 1
45765 0
45769 1
45772 1
45787 1
45794 1
45795 0
45800 1
45813 1
45815 1
45827 1
45830 0
45831 1
45843 0
45851 1
45852 1
45867 0
45880 0
45882 0
45887 1
45891 1
45905 1
45913 1
45928 1
45941 1
45943 0
45958 0
45960 1
45971 0
45977 0
45991 0
45997 0
46011 0
46024 0
46038 1
46044 1
46058 0
46071 0
46074 0
46088 0
46101 0
46114 1
46119 1
46125 1
46131 0
46133 1
46145 1
46158 0
46171 1
46188 1
46202 0
46206 1
46215 0
46224 1
46229 1
46240 1
46242 0
46245 0
46254 1
46265 0
46272 1
46278 0
46284 1
46291 0
46306 0
46315 0
46317 1
46324 0
46336 0
46340 0
46353 0
46364 0
46372 1
46385 0
46386 0
46398 0
46405 0
46419 0
46428 1
46440 1
46445 1
46460 1
46463 1
46470 0
46479 1
46492 0
46494 1
46508 0
46511 0
46512 0
46520 1
46525 0
46538 1
46540 1
46541 0
46543 1
46546 1
46554 0
46565 0
46569 0
46575 0
46586 1
46587 0
46590 1
46593 1
46605 0
46611 1
46618 0
46629 0
46644 0
46645 1
46650 0
46662 1
46668 0
46681 1
46683 0
46686 0
46700 0
46708 1
46722 0
46729 1
46737 1
46746 0
46748 0
46751 0
46760 0
46769 1
46787 0
46800 0
46803 0
46816 1
46817 0
46820 0
46822 0
46827 1
46833 1
46840 1
46849 0
46857 0
46858 1
46871 1
46877 0
46886 0
46890 0
46902 1
46908 1
46921 1
46936 0
46950 1
46957 0
46962 1
46977 1
46984 0
46998 0
47013 1
47017 0
47018 0
47029 0
47033 1
47034 1
47036 0
47049 1
47050 0
47065 1
47072 0
47080 1
47085 0
47087 0
47100 0
47101 1
47105 0
47109 1
47116 1
47117 1
47122 0
47124 0
47130 1
47139 1
47142 0
47147 0
47150 1
47151 0
47153 1
47155 0
47160 0
47164 0
47176 0
47196 1
47197 1
47206 0
47219 1
47234 1
47239 1
47248 1
47255 1
47266 0
47272 0
47279 1
47285 1
47293 1
47294 0
47306 0
47307 1
47311 0
47326 0
47334 0
47339 1
47353 1
47357 0
47361 0
47370 0
47377 1
47386 1
47394 1
47405 0
47420 1
47424 1
47433 1
47435 0
47437 0
47442 0
47456 0
47462 1
47471 0
47478 0
47484 1
47490 0
47492 1
47501 0
47515 0
47518 0
47524 0
47528 0
47530 0
47539 1
47554 1
47566 0
47579 1
47580 1
47589 0
47605 0
47607 1
47612 0
47614 0
47622 1
47625 1
47640 0
47645 1
47656 0
47668 1
47682 1
47687 0
47701 1
47707 0
47708 0
47719 1
47733 0
47745 1
47756 1
47760 1
47774 0
47778 0
47780 1
47792 0
47795 1
47800 0
47807 1
47816 0
47828 1
47833 0
47839 0
47842 1
47850 1
47859 0
47865 0
47878 1
47883 0
47889 1
47897 1
47905 0
47916 0
47924 1
47928 1
47939 1
47942 0
47955 1
47956 1
47967 1
47982 0
47986 0
47988 1
48003 0
48014 0
48018 1
48031 0
48038 1
48039 0
48045 1
48056 0
48061 1
48078 1
48084 0
48090 0
48096 0
48111 1
48125 1
48140 1
48154 0
48157 1
48162 0
48169 0
48173 0
48188 0
48200 0
48209 0
48220 1
48234 1
48236 1
48240 0
48244 0
48252 0
48257 1
48286 1
48288 1
48297 1
48306 0
48309 0
48321 1
48328 0
48335 0
48336 1
48351 0
48352 1
48356 1
48370 0
48379 0
48380 0
48381 1
48396 0
48407 1
48422 0
48426 0
48434 1
48442 1
48445 0
48451 1
48456 0
48462 1
48463 1
48465 1
48478 0
48482 1
48493 1
48495 1
48501 1
48504 0
48519 1
48532 0
48545 1
48560 1
48566 1
48579 0
48592 0
48607 0
48612 1
48621 1
48629 1
48636 0
48648 1
48662 1
48664 1
48667 0
48675 1
48678 0
48693 0
48695 0
48703 1
48716 0
48724 1
48731 0
48745 0
48748 1
48754 0
48768 0
48780 1
48781 0
48789 0
48804 0
48807 0
48808 0
48822 0
48828 0
48837 1
48849 0
48853 1
48858 0
48865 0
48879 1
48887 0
48895 1
48907 0
48918 0
48923 0
48935 0
48936 1
48938 0
48951 1
48953 0
48960 1
48975 0
48981 1
48987 1
48994 0
49006 0
49021 0
49025 1
49036 1
49038 0
49051 1
49057 0
49064 1
49075 0
49079 1
49092 0
49098 0
49112 1
49120 0
49134 0
49141 0
49149 0
49151 0
49165 0
49172 0
49173 1
49185 1
49194 0
49207 1
49222 1
49225 1
49238 1
49240 1
49254 0
49261 0
49269 0
49281 0
49295 0
49309 1
49314 1
49322 1
49331 1
49340 0
49347 0
49355 1
49359 1
49360 1
49371 1
49384 0
49385 1
49390 0
49398 1
49411 0
49415 0
49420 0
49435 0
49449 0
49457 0
49466 0
49480 0
49487 1
49496 1
49497 1
49500 1
49504 0
49517 0
49523 0
49536 0
49544 0
49546 1
49547 0
49552 0
49554 0
49567 1
49576 0
49588 0
49601 0
49603 0
49607 0
49610 1
49611 1
49619 1
49620 1
49621 1
49634 1
49649 1
49664 1
49672 1
49675 1
49677 0
49684 0
49686 1
49701 0
49707 1
49712 0
49721 0
49727 1
49746 0
49761 0
49769 1
49784 0
49793 0
49807 0
49815 0
49818 1
49830 0
49848 1
49856 0
49870 1
49873 1
49875 1
49888 1
49896 0
49916 0
49927 0
49941 1
49949 1
49960 1
49967 1
49976 1
49982 0
49995 1
50007 1
50013 1
50027 0
50033 1
50040 0
50045 1
50053 0
50056 0
50065 0
50073 0
50076 0
50087 1
50093 1
50094 0
50099 0
50114 0
50115 0
50121 1
50133 0
50139 1
50148 0
50162 1
50177 1
50179 0
50188 0
50193 1
50200 1
50205 1
50218 1
50230 1
50244 0
50246 1
50249 1
50252 0
50266 0
50278 0
50290 1
50295 0
50306 0
50314 1
50317 0
50318 1
50320 0
50334 1
50341 1
50355 1
50370 1
50383 0
50396 1
50408 0
50416 1
50435 0
50441 0
50446 1
50458 1
50463 0
50487 0
50494 0
50506 1
50520 0
50534 0
50536 1
50538 0
50553 1
50564 0
50570 0
50584 1
50585 1
50591 0
50609 0
50610 0
50621 0
50633 0
50635 0
50647 0
50662 1
50671 0
50677 1
50688 1
50694 1
50701 1
50716 0
50723 1
50727 0
50741 0
50752 0
50756 1
50761 1
50777 0
50778 1
50790 0
50801 1
50813 0
50814 1
50817 1
50830 0
50832 0
50844 1
50849 1
50853 1
50864 0
50873 0
50884 1
50891 0
50897 0
50898 0
50906 1
50919 0
50921 0
50933 0
50934 1
50945 0
50948 1
50949 1
50958 1
50967 1
50976 0
50994 0
51008 1
51011 1
51025 1
51031 0
51037 1
51044 0
51059 1
51066 1
51077 0
51090 0
51093 0
51094 1
51109 1
51110 0
51121 1
51124 1
51135 1
51142 0
51153 1
51162 1
51177 1
51183 0
51186 0
51194 0
51205 1
51211 1
51218 0
51223 0
51228 0
51242 0
51253 1
51260 1
51265 1
51266 0
51278 0
51285 1
51290 0
51299 0
51300 0
51306 1
51307 1
51314 0
51315 0
51322 0
51331 1
51336 0
51340 1
51341 1
51343 1
51350 0
51365 0
51371 1
51373 1
51378 1
51386 1
51393 0
51400 1
51407 1
51409 0
51415 0
51423 1
51429 1
51441 1
51442 0
51454 0
51455 0
51459 1
51468 0
51479 0
51490 1
51491 1
51496 0
51503 0
51512 0
51523 1
51527 1
51539 1
51541 0
51556 0
51563 1
51571 0
51574 0
51581 1
51589 1
51604 0
51615 0
51628 0
51643 0
51649 1
51660 1
51669 1
51678 1
51691 1
51697 1
51705 1
51720 0
51722 0
51737 0
51748 0
51752 0
51764 1
51771 0
51779 0
51780 0
51793 0
51802 0
51804 1
51818 1
51832 0
51843 1
51854 0
51865 0
51878 1
51879 1
51882 1
51893 0
51898 1
51900 1
51901 0
51912 0
51914 0
51929 0
51933 0
51938 0
51949 0
51956 0
51959 1
51967 0
51979 1
51991 1
52005 0
52017 1
52032 1
52040 1
52042 1
52057 1
52062 1
52076 1
52083 0
52084 1
52085 0
52093 0
52108 0
52116 1
52125 1
52131 0
52140 1
52147 0
52152 0
52167 1
52179 0
52192 0
52195 1
52206 1
52219 1
52231 0
52242 1
52254 1
52258 0
52261 0
52265 0
52273 0
52278 0
52286 0
52298 0
52313 1
52314 0
52329 0
52344 1
52351 0
52360 0
52365 1
52372 1
52387 0
52394 0
52409 1
52413 1
52415 0
52430 0
52444 0
52455 0
52460 0
52463 0
52464 1
52466 0
52481 1
52490 0
52496 0
52497 1
52508 1
52520 1
52535 1
52550 0
52565 0
52574 1
52587 1
52588 0
52589 1
52595 0
52600 1
52611 0
52624 1
52644 1
52652 0
52658 0
52666 1
52677 0
52681 0
52695 0
52707 0
52719 0
52721 0
52726 0
52727 0
52736 1
52742 0
52756 1
52760 0
52769 1
52782 0
52788 1
52791 1
52800 1
52814 0
52829 1
52842 1
52849 1
52851 1
52854 0
52865 1
52872 1
52878 1
52893 0
52894 1
52906 0
52918 0
52920 0
52931 1
52935 1
52944 0
52956 0
52965 1
52977 1
52983 0
52984 0
52991 0
52998 1
53022 1
53027 1
53033 1
53048 0
53054 0
53068 0
53081 1
53086 0
53095 0
53102 1
53110 1
53117 1
53128 0
53137 1
53156 0
53168 0
53181 0
53195 1
53202 0
53203 0
53209 0
53217 0
53228 1
53230 0
53236 0
53239 1
53242 0
53256 1
53268 0
53271 0
53278 0
53290 1
53295 0
53304 0
53317 0
53326 0
53332 1
53347 0
53353 0
53358 0
53359 1
53361 0
53366 1
53388 0
53400 0
53413 0
53426 1
53430 1
53431 0
53436 1
53450 1
53455 1
53459 0
53470 0
53478 1
53479 1
53485 1
53487 1
53493 1
53498 1
53504 1
53511 1
53526 0
53531 1
53538 0
53542 1
53545 1
53549 0
53558 1
53573 0
53586 1
53599 1
53608 1
53612 1
53619 0
53628 0
53630 1
53642 0
53645 0
53654 0
53663 1
53666 1
53672 1
53677 1
53679 1
53685 1
53696 1
53704 1
53719 0
53722 1
53725 1
53738 0
53746 0
53758 1
53767 0
53780 0
53793 1
53797 0
53805 0
53808 0
53820 1
53822 0
53826 1
53827 0
53833 0
53848 1
53855 1
53863 1
53870 0
53876 0
53880 0
53884 0
53888 1
53897 1
53902 0
53906 1
53914 0
53933 1
53939 0
53948 1
53961 0
53967 0
53968 0
53969 0
53982 1
53991 1
54005 1
54013 0
54019 1
54034 0
54041 0
54053 1
54059 1
54074 1
54077 1
54080 0
54095 1
54099 1
54100 0
54112 0
54115 0
54116 1
54129 0
54144 0
54153 1
54165 0
54177 1
54179 1
54183 1
54189 0
54201 0
54208 1
54222 0
54228 0
54229 0
54238 1
54250 0
54251 0
54260 1
54272 1
54284 1
54286 1
54297 1
54301 1
54309 0
54316 1
54328 1
54329 0
54334 0
54342 0
54351 1
54363 1
54375 1
54383 0
54389 0
54400 1
54407 1
54410 1
54417 0
54422 0
54424 0
54438 1
54446 0
54460 1
54461 1
54467 1
54469 1
54472 1
54480 1
54487 0
54501 1
54508 0
54515 0
54528 0
54531 0
54543 0
54551 0
54558 1
54566 1
54578 1
54579 0
54587 1
54590 1
54597 1
54605 0
54609 1
54621 0
54622 0
54629 1
54641 1
54650 1
54652 0
54658 1
54659 0
54674 0
54685 0
54697 0
54708 0
54715 0
54728 1
54735 1
54744 0
54752 0
54764 0
54772 1
54785 0
54792 1
54794 1
54800 1
54806 1
54815 1
54816 1
54819 0
54831 1
54839 1
54847 1
54848 1
54861 0
54874 1
54881 0
54893 0
54894 1
54899 1
54900 1
54925 0
54927 1
54928 0
54932 0
54940 1
54955 1
54964 1
54969 0
54987 1
54998 1
55007 1
55021 1
55027 1
55029 0
55031 1
55036 0
55047 0
55050 1
55062 0
55074 1
55080 1
55088 0
55096 1
55108 1
55115 1
55122 1
55137 0
55138 0
55152 0
55154 1
55163 0
55168 0
55174 0
55189 1
55202 1
55210 1
55223 0
55229 1
55232 0
55236 1
55251 0
55256 0
55258 1
55272 1
55279 1
55281 1
55290 0
55302 0
55316 1
55320 0
55327 0
55332 1
55352 0
55367 0
55368 1
55383 0
55385 1
55398 1
55409 1
55411 1
55426 1
55431 1
55436 0
55447 1
55449 0
55463 1
55474 0
55483 1
55485 0
55491 0
55509 1
55521 0
55526 0
55533 1
55548 1
55563 1
55566 1
55580 1
55587 0
55598 0
55603 1
55615 1
55623 1
55638 1
55639 0
55652 1
55667 1
55676 1
55690 1
55696 1
55699 0
55704 1
55711 1
55726 1
55737 0
55740 0
55745 0
55746 1
55754 1
55757 1
55769 1
55771 0
55785 1
55796 1
55811 1
55812 1
55823 1
55829 0
55830 0
55841 0
55847 1
55852 0
55860 1
55864 0
55873 0
55877 0
55884 0
55893 1
55901 0
55909 1
55921 1
55922 1
55924 1
55931 0
55942 1
55946 1
55953 0
55954 0
55968 1
55972 1
55980 1
55992 1
56007 1
56019 0
56028 1
56032 1
56038 0
56051 1
56066 1
56077 0
56081 1
56088 1
56097 1
56112 1
56121 1
56135 1
56141 0
56162 0
56174 0
56182 0
56184 0
56197 1
56211 1
56223 0
56236 1
56237 0
56249 0
56263 1
56275 0
56280 1
56288 1
56293 1
56297 1
56305 1
56319 1
56332 1
56337 0
56344 1
56355 1
56367 0
56382 1
56394 0
56403 0
56410 0
56424 1
56435 0
56437 0
56449 1
56453 1
56462 0
56481 1
56487 0
56492 0
56500 1
56504 1
56506 0
56519 1
56520 0
56532 1
56536 1
56537 1
56549 0
56562 1
56565 1
56569 1
56574 1
56580 0
56589 0
56594 1
56598 1
56612 0
56620 1
56627 0
56628 0
56643 1
56645 0
56649 0
56655 1
56666 1
56671 0
56680 0
56681 0
56694 0
56708 1
56715 0
56733 0
56748 0
56756 1
56770 0
56784 1
56796 1
56803 1
56815 1
56829 1
56844 0
56857 0
56858 0
56859 1
56861 1
56873 0
56895 1
56896 1
56908 0
56914 1
56922 1
56927 1
56930 1
56936 0
56945 1
56953 1
56960 0
56961 1
56976 0
56985 0
56989 0
56994 0
57002 1
57010 1
57021 0
57023 1
57034 1
57045 1
57054 1
57063 1
57077 0
57080 1
57086 0
57095 0
57107 0
57112 1
57120 1
57124 0
57128 0
57136 1
57144 1
57157 0
57172 0
57173 1
57179 0
57187 0
57191 1
57195 1
57222 0
57234 0
57249 0
57254 1
57266 1
57281 1
57296 1
57310 1
57317 1
57321 0
57326 1
57332 0
57338 1
57340 1
57344 1
57347 1
57358 0
57367 0
57375 1
57388 0
57390 1
57401 0
57402 1
57408 0
57421 0
57433 1
57448 1
57457 0
57470 0
57473 1
57478 0
57482 1
57493 1
57495 1
57498 0
57513 0
57519 0
57532 1
57543 1
57545 0
57560 1
57565 0
57580 1
57582 0
57591 0
57602 1
57616 0
57624 1
57631 0
57645 1
57653 1
57666 0
57670 1
57674 1
57683 1
57688 1
57694 1
57709 1
57723 0
57732 0
57740 0
57753 1
57764 0
57768 1
57772 1
57773 0
57786 1
57788 1
57797 1
57808 1
57820 0
57825 1
57827 1
57832 1
57839 0
57866 1
57867 0
57879 1
57884 0
57890 1
57913 1
57920 1
57932 1
57941 1
57942 0
57944 1
57949 0
57952 0
57978 1
57993 0
58006 0
58011 1
58020 0
58032 0
58036 1
58048 1
58051 1
58060 1
58066 0
58079 0
58081 1
58086 1
58093 1
58102 1
58111 1
58120 1
58134 0
58135 1
58147 0
58155 1
58156 0
58169 1
58183 0
58184 0
58197 0
58204 0
58216 1
58217 1
58232 1
58245 0
58258 1
58271 1
58286 0
58298 0
58311 0
58318 1
58326 0
58334 1
58340 0
58355 0
58359 1
58372 0
58376 1
58387 1
58401 1
58410 1
58424 1
58439 0
58446 1
58448 1
58453 1
58461 0
58464 1
58468 0
58471 0
58479 1
58492 0
58506 1
58511 1
58513 0
58517 0
58526 1
58537 1
58545 1
58560 1
58574 1
58589 0
58592 0
58595 1
58607 1
58621 1
58634 0
58646 0
58652 0
58655 1
58669 1
58681 0
58682 1
58686 0
58691 1
58692 1
58703 1
58718 1
58719 0
58731 1
58745 0
58757 0
58766 0
58775 0
58789 0
58792 1
58800 1
58813 0
58828 0
58832 1
58833 0
58841 0
58855 1
58857 0
58859 1
58873 1
58878 0
58893 1
58905 0
58914 1
58928 0
58940 0
58946 0
58955 0
58966 1
58978 0
58984 1
58987 0
58991 1
58993 1
59001 0
59005 1
59018 1
59024 0
59030 1
59033 0
59037 0
59044 1
59049 0
59053 0
59066 0
59081 0
59082 1
59085 1
59093 0
59107 1
59112 0
59118 0
59120 1
59123 1
59135 0
59137 1
59140 1
59153 1
59156 0
59171 1
59177 0
59186 0
59194 1
59203 0
59207 0
59216 1
59228 1
59241 1
59244 0
59255 1
59257 0
59263 0
59277 1
59279 1
59282 1
59290 1
59305 1
59314 1
59316 1
59331 1
59346 1
59353 0
59380 0
59394 0
59397 0
59411 1
59417 0
59422 0
59430 1
59455 1
59470 1
59482 1
59489 1
59503 1
59510 0
59525 1
59526 0
59527 1
59531 0
59536 1
59548 1
59570 1
59576 1
59591 1
59597 0
59598 1
59602 1
59610 1
59618 1
59622 1
59629 0
59641 0
59655 0
59663 1
59678 1
59685 0
59690 0
59704 1
59708 0
59721 0
59728 1
59729 1
59737 0
59752 1
59761 0
59774 1
59777 0
59778 0
59786 0
59800 0
59807 1
59815 0
59821 0
59824 1
59829 1
59837 1
59842 1
59853 1
59858 1
59873 0
59880 0
59888 0
59902 0
59907 1
59908 0
59920 1
59923 0
59925 1
59940 0
59949 0
59950 1
59965 0
59980 1
59993 1
59999 1
60000 1
60004 0
60019 0
60024 1
60036 0
60038 0
60046 0
60048 0
60063 1
60071 1
60079 1
60094 0
60097 0
60108 1
60114 1
60125 0
60139 1
60145 0
60146 1
60147 0
60158 0
60169 1
60173 1
60188 1
60189 1
60202 1
60210 1
60221 0
60230 1
60238 0
60243 0
60255 1
60269 0
60274 1
60275 1
60281 1
60294 0
60299 1
60305 1
60319 1
60322 1
60333 0
60346 0
60348 1
60359 1
60368 1
60370 1
60375 1
60388 1
60402 0
60415 0
60426 0
60429 1
60435 1
60444 0
60450 0
60457 0
60461 1
60466 0
60474 1
60478 0
60490 1
60505 1
60511 1
60514 1
60518 0
60529 1
60557 0
60561 0
60566 0
60577 1
60584 1
60592 1
60597 1
60609 1
60618 1
60632 1
60633 0
60634 0
60637 1
60645 0
60656 1
60663 0
60675 1
60690 0
60695 1
60706 1
60712 1
60716 0
60720 0
60727 0
60742 0
60756 1
60759 1
60767 0
60772 0
60776 1
60785 0
60799 0
60806 1
60814 1
60817 0
60821 0
60836 1
60848 1
60856 1
60857 0
60870 1
60874 1
60885 0
60891 0
60895 1
60898 1
60903 1
60906 0
60912 1
60925 0
60932 0
60941 1
60954 1
60956 1
60960 1
60972 0
60976 0
60990 1
60991 1
60994 1
61008 1
61014 1
61019 0
61031 1
61042 0
61057 1
61070 0
61077 0
61081 1
61095 0
61106 1
61110 0
61114 1
61129 0
61133 1
61141 0
61156 1
61170 0
61171 0
61180 0
61191 1
61200 0
61204 0
61210 0
61221 1
61227 1
61229 1
61241 0
61255 1
61262 1
61270 1
61284 1
61285 1
61286 1
61300 1
61309 1
61317 1
61326 0
61328 0
61335 1
61339 0
61351 1
61357 1
61371 0
61382 1
61396 0
61410 1
61414 1
61426 1
61438 1
61451 1
61453 0
61455 0
61468 0
61476 1
61485 0
61496 0
61501 1
61512 0
61529 0
61544 1
61558 0
61564 1
61566 0
61572 1
61577 0
61584 1
61590 0
61599 1
61606 0
61615 1
61617 1
61625 0
61626 0
61633 0
61640 1
61651 0
61666 1
61668 1
61672 1
61679 0
61688 0
61701 1
61716 0
61723 0
61737 0
61738 0
61746 0
61753 1
61768 1
61775 1
61787 0
61801 0
61808 0
61813 0
61821 1
61822 0
61836 1
61838 1
61843 0
61855 0
61863 1
61876 0
61890 1
61891 0
61904 1
61915 0
61924 0
61938 1
61940 1
61954 1
61969 1
61982 0
61990 0
61992 1
61999 0
62004 0
62008 0
62020 0
62033 1
62039 0
62045 0
62063 1
62069 0
62077 0
62086 0
62100 1
62115 0
62122 1
62126 1
62132 1
62134 0
62136 1
62147 0
62152 1
62153 0
62157 1
62168 1
62173 0
62186 0
62193 0
62199 1
62207 0
62211 1
62218 0
62233 0
62235 1
62248 1
62250 0
62263 1
62272 1
62277 1
62291 1
62296 1
62302 0
62308 0
62310 1
62317 1
62332 1
62335 1
62341 1
62347 0
62350 1
62351 1
62358 0
62369 1
62374 1
62379 1
62388 0
62393 1
62394 1
62402 0
62411 1
62424 0
62437 0
62449 0
62462 1
62467 0
62468 0
62471 1
62476 0
62489 0
62493 0
62506 0
62521 0
62529 0
62538 1
62544 1
62557 1
62559 1
62565 1
62577 1
62581 0
62593 0
62601 1
62604 0
62616 0
62630 1
62637 1
62643 0
62666 0
62678 0
62689 0
62696 1
62707 0
62710 0
62723 1
62737 0
62749 1
62753 1
62762 1
62770 0
62784 1
62793 0
62795 1
62809 0
62822 1
62823 1
62827 0
62830 1
62845 1
62849 1
62859 0
62868 1
62882 1
62891 1
62905 0
62910 0
62912 1
62923 0
62936 0
62937 1
62952 1
62966 1
62972 0
63001 0
63013 0
63021 1
63027 0
63028 0
63039 1
63064 1
63068 0
63081 1
63085 1
63098 1
63111 1
63124 1
63127 1
63140 1
63153 1
63159 0
63174 1
63176 1
63178 1
63185 1
63186 0
63189 1
63190 0
63193 1
63206 0
63209 0
63220 1
63225 1
63230 1
63241 0
63244 1
63249 1
63255 0
63274 1
63282 0
63290 0
63298 0
63310 1
63318 1
63320 0
63324 0
63329 0
63344 0
63348 0
63349 1
63357 1
63360 1
63372 1
63374 1
63378 0
63393 0
63399 0
63414 0
63420 0
63434 1
63447 1
63450 0
63464 1
63473 0
63480 1
63482 0
63493 0
63498 0
63511 1
63517 1
63520 0
63526 1
63540 1
63547 0
63554 1
63555 0
63559 1
63563 0
63571 0
63576 0
63578 1
63584 0
63596 1
63599 0
63610 0
63621 0
63635 0
63638 0
63640 1
63644 1
63651 1
63664 1
63676 0
63687 1
63691 1
63703 1
63712 1
63721 0
63730 1
63738 1
63739 1
63747 1
63759 0
63772 1
63777 0
63789 0
63801 1
63802 1
63815 0
63817 0
63821 0
63834 0
63838 0
63842 1
63850 1
63856 1
63860 0
63865 1
63872 1
63885 1
63887 1
63898 0
63907 0
63919 1
63928 1
63930 0
63932 1
63945 1
63966 0
63978 1
63989 0
64002 0
64011 1
64024 1
64030 0
64041 0
64055 0
64069 0
64081 1
64084 0
64093 0
64101 1
64107 0
64118 1
64127 1
64129 0
64136 1
64141 1
64150 0
64163 1
64164 1
64176 0
64188 1
64193 1
64202 1
64204 1
64213 0
64227 0
64232 1
64243 1
64258 0
64271 1
64286 1
64292 1
64297 0
64305 0
64307 0
64320 1
64321 1
64332 0
64334 0
64335 1
64336 0
64349 0
64350 0
64351 1
64366 1
64379 0
64392 1
64395 1
64409 1
64417 0
64424 0
64439 1
64454 0
64465 1
64478 0
64479 0
64481 1
64488 0
64492 1
64503 0
64514 0
64528 1
64531 1
64540 1
64548 1
64549 1
64552 1
64556 0
64558 0
64560 0
64568 0
64576 1
64580 0
64581 1
64582 1
64585 0
64588 1
64592 1
64607 0
64611 0
64619 1
64620 0
64631 1
64646 0
64657 1
64671 1
64676 1
64678 1
64683 0
64692 0
64698 1
64709 0
64721 0
64726 1
64734 0
64755 0
64760 0
64772 0
64774 1
64786 0
64798 1
64806 0
64807 1
64815 0
64826 0
64839 1
64853 0
64862 1
64868 1
64882 1
64884 1
64888 0
64895 0
64906 0
64921 1
64922 0
64937 0
64941 0
64949 1
64958 1
64967 1
64975 0
64990 0
64991 1
64996 1
65002 1
65003 0
65018 1
65027 0
65041 1
65044 0
65045 0
65049 0
65053 1
65061 1
65064 1
65072 0
65075 0
65078 1
65082 0
65096 1
65105 0
65114 1
65123 0
65139 1
65144 0
65147 1
65156 0
65169 0
65173 1
65178 0
65181 1
65187 1
65199 1
65205 0
65220 0
65231 1
65237 0
65240 1
65248 0
65256 1
65285 1
65296 1
65300 0
65314 1
65321 0
65322 1
65326 0
65335 0
65340 0
65352 1
65360 0
65365 1
65374 0
65376 1
65389 0
65390 0
65399 0
65405 1
65408 0
65409 1
65422 0
65425 1
65438 1
65441 1
65454 1
65467 1
65475 0
65490 0
65495 0
65503 1
65507 1
65519 0
65520 1
65532 1
65544 0
65546 1
65548 0
65549 1
65561 1
65563 1
65577 0
65579 0
65593 0
65598 1
65611 1
65624 1
65625 0
65638 0
65653 0
65668 0
65674 1
65676 0
65689 1
65700 0
65705 0
65714 0
65719 0
65728 0
65741 0
65752 1
65761 1
65765 0
65779 0
65792 0
65801 0
65804 0
65818 1
65822 0
65836 0
65840 1
65844 1
65847 1
65855 1
65857 1
65866 1
65872 0
65878 1
65884 0
65897 0
65908 1
65912 0
65916 0
65927 1
65936 1
65937 1
65940 0
65949 0
65955 0
65970 1
65979 1
65983 0
65985 0
66013 0
66028 1
66042 1
66045 1
66051 0
66064 0
66075 1
66087 0
66094 1
66103 1
66108 0
66122 0
66137 0
66138 1
66139 0
66152 0
66153 1
66167 0
66173 0
66188 1
66199 0
66213 0
66218 0
66233 0
66245 1
66259 0
66262 1
66276 1
66287 0
66289 1
66293 0
66300 1
66314 0
66329 0
66335 1
66338 0
66339 1
66353 0
66355 1
66361 0
66382 1
66389 0
66396 0
66403 1
66414 1
66429 1
66444 1
66451 0
66466 1
66480 1
66492 1
66505 0
66510 1
66511 1
66518 1
66529 1
66544 1
66551 1
66560 1
66564 1
66568 1
66575 0
66584 0
66598 0
66604 0
66617 0
66629 0
66632 0
66634 0
66643 1
66655 1
66669 0
66683 1
66684 1
66695 1
66709 0
66714 1
66717 0
66718 0
66719 1
66730 0
66743 0
66748 0
66749 0
66763 1
66770 0
66777 1
66790 0
66795 0
66801 0
66814 0
66820 0
66821 0
66836 1
66848 1
66850 1
66858 0
66866 0
66877 1
66882 1
66887 1
66895 0
66908 0
66912 0
66913 0
66919 0
66922 0
66936 0
66940 1
66951 1
66953 1
66961 0
66972 1
66980 0
66989 0
66996 0
67004 0
67006 1
67007 0
67012 0
67021 0
67022 1
67034 1
67048 1
67050 1
67064 1
67066 1
67068 0
67069 0
67084 0
67099 0
67103 1
67104 1
67117 1
67126 0
67141 0
67155 1
67160 0
67164 0
67172 0
67174 0
67185 0
67197 0
67209 0
67210 1
67221 0
67226 1
67229 1
67244 1
67252 0
67257 1
67268 1
67272 1
67299 1
67303 1
67315 1
67324 0
67332 0
67344 1
67356 1
67371 1
67379 1
67387 1
67401 0
67415 0
67423 1
67446 1
67450 0
67457 0
67463 1
67465 1
67473 1
67485 1
67496 1
67505 0
67517 0
67528 1
67539 1
67546 0
67553 0
67564 0
67571 0
67585 0
67589 1
67604 0
67607 1
67613 0
67621 1
67629 1
67637 1
67640 0
67641 0
67645 1
67653 0
67664 1
67670 0
67700 0
67705 0
67714 0
67721 0
67724 0
67736 0
67741 1
67754 1
67769 1
67780 0
67791 0
67799 1
67814 0
67819 0
67820 1
67826 1
67828 0
67833 1
67837 0
67851 0
67862 0
67877 0
67878 0
67879 1
67883 0
67897 1
67898 1
67901 1
67904 0
67906 1
67908 1
67923 0
67924 1
67928 0
67935 1
67940 1
67952 1
67966 0
67972 1
67980 1
67995 1
68001 1
68008 0
68013 0
68020 1
68024 0
68035 0
68044 1
68057 1
68069 0
68082 0
68090 0
68097 0
68105 1
68114 1
68122 0
68142 1
68145 1
68158 1
68164 1
68176 0
68182 0
68186 0
68192 1
68203 1
68211 0
68219 0
68232 1
68240 0
68248 1
68253 0
68264 0
68276 1
68285 0
68290 1
68299 0
68312 1
68321 0
68332 1
68335 1
68340 0
68341 0
68349 0
68350 1
68362 1
68377 0
68392 0
68395 1
68396 0
68410 1
68411 0
68422 0
68423 0
68438 0
68443 1
68456 1
68463 1
68478 0
68486 0
68493 1
68505 0
68517 0
68528 0
68530 0
68536 1
68542 1
68547 0
68556 0
68560 1
68574 0
68585 0
68597 1
68603 1
68617 0
68630 1
68638 1
68652 1
68663 1
68671 1
68680 1
68682 1
68689 0
68698 0
68703 1
68709 1
68713 1
68721 0
68735 1
68739 1
68743 1
68749 0
68752 0
68759 0
68772 1
68781 1
68784 1
68785 0
68787 0
68789 1
68796 0
68808 0
68816 0
68828 1
68836 0
68844 0
68848 0
68859 0
68868 1
68871 1
68875 0
68888 0
68895 0
68896 1
68898 1
68901 1
68902 0
68913 0
68928 1
68930 1
68933 1
68937 1
68940 1
68942 1
68955 0
68970 0
68974 1
68976 0
68981 1
68989 0
69003 1
69011 1
69024 1
69039 1
69046 1
69047 0
69050 1
69054 0
69066 1
69078 1
69092 1
69094 0
69099 0
69100 1
69113 0
69125 0
69127 1
69130 1
69153 0
69161 0
69176 0
69182 0
69187 1
69209 1
69215 1
69221 1
69222 0
69226 1
69231 0
69232 0
69248 1
69254 1
69269 1
69271 0
69285 1
69300 1
69303 1
69317 0
69325 0
69329 0
69341 0
69349 1
69364 1
69367 1
69369 0
69384 1
69391 1
69399 0
69404 0
69409 0
69420 1
69435 0
69440 0
69455 1
69467 1
69481 1
69496 1
69505 0
69520 1
69529 1
69544 1
69553 0
69556 0
69565 1
69572 1
69580 0
69583 0
69590 0
69603 0
69604 1
69616 1
69618 0
69629 1
69637 0
69648 0
69662 1
69668 1
69669 1
69674 1
69676 1
69689 1
69691 0
69700 0
69712 0
69719 1
69725 1
69727 1
69729 0
69741 1
69744 0
69748 1
69762 0
69771 0
69777 1
69794 1
69805 1
69816 0
69830 0
69844 1
69850 1
69855 1
69860 0
69868 1
69888 1
69894 0
69910 0
69919 1
69922 0
69935 0
69942 1
69950 0
69967 1
69981 0
69989 1
69998 0
70010 0
70017 0
70019 1
70024 1
70031 0
70043 1
70050 0
70054 0
70061 0
70063 0
70078 1
70086 1
70094 0
70105 1
70114 1
70123 1
70129 1
70135 0
70148 1
70160 1
70171 0
70174 0
70182 0
70190 1
70204 1
70218 0
70219 0
70222 0
70223 0
70225 1
70230 1
70231 1
70237 1
70243 0
70248 1
70250 0
70254 1
70262 0
70269 1
70276 0
70282 1
70290 1
70297 0
70309 1
70311 1
70312 1
70319 1
70332 1
70335 1
70340 0
70354 0
70367 0
70375 0
70378 0
70392 0
70393 0
70406 0
70421 0
70426 0
70438 0
70451 1
70456 0
70465 1
70478 1
70486 1
70498 1
70500 0
70509 0
70521 1
70527 1
70533 0
70546 1
70550 1
70551 0
70558 0
70564 0
70565 1
70569 0
70583 1
70590 1
70592 1
70605 0
70617 0
70622 0
70626 1
70631 0
70640 1
70648 0
70653 0
70655 0
70664 0
70665 0
70668 0
70670 1
70675 0
70677 0
70688 1
70696 0
70700 1
70703 1
70714 0
70723 1
70736 0
70745 1
70760 0
70764 0
70775 0
70783 0
70789 0
70796 1
70802 1
70804 1
70817 0
70818 0
70827 1
70842 0
70853 0
70867 1
70880 0
70884 1
70888 0
70889 0
70901 1
70909 1
70923 0
70925 1
70939 0
70947 0
70961 1
70972 1
70985 0
70993 1
71020 1
71022 0
71034 0
71035 0
71042 1
71063 0
71075 0
71087 0
71093 0
71105 0
71117 1
71119 1
71132 0
71143 0
71150 1
71152 1
71156 1
71167 0
71182 1
71187 0
71191 1
71202 0
71213 0
71216 1
71231 1
71234 1
71235 1
71247 0
71248 1
71253 0
71268 0
71269 0
71291 0
71306 1
71317 1
71318 1
71331 0
71333 1
71339 1
71342 0
71346 0
71353 0
71368 0
71373 1
71375 0
71380 0
71395 0
71396 1
71397 0
71400 1
71415 1
71428 0
71436 1
71445 0
71452 1
71473 1
71477 1
71483 1
71494 0
71500 1
71512 1
71517 0
71531 1
71545 0
71554 0
71560 0
71563 0
71564 1
71571 0
71572 1
71586 0
71593 1
71598 0
71604 1
71606 0
71619 0
71625 0
71637 1
71644 1
71652 1
71656 1
71661 1
71665 0
71672 0
71681 0
71693 0
71696 0
71710 1
71721 1
71724 1
71736 1
71748 1
71755 1
71759 0
71761 1
71772 1
71786 0
71788 1
71789 0
71792 1
71798 0
71809 0
71812 0
71820 0
71831 0
71835 1
71842 1
71853 0
71866 1
71871 1
71883 1
71897 1
71906 1
71917 0
71925 1
71940 0
71945 0
71947 1
71959 1
71961 0
71966 0
71973 0
71984 0
71991 1
71993 1
71997 0
72005 0
72006 1
72011 0
72015 1
72026 1
72033 1
72045 0
72051 1
72056 1
72057 1
72060 1
72065 0
72069 1
72083 0
72084 0
72098 0
72101 1
72104 1
72107 1
72122 1
72130 0
72139 1
72153 1
72165 1
72167 1
72173 1
72185 0
72189 1
72190 1
72194 0
72201 0
72212 0
72214 0
72220 1
72226 1
72237 1
72245 1
72249 1
72262 0
72267 1
72276 0
72290 0
72294 1
72296 0
72305 1
72311 0
72314 1
72328 0
72335 0
72342 0
72346 1
72351 0
72357 0
72361 1
72369 1
72374 1
72377 1
72386 0
72392 0
72395 1
72398 0
72403 1
72415 1
72419 1
72434 0
72443 1
72468 1
72482 0
72493 1
72501 1
72503 1
72507 0
72512 1
72518 0
72520 0
72523 1
72538 0
72547 0
72558 0
72562 0
72573 0
72574 0
72589 1
72590 1
72597 1
72611 0
72620 0
72623 0
72636 1
72645 1
72646 0
72661 1
72666 0
72667 1
72682 0
72695 1
72703 0
72710 1
72717 0
72718 1
72725 1
72731 0
72732 0
72746 1
72755 0
72759 1
72763 0
72774 0
72776 1
72779 1
72792 0
72800 0
72813 0
72825 1
72826 1
72831 0
72838 0
72851 0
72854 1
72859 0
72868 0
72874 1
72886 1
72889 0
72904 1
72918 0
72931 1
72937 1
72941 0
72950 0
72953 1
72964 0
72976 0
72982 1
72997 0
73010 1
73011 0
73022 1
73031 1
73036 0
73047 0
73052 0
73060 0
73062 1
73075 1
73077 1
73090 1
73097 0
73104 0
73105 0
73108 0
73114 1
73123 1
73136 1
73137 1
73142 0
73144 0
73152 0
73157 1
73163 0
73164 0
73165 0
73171 0
73173 0
73187 0
73199 0
73214 1
73226 0
73230 1
73239 1
73241 0
73250 0
73262 0
73269 1
73270 0
73276 0
73291 1
73294 0
73305 0
73320 0
73326 1
73327 0
73332 1
73340 1
73343 1
73351 1
73352 1
73363 1
73370 0
73372 0
73386 0
73388 1
73402 1
73415 0
73417 0
73428 1
73436 1
73441 1
73447 1
73456 0
73460 1
73461 1
73474 1
73481 1
73488 1
73495 1
73508 1
73519 1
73534 0
73538 1
73543 0
73547 0
73559 1
73571 0
73573 0
73579 0
73583 1
73592 1
73599 0
73613 0
73626 0
73628 0
73640 1
73644 1
73659 0
73673 1
73677 0
73692 1
73696 1
73704 1
73713 0
73721 1
73727 1
73729 1
73733 1
73738 0
73749 1
73756 0
73770 0
73782 0
73797 0
73802 1
73811 0
73813 0
73828 0
73839 1
73854 0
73868 1
73875 1
73880 1
73895 1
73898 0
73913 0
73916 1
73921 0
73934 1
73936 1
73942 1
73944 1
73957 0
73958 1
73965 1
73970 0
73973 1
73981 0
73986 0
73999 1
74007 0
74014 0
74016 1
74027 1
74041 0
74042 1
74047 1
74048 1
74055 0
74059 1
74067 1
74080 1
74093 1
74108 0
74119 0
74127 0
74142 1
74151 0
74155 1
74167 1
74176 0
74178 1
74184 1
74196 0
74204 1
74216 1
74225 1
74233 1
74242 0
74245 1
74246 1
74260 1
74273 1
74277 1
74282 1
74289 0
74297 1
74300 0
74303 0
74309 1
74322 1
74323 1
74338 0
74344 0
74355 0
74366 1
74372 1
74376 1
74390 1
74403 0
74408 0
74409 1
74422 0
74427 0
74442 0
74446 1
74447 1
74453 1
74459 0
74461 0
74466 1
74481 0
74495 0
74507 0
74508 0
74514 1
74521 1
74524 0
74532 1
74552 1
74558 0
74559 1
74563 0
74571 1
74575 1
74590 1
74604 1
74619 0
74623 0
74630 0
74636 0
74648 0
74650 1
74653 1
74660 1
74662 1
74667 0
74670 1
74675 1
74684 1
74697 0
74700 1
74709 0
74714 0
74728 0
74735 0
74749 1
74754 1
74769 0
74778 0
74793 0
74796 1
74801 0
74809 1
74828 0
74836 1
74843 1
74856 1
74867 0
74872 1
74874 0
74881 1
74893 0
74899 0
74905 0
74916 1
74928 0
74934 0
74949 0
74962 1
74964 1
74979 1
74990 1
74998 1
75004 0
75006 1
75021 0
75036 1
75049 0
75056 1
75062 1
75075 0
75076 1
75088 1
75092 0
75100 0
75112 0
75121 1
75130 0
75141 1
75149 0
75157 1
75165 1
75169 0
75182 0
75184 0
75192 1
75206 1
75210 1
75215 0
75227 1
75236 1
75244 0
75253 0
75260 1
75267 0
75280 1
75286 0
75288 0
75302 1
75309 1
75310 1
75317 0
75331 0
75334 1
75339 0
75348 0
75357 1
75374 1
75386 1
75387 0
75393 1
75398 0
75401 0
75412 0
75414 0
75423 0
75430 1
75437 0
75441 0
75446 0
75458 1
75459 0
75467 0
75482 1
75493 0
75501 1
75507 1
75508 1
75515 1
75521 1
75526 1
75539 0
75546 1
75557 0
75562 0
75567 0
75568 1
75583 0
75599 1
75602 1
75615 0
75629 0
75631 0
75636 0
75645 0
75659 1
75664 1
75677 1
75686 0
75689 0
75701 0
75702 1
75709 1
75712 1
75719 0
75728 0
75741 0
75742 1
75745 1
75750 1
75754 0
75758 0
75772 1
75777 1
75792 1
75798 0
75803 0
75804 0
75808 1
75816 0
75827 0
75833 1
75845 0
75846 0
75851 1
75855 0
75868 0
75879 0
75883 0
75894 1
75907 0
75913 0
75921 1
75925 1
75932 1
75938 1
75945 0
75950 1
75956 1
75967 0
75973 0
75982 0
75983 0
75998 0
75999 1
76003 0
76005 1
76011 1
76026 1
76027 0
76028 1
76036 1
76039 0
76042 1
76055 0
76066 1
76067 0
76082 1
76093 0
76107 1
76122 0
76129 1
76140 0
76141 0
76149 1
76163 0
76164 1
76166 1
76178 1
76181 0
76192 0
76193 1
76204 0
76219 1
76234 0
76248 0
76252 0
76264 1
76266 1
76278 1
76286 1
76297 0
76303 0
76311 1
76314 0
76328 0
76335 1
76343 0
76344 0
76352 0
76366 1
76371 0
76380 1
76392 0
76399 0
76405 1
76420 1
76423 0
76427 1
76441 0
76444 1
76447 1
76454 0
76455 0
76469 1
76475 0
76483 1
76498 1
76500 1
76504 1
76513 1
76527 0
76542 1
76550 1
76554 1
76568 0
76573 1
76581 1
76595 0
76599 0
76600 0
76607 1
76608 0
76615 0
76623 0
76637 0
76651 1
76666 0
76678 1
76683 1
76690 0
76698 0
76712 1
76715 1
76718 0
76727 1
76730 0
76741 0
76748 0
76759 0
76770 1
76775 0
76789 0
76803 0
76804 1
76808 1
76816 0
76817 1
76829 1
76840 0
76845 0
76853 0
76860 1
76872 1
76884 1
76895 1
76897 1
76911 1
76925 1
76928 1
76942 0
76953 0
76955 0
76958 0
76965 0
76979 0
76990 0
76999 1
77008 1
77013 1
77018 0
77030 0
77031 0
77033 1
77039 0
77050 0
77051 0
77063 0
77066 1
77072 1
77074 1
77080 1
77093 1
77096 1
77103 1
77105 1
77111 1
77115 0
77117 0
77123 1
77138 1
77147 1
77155 0
77159 0
77161 0
77173 1
77174 0
77188 0
77191 1
77196 1
77205 1
77208 0
77216 1
77227 1
77242 0
77243 1
77247 1
77256 0
77264 1
77268 0
77271 1
77273 0
77280 0
77284 0
77298 0
77307 0
77314 1
77323 0
77338 1
77349 0
77353 0
77357 0
77364 0
77366 0
77375 0
77377 1
77388 0
77396 1
77404 0
77407 1
77412 0
77420 1
77425 1
77432 0
77434 1
77449 1
77461 1
77469 0
77473 0
77481 0
77494 0
77500 1
77515 0
77516 1
77528 0
77542 0
77551 1
77555 0
77556 1
77568 1
77577 1
77588 1
77600 1
77613 0
77628 0
77633 0
77639 1
77650 0
77652 1
77655 1
77670 0
77675 0
77689 1
77694 1
77708 0
77722 1
77724 0
77731 0
77746 1
77752 1
77755 1
77769 1
77775 1
77790 0
77792 0
77799 0
77805 1
77816 1
77831 1
77846 1
77861 0
77865 1
77874 0
77888 0
77896 0
77902 1
77908 1
77910 0
77925 1
77934 1
77948 1
77951 0
77956 1
77967 1
77980 1
77994 0
77995 0
78004 1
78009 0
78010 0
78021 0
78036 1
78047 0
78053 1
78062 0
78071 0
78075 0
78077 1
78086 1
78100 1
78104 0
78115 0
78124 1
78127 1
78130 0
78131 0
78139 0
78145 0
78150 0
78155 0
78167 0
78180 1
78195 1
78203 1
78218 0
78229 0
78241 1
78242 0
78246 1
78259 1
78271 0
78284 1
78297 0
78305 0
78310 0
78322 0
78329 0
78342 0
78350 0
78361 0
78373 1
78374 1
78389 1
78393 1
78395 0
78410 0
78424 1
78438 1
78447 0
78460 0
78464 1
78465 1
78467 0
78473 1
78484 0
78491 0
78494 0
78497 1
78510 1
78522 1
78524 0
78533 1
78538 0
78541 0
78550 1
78563 1
78567 1
78582 1
78586 0
78587 1
78600 0
78605 0
78614 1
78618 1
78622 1
78630 1
78631 0
78645 0
78657 1
78669 1
78678 1
78679 0
78686 0
78691 1
78695 0
78702 0
78709 1
78721 1
78734 1
78749 0
78761 0
78763 0
78770 0
78773 1
78781 1
78788 1
78803 0
78806 1
78819 0
78826 1
78832 1
78836 0
78840 0
78861 1
78876 0
78887 1
78895 0
78896 0
78908 1
78915 0
78920 1
78933 0
78936 0
78941 1
78945 1
78954 0
78957 1
78971 1
78985 0
78988 0
78996 1
79009 1
79015 1
79019 1
79021 0
79025 1
79040 1
79043 1
79047 0
79052 0
79054 1
79061 1
79073 1
79088 0
79093 1
79106 1
79112 1
79121 1
79136 0
79143 1
79168 1
79181 0
79195 1
