9728
11 1
26 0
30 0
36 0
45 1
49 0
63 0
67 1
68 1
76 1
80 0
82 0
100 0
114 1
123 0
126 1
127 1
138 0
157 0
159 0
160 0
171 0
183 0
184 0
187 0
199 0
213 0
215 1
230 1
245 0
251 0
264 0
267 0
278 0
287 0
293 0
296 1
298 0
311 1
326 1
337 1
349 0
355 0
367 1
378 1
386 1
389 0
391 0
393 0
400 0
415 1
416 1
430 0
443 0
451 1
456 1
469 1
480 1
489 0
512 1
526 0
527 1
540 0
543 0
549 0
564 0
575 0
587 1
593 1
596 1
609 0
621 0
634 1
641 0
655 1
657 1
658 1
661 1
674 1
685 1
698 0
709 0
720 1
729 0
743 0
758 1
762 0
769 1
784 0
786 0
801 0
806 1
825 1
832 1
846 0
861 0
869 0
874 0
885 1
900 0
906 0
910 0
925 1
934 1
941 0
955 0
969 1
978 1
986 0
999 1
1008 0
1021 0
1035 0
1040 1
1043 0
1048 0
1060 1
1068 0
1071 1
1083 1
1088 0
1091 0
1094 1
1102 0
1105 0
1107 0
1115 0
1123 1
1129 0
1131 1
1140 1
1141 0
1145 0
1154 0
1168 1
1183 1
1188 0
1202 1
1204 0
1217 1
1225 1
1232 1
1241 1
1250 0
1257 1
1266 1
1278 1
1279 1
1292 1
1299 1
1303 1
1307 1
1309 1
1323 1
1336 1
1344 0
1350 1
1357 0
1358 0
1362 0
1373 1
1374 0
1387 1
1396 1
1397 0
1399 0
1402 0
1410 0
1417 0
1420 0
1434 1
1440 1
1447 0
1462 0
1464 0
1465 0
1476 1
1481 1
1488 0
1500 0
1503 0
1508 0
1512 1
1513 1
1531 0
1542 0
1547 0
1552 0
1564 1
1573 1
1580 0
1586 1
1601 0
1619 0
1633 0
1637 0
1651 1
1660 0
1677 1
1689 1
1695 1
1708 0
1717 0
1720 0
1728 1
1739 0
1744 0
1745 1
1748 1
1751 0
1757 1
1776 0
1779 0
1793 0
1802 0
1808 1
1811 1
1825 0
1827 0
1838 1
1851 1
1856 0
1857 1
1862 1
1873 1
1884 1
1896 1
1907 0
1918 1
1922 0
1925 1
1926 0
1940 0
1941 0
1950 0
1955 0
1969 1
1974 1
1978 1
1980 1
1988 0
1994 1
2001 1
2004 1
2013 1
2017 0
2029 0
2037 1
2050 1
2055 1
2066 0
2077 1
2089 0
2101 0
2105 1
2107 1
2118 1
2127 1
2130 0
2132 1
2137 0
2143 0
2158 1
2161 1
2163 1
2164 1
2177 1
2180 1
2191 1
2196 0
2198 0
2226 0
2227 0
2229 0
2240 0
2251 1
2259 0
2268 1
2273 1
2279 1
2280 0
2281 1
2292 0
2301 0
2312 1
2314 0
2323 1
2326 0
2327 0
2341 1
2356 1
2359 1
2364 0
2376 0
2388 0
2390 1
2396 0
2397 0
2398 1
2411 1
2418 0
2422 1
2438 0
2443 0
2456 1
2460 0
2464 1
2475 0
2477 1
2484 1
2488 1
2503 0
2511 1
2524 1
2533 1
2541 1
2552 1
2563 0
2575 0
2577 1
2578 0
2584 1
2593 0
2601 1
2613 0
2617 0
2632 1
2633 1
2648 1
2649 1
2660 0
2674 1
2682 1
2686 1
2690 1
2698 0
2709 0
2721 0
2725 0
2740 1
2754 0
2756 0
2762 0
2777 1
2779 1
2784 0
2786 0
2798 0
2801 0
2805 0
2813 0
2817 1
2828 0
2836 1
2857 0
2872 1
2878 0
2893 0
2908 0
2913 1
2927 1
2933 1
2938 1
2944 1
2947 1
2962 0
2964 0
2979 0
2990 1
2994 1
2999 1
3001 1
3010 0
3023 0
3038 1
3051 0
3056 1
3070 0
3077 1
3085 1
3092 0
3104 1
3118 1
3122 0
3123 0
3129 1
3143 1
3154 1
3168 0
3183 0
3190 0
3198 0
3204 0
3211 1
3217 0
3228 0
3237 0
3249 0
3255 1
3262 0
3267 0
3270 1
3283 1
3291 1
3295 0
3306 0
3312 0
3320 0
3325 0
3330 0
3344 0
3345 0
3351 1
3362 1
3376 0
3380 1
3384 1
3399 1
3413 0
3415 1
3416 1
3427 1
3431 1
3440 1
3454 0
3457 0
3468 1
3471 0
3477 1
3478 0
3482 0
3489 1
3500 1
3502 0
3509 1
3522 0
3530 0
3536 0
3540 0
3551 0
3565 0
3572 1
3577 1
3588 0
3589 0
3596 1
3607 0
3618 1
3631 0
3632 0
3647 1
3656 1
3658 1
3671 0
3677 1
3705 1
3714 1
3715 1
3724 0
3736 0
3740 0
3753 0
3756 0
3757 0
3764 0
3778 0
3781 1
3786 0
3799 1
3812 1
3816 1
3827 0
3840 1
3848 0
3856 0
3868 1
3881 0
3885 0
3889 0
3896 1
3902 1
3914 0
3927 0
3941 0
3942 1
3950 0
3955 1
3959 0
3960 0
3968 0
3969 1
3976 0
3991 1
3999 0
4003 1
4018 0
4032 1
4035 0
4048 1
4049 0
4061 0
4076 0
4077 0
4078 0
4080 0
4082 1
4085 1
4094 0
4099 0
4113 0
4115 0
4122 0
4126 1
4127 1
4135 0
4139 1
4150 0
4165 0
4170 1
4171 1
4178 0
4191 1
4196 1
4202 0
4211 1
4219 0
4234 0
4248 1
4263 0
4270 0
4276 1
4277 0
4281 0
4290 1
4296 0
4310 1
4322 1
4326 0
4341 0
4347 1
4353 0
4362 1
4369 1
4375 0
4387 1
4399 1
4401 1
4409 1
4420 0
4423 1
4426 1
4432 1
4437 1
4445 1
4459 1
4462 0
4471 0
4472 1
4475 1
4479 0
4491 0
4497 0
4510 0
4511 0
4525 0
4528 1
4543 0
4554 1
4569 1
4576 1
4580 0
4585 1
4597 1
4599 1
4602 1
4613 0
4638 1
4652 1
4664 1
4669 0
4678 1
4690 0
4717 0
4732 1
4734 1
4745 1
4753 0
4768 0
4769 0
4783 0
4792 0
4795 0
4802 1
4817 0
4825 0
4831 1
4859 1
4862 1
4875 0
4880 0
4883 0
4891 0
4894 1
4895 0
4906 0
4920 1
4931 1
4932 1
4946 0
4952 1
4967 0
4978 0
4984 0
4997 0
5009 1
5014 1
5027 0
5032 1
5043 0
5046 1
5050 1
5062 0
5075 0
5080 0
5089 1
5095 1
5102 0
5123 0
5127 1
5142 0
5154 1
5163 0
5177 1
5179 0
5194 0
5209 1
5211 0
5224 0
5237 0
5238 1
5249 0
5253 1
5258 1
5263 0
5272 1
5287 1
5299 0
5306 1
5314 0
5327 1
5350 1
5354 0
5369 0
5372 1
5376 0
5381 1
5408 1
5413 0
5426 1
5441 0
5443 1
5455 1
5456 1
5465 1
5466 0
5469 0
5477 0
5491 1
5500 0
5502 1
5514 1
5525 0
5540 0
5555 0
5562 1
5574 0
5588 1
5602 1
5615 1
5616 1
5627 0
5634 0
5636 0
5644 1
5651 0
5660 1
5663 1
5665 1
5677 0
5683 1
5694 0
5695 0
5709 0
5716 1
5730 0
5741 1
5745 1
5746 0
5752 0
5763 0
5769 0
5773 1
5776 1
5782 0
5785 0
5803 1
5815 0
5829 1
5842 1
5846 0
5851 0
5866 0
5881 1
5882 0
5897 1
5902 1
5905 1
5918 0
5927 1
5951 1
5956 0
5976 0
5982 0
5991 1
5993 0
6007 0
6012 0
6016 0
6030 1
6032 1
6041 0
6043 1
6049 1
6064 0
6077 0
6084 1
6096 1
6102 0
6104 0
6113 1
6128 1
6135 1
6148 1
6159 1
6171 1
6172 0
6185 0
6187 0
6200 1
6205 0
6221 1
6234 1
6240 0
6259 1
6261 0
6274 1
6285 0
6297 1
6303 1
6305 0
6307 1
6308 1
6309 0
6316 1
6322 0
6337 1
6350 0
6362 0
6366 0
6373 1
6401 1
6412 0
6418 1
6421 0
6436 1
6448 1
6456 1
6470 1
6475 1
6486 1
6487 0
6491 0
6498 1
6505 0
6514 1
6521 1
6525 0
6532 0
6537 0
6538 1
6553 1
6558 1
6564 0
6577 1
6592 0
6595 1
6610 0
6618 0
6620 0
6629 1
6632 1
6637 1
6638 0
6640 0
6642 0
6655 0
6659 1
6663 0
6676 0
6687 1
6696 1
6709 0
6715 0
6720 0
6733 1
6741 0
6744 0
6752 1
6778 0
6780 1
6787 0
6788 0
6803 1
6809 1
6813 1
6828 0
6839 1
6854 1
6858 1
6864 0
6866 0
6877 0
6885 1
6888 1
6901 0
6907 1
6916 0
6918 1
6922 1
6936 1
6943 0
6945 0
6960 1
6981 0
6989 1
7002 1
7013 1
7020 0
7028 0
7029 0
7034 0
7046 1
7058 0
7069 0
7081 0
7085 1
7098 0
7109 0
7112 1
7127 1
7132 0
7133 0
7144 1
7156 1
7157 1
7161 0
7172 0
7179 1
7180 1
7187 0
7199 0
7207 0
7208 1
7211 1
7222 1
7229 0
7244 1
7256 1
7267 1
7272 1
7284 0
7285 0
7292 0
7305 0
7311 0
7322 1
7325 0
7327 0
7333 0
7336 1
7341 1
7344 0
7349 0
7378 0
7387 0
7396 0
7399 0
7406 0
7419 1
7423 0
7438 0
7452 0
7461 0
7468 0
7475 1
7479 1
7493 0
7497 0
7502 1
7513 0
7528 1
7540 0
7543 1
7547 1
7548 0
7560 0
7564 1
7576 0
7587 1
7592 0
7596 0
7603 1
7623 0
7629 0
7631 0
7642 0
7645 1
7654 1
7669 0
7676 0
7685 1
7688 1
7695 1
7707 1
7719 1
7733 1
7744 1
7756 0
7767 1
7770 0
7778 0
7787 1
7801 1
7808 1
7809 0
7823 1
7824 1
7832 1
7836 1
7843 1
7846 0
7851 1
7862 0
7869 1
7881 1
7889 1
7902 0
7906 0
7911 1
7938 1
7949 0
7952 1
7967 0
7981 0
7987 0
7989 0
7994 0
7998 1
8012 0
8027 0
8035 1
8043 1
8047 0
8054 0
8063 0
8075 1
8082 1
8086 0
8100 0
8107 0
8120 1
8121 0
8132 1
8141 0
8145 0
8158 1
8159 1
8163 0
8175 1
8186 1
8200 0
8212 1
8227 1
8234 1
8242 1
8244 1
8250 0
8265 0
8274 1
8282 0
8289 0
8300 0
8309 0
8321 0
8323 1
8336 0
8343 1
8344 1
8345 0
8353 0
8361 1
8368 1
8373 1
8376 1
8387 1
8389 1
8395 1
8396 0
8407 0
8412 1
8416 1
8421 1
8424 0
8426 1
8428 0
8440 1
8448 1
8452 1
8461 0
8474 1
8489 0
8495 1
8508 0
8516 0
8527 0
8533 0
8536 1
8538 0
8553 0
8561 0
8569 1
8584 1
8589 0
8592 1
8601 1
8613 1
8619 0
8632 0
8638 0
8640 1
8641 1
8646 0
8648 0
8655 1
8660 1
8665 1
8668 0
8672 0
8677 0
8686 0
8695 0
8707 1
8719 1
8730 1
8739 1
8748 1
8761 1
8762 1
8775 0
8786 1
8789 1
8790 1
8804 0
8817 1
8821 1
8825 1
8828 0
8843 0
8850 1
8858 0
8861 0
8869 1
8892 0
8898 1
8899 0
8910 1
8919 1
8924 1
8933 0
8942 0
8949 0
8964 0
8976 0
8981 0
8993 0
8996 1
9011 0
9037 1
9050 0
9064 1
9071 0
9075 0
9084 1
9096 1
9111 0
9122 0
9131 0
9133 1
9144 1
9152 1
9166 0
9181 0
9185 1
9194 1
9196 1
9208 1
9215 1
9221 0
9224 1
9233 1
9246 1
9255 0
9261 0
9264 1
9268 1
9269 1
9274 0
9295 1
9296 1
9299 1
9301 1
9310 0
9315 0
9317 0
9331 0
9338 1
9350 0
9353 0
9355 1
9366 0
9379 0
9388 0
9402 1
9413 1
9427 0
9429 1
9434 0
9447 1
9452 0
9454 0
9469 1
9475 1
9489 0
9495 1
9500 1
9508 1
9509 1
9514 1
9515 1
9522 0
9527 0
9530 0
9536 1
9549 1
9563 1
9564 0
9570 0
9575 1
9581 1
9596 1
9604 0
9607 1
9609 1
9615 1
9635 1
9642 0
9667 1
9670 1
9677 0
9686 0
9698 0
9709 0
9715 0
9718 1
9733 0
9746 1
9758 0
9765 0
9769 1
9777 1
9788 0
9791 0
9798 0
9809 0
9824 1
9825 0
9837 0
9846 0
9861 0
9864 0
9878 1
9893 0
9906 0
9914 0
9922 1
9926 0
9931 1
9946 0
9955 1
9962 1
9969 1
9974 0
9986 0
9992 0
9997 1
10001 1
10015 1
10027 1
10031 0
10034 1
10040 1
10042 1
10049 1
10064 0
10073 0
10079 1
10082 0
10086 0
10088 1
10097 1
10109 0
10124 0
10133 0
10145 0
10150 0
10154 0
10158 0
10171 0
10180 0
10182 0
10196 1
10198 1
10199 0
10205 1
10220 0
10235 0
10243 0
10257 0
10262 1
10271 0
10282 1
10295 0
10299 0
10310 1
10313 0
10324 1
10332 1
10347 0
10349 0
10363 0
10365 0
10380 0
10387 0
10395 0
10408 1
10421 0
10436 1
10437 0
10443 0
10468 1
10481 0
10492 1
10493 1
10494 0
10496 0
10497 1
10511 1
10526 1
10535 1
10541 1
10544 1
10549 0
10562 1
10571 1
10578 1
10579 1
10588 0
10601 1
10615 0
10619 0
10625 1
10628 0
10637 0
10641 0
10656 1
10667 0
10669 0
10671 1
10676 1
10694 1
10696 0
10710 0
10713 0
10726 0
10735 0
10743 0
10752 0
10766 1
10768 0
10771 1
10780 0
10784 1
10795 1
10802 1
10810 0
10823 1
10824 1
10839 0
10846 1
10851 1
10860 0
10865 1
10874 1
10885 0
10891 1
10897 0
10906 0
10908 1
10921 0
10925 0
10935 1
10941 1
10956 0
10968 0
10974 1
10985 1
10996 1
11010 0
11016 1
11023 0
11032 1
11044 1
11049 0
11062 0
11073 0
11084 1
11099 1
11114 1
11128 1
11136 0
11151 1
11166 1
11177 0
11186 1
11193 0
11208 0
11222 1
11234 0
11247 1
11248 0
11252 0
11260 0
11266 0
11273 1
11275 0
11282 1
11290 0
11293 0
11306 1
11311 0
11330 1
11335 0
11339 0
11351 1
11363 1
11366 1
11372 1
11381 0
11383 1
11386 0
11395 1
11412 1
11421 0
11429 1
11430 1
11436 1
11445 0
11463 0
11465 1
11476 0
11489 0
11502 0
11517 0
11532 1
11546 1
11553 0
11567 0
11580 0
11595 1
11607 0
11611 0
11622 0
11635 0
11648 0
11660 0
11673 1
11674 1
11675 0
11683 0
11691 1
11695 1
11696 1
11703 0
11714 0
11725 1
11739 0
11751 0
11766 1
11771 1
11774 1
11775 1
11784 1
11793 1
11807 0
11822 1
11828 1
11831 1
11837 1
11849 0
11857 0
11858 0
11873 0
11888 0
11897 0
11902 1
11905 0
11906 1
11912 0
11924 1
11939 1
11945 0
11960 0
11963 1
11968 1
11983 1
11991 0
11996 0
12007 1
12013 1
12025 1
12026 1
12040 0
12042 1
12051 1
12054 0
12056 1
12063 0
12070 1
12090 1
12098 0
12113 0
12124 1
12125 0
12140 0
12145 1
12159 1
12167 1
12174 0
12188 0
12197 0
12211 1
12212 1
12227 0
12235 0
12240 0
12251 0
12258 0
12260 1
12271 1
12280 1
12283 1
12296 0
12299 0
12304 1
12317 1
12324 0
12336 1
12345 0
12354 1
12362 0
12378 0
12379 1
12394 0
12400 0
12408 1
12414 0
12422 1
12434 0
12441 0
12453 0
12456 0
12465 0
12470 0
12472 1
12481 1
12489 0
12490 1
12498 0
12509 0
12518 0
12532 1
12545 0
12551 0
12556 0
12558 1
12569 0
12574 1
12587 0
12589 1
12590 1
12592 1
12606 0
12619 0
12621 0
12628 1
12633 0
12634 1
12638 0
12645 0
12660 1
12661 0
12663 1
12678 0
12692 1
12699 1
12700 1
12706 0
12715 1
12718 1
12732 1
12737 1
12739 0
12742 1
12747 0
12755 0
12764 1
12771 0
12786 1
12794 0
12809 1
12814 0
12825 1
12832 1
12845 1
12849 1
12854 1
12858 1
12870 1
12871 1
12875 0
12883 1
12900 1
12904 1
12918 1
12931 1
12934 0
12946 1
12947 0
12953 1
12958 1
12961 1
12967 0
12980 0
12989 1
12996 1
12998 1
13007 0
13013 1
13029 0
13044 0
13050 0
13059 1
13065 0
13071 1
13085 1
13096 0
13104 0
13119 1
13130 1
13144 0
13151 1
13165 0
13172 1
13180 1
13193 1
13207 0
13212 0
13219 1
13220 1
13235 0
13248 0
13259 0
13267 0
13269 0
13274 0
13288 1
13292 1
13301 0
13314 1
13318 0
13323 0
13328 0
13343 0
13346 1
13347 0
13351 0
13363 0
13374 0
13375 1
13390 0
13402 1
13416 1
13419 0
13420 1
13434 0
13440 1
13453 1
13464 0
13465 0
13478 1
13481 1
13488 1
13493 1
13497 1
13512 1
13519 0
13523 0
13529 1
13534 0
13558 0
13573 0
13582 1
13597 1
13611 1
13615 0
13623 0
13632 1
13634 1
13640 0
13652 0
13657 1
13660 0
13663 1
13669 0
13678 1
13686 0
13694 0
13706 1
13715 1
13730 1
13737 1
13742 0
13748 1
13759 0
13770 0
13784 0
13785 1
13789 0
13801 1
13816 1
13818 0
13827 1
13833 0
13840 0
13847 0
13860 1
13869 0
13877 0
13888 1
13890 1
13901 0
13905 0
13918 0
13920 1
13923 0
13934 1
13936 0
13942 0
13949 1
13951 0
13965 0
13977 0
13985 1
13999 1
14011 0
14024 1
14038 1
14049 1
14056 1
14057 1
14070 0
14081 1
14086 0
14097 1
14104 1
14105 1
14107 1
14119 1
14128 0
14142 0
14155 0
14167 0
14179 0
14190 0
14191 0
14199 0
14204 1
14212 1
14215 0
14230 1
14245 1
14248 0
14251 1
14263 0
14270 0
14277 1
14283 1
14286 0
14298 0
14311 1
14314 0
14326 0
14331 0
14344 1
14358 0
14361 0
14376 0
14385 1
14391 0
14402 1
14409 1
14420 0
14421 1
14427 1
14431 0
14434 0
14446 0
14460 1
14462 0
14466 0
14468 1
14477 1
14484 0
14493 1
14500 1
14511 0
14518 1
14525 1
14537 1
14552 1
14564 0
14569 0
14583 1
14591 0
14598 0
14604 1
14606 0
14609 1
14618 0
14633 0
14645 1
14659 1
14667 0
14674 1
14684 1
14685 1
14692 1
14706 0
14712 0
14724 1
14726 1
14734 0
14739 0
14740 1
14742 0
14749 0
14754 1
14760 0
14771 1
14774 1
14785 0
14787 0
14791 0
14803 1
14816 1
14818 1
14820 1
14827 0
14834 1
14838 0
14847 0
14860 1
14867 1
14878 0
14882 1
14896 1
14910 0
14924 1
14926 0
14928 0
14930 1
14937 0
14941 1
14944 0
14950 1
14963 0
14977 1
14986 0
15004 1
15013 1
15028 0
15039 1
15043 1
15051 1
15055 1
15064 0
15079 1
15081 0
15085 0
15094 1
15097 1
15110 0
15124 0
15129 1
15130 0
15143 1
15150 1
15162 0
15171 1
15186 1
15193 1
15202 1
15217 0
15221 1
15236 0
15240 1
15242 0
15251 0
15256 1
15258 0
15272 0
15276 1
15289 1
15300 1
15309 1
15311 0
15313 0
15326 0
15329 1
15337 0
15345 0
15351 1
15359 0
15362 1
15370 1
15375 1
15382 1
15395 1
15409 0
15410 1
15421 1
15435 1
15440 1
15453 0
15468 1
15472 1
15480 1
15485 1
15494 0
15501 0
15516 0
15522 1
15523 0
15535 1
15547 1
15561 1
15575 1
15590 0
15601 0
15613 1
15618 1
15626 1
15630 1
15643 1
15647 0
15650 1
15658 1
15671 0
15672 1
15685 0
15690 1
15703 0
15717 0
15718 1
15730 0
15736 1
15738 1
15741 0
15756 0
15770 1
15781 1
15795 1
15802 1
15814 0
15819 1
15847 0
15850 0
15865 1
15878 1
15886 1
15888 1
15896 1
15901 1
15916 1
15927 1
15928 1
15930 1
15944 1
15950 0
15952 1
15965 1
15979 0
15993 0
15999 1
16006 0
16012 0
16027 0
16034 1
16042 1
16054 1
16056 1
16057 1
16072 1
16075 1
16089 0
16093 0
16106 0
16119 1
16134 0
16138 0
16149 0
16157 1
16165 0
16180 1
16187 1
16191 0
16193 0
16201 1
16210 0
16222 0
16228 0
16229 0
16244 1
16247 0
16258 0
16262 0
16276 0
16283 0
16295 1
16300 0
16314 0
16325 0
16340 0
16349 0
16358 0
16367 0
16368 0
16381 0
16395 0
16410 1
16416 1
16421 1
16434 0
16440 0
16443 1
16446 1
16452 0
16455 0
16464 0
16471 0
16486 0
16493 0
16506 0
16507 1
16515 1
16529 0
16543 1
16548 0
16549 0
16562 0
16568 1
16581 0
16585 1
16599 0
16614 1
16625 1
16631 0
16651 1
16662 0
16670 0
16674 1
16682 1
16683 0
16696 0
16711 1
16712 0
16726 0
16730 0
16735 0
16742 1
16749 1
16750 1
16751 1
16755 0
16770 1
16783 1
16792 1
16804 0
16812 0
16826 1
16837 1
16843 1
16855 0
16858 1
16864 1
16869 0
16884 0
16886 1
16899 0
16911 0
16922 1
16927 1
16931 1
16937 0
16943 1
16955 1
16970 1
16985 1
16994 0
17000 1
17028 0
17036 1
17051 0
17053 1
17056 0
17064 0
17068 0
17072 1
17079 0
17092 1
17099 0
17111 0
17119 0
17127 1
17130 0
17133 1
17141 0
17147 0
17156 1
17161 0
17168 0
17174 1
17182 0
17190 0
17205 1
17211 0
17219 1
17231 0
17242 1
17250 0
17257 0
17268 1
17269 1
17280 0
17286 0
17301 1
17302 1
17306 0
17319 1
17324 0
17333 1
17336 0
17340 1
17341 0
17348 1
17356 1
17361 0
17374 0
17380 1
17386 1
17392 1
17403 0
17416 0
17423 1
17437 1
17449 0
17458 0
17469 1
17478 0
17480 0
17491 0
17492 0
17500 1
17506 0
17515 0
17524 1
17527 0
17538 1
17552 1
17564 1
17565 0
17579 0
17582 1
17595 1
17600 1
17609 1
17618 1
17632 0
17641 0
17647 0
17654 1
17662 0
17691 1
17702 0
17704 1
17711 0
17712 1
17716 0
17729 0
17737 1
17738 1
17749 1
17762 0
17765 1
17768 0
17772 1
17777 0
17790 1
17793 1
17800 1
17812 1
17813 1
17827 1
17836 1
17845 1
17854 1
17861 1
17865 0
17878 0
17883 1
17892 0
17897 0
17911 0
17915 1
17927 0
17930 0
17938 0
17952 0
17960 0
17971 1
17976 0
17977 0
17980 1
17983 0
17986 1
17997 0
18002 0
18017 1
18030 1
18035 1
18037 0
18043 1
18048 0
18049 0
18054 1
18055 1
18070 1
18071 1
18080 0
18084 1
18099 0
18104 1
18112 1
18121 0
18126 0
18134 1
18137 0
18152 0
18159 0
18172 0
18177 0
18186 1
18190 1
18201 1
18210 0
18225 1
18237 1
18245 0
18259 0
18273 1
18274 1
18282 1
18286 1
18294 1
18308 1
18321 1
18332 0
18347 1
18354 0
18368 1
18374 0
18392 0
18403 0
18418 0
18431 1
18434 0
18445 0
18458 1
18460 1
18466 0
18477 1
18486 1
18491 1
18499 0
18505 1
18520 1
18522 1
18531 0
18543 0
18556 1
18569 0
18581 1
18594 0
18598 0
18600 1
18604 0
18608 0
18621 0
18623 1
18624 1
18636 1
18648 1
18656 1
18660 1
18664 0
18668 1
18682 1
18695 0
18700 0
18714 1
18720 1
18727 0
18729 1
18730 1
18744 0
18758 0
18770 1
18783 1
18796 1
18810 1
18816 1
18829 0
18842 0
18855 1
18867 0
18882 1
18897 1
18898 0
18912 1
18916 0
18930 1
18935 0
18948 1
18956 1
18958 1
18963 0
18972 1
18984 1
18985 1
18988 0
18993 0
18994 0
19002 1
19011 1
19012 0
19023 0
19026 1
19038 1
19047 1
19055 0
19064 1
19069 0
19084 1
19090 0
19102 1
19113 0
19120 1
19133 0
19135 1
19138 1
19146 1
19149 1
19162 1
19170 1
19178 0
19184 1
19191 0
19198 1
19207 1
19221 1
19223 1
19249 0
19250 0
19252 0
19265 0
19273 0
19281 0
19284 1
19292 0
19298 1
19309 1
19321 1
19324 0
19333 0
19347 1
19356 1
19368 1
19382 0
19388 1
19403 0
19416 1
19430 0
19437 0
19446 0
19459 0
19464 0
19479 0
19492 0
19506 1
19511 1
19526 0
19528 1
19541 1
19554 1
19560 1
19569 1
19575 0
19578 0
19593 0
19598 0
19610 0
19617 1
19621 1
19632 0
19644 0
19646 0
19654 1
19658 1
19662 0
19671 1
19686 1
19691 1
19697 1
19704 0
19715 1
19729 1
19738 1
19747 0
19761 1
19772 0
19786 0
19794 1
19802 0
19809 0
19821 0
19836 0
19849 0
19853 1
19868 1
19877 0
19881 0
19893 1
19905 1
19908 0
19923 0
19930 0
19939 0
19948 1
19953 1
19961 1
19972 1
19973 0
19974 1
19976 1
19984 0
19988 0
19996 1
20011 0
20024 0
20032 0
20046 0
20047 1
20061 0
20082 0
20085 1
20087 1
20095 0
20114 1
20128 1
20133 1
20140 0
20145 0
20158 1
20172 0
20186 0
20199 1
20200 1
20214 0
20220 0
20235 1
20248 1
20263 0
20275 0
20278 0
20283 1
20291 1
20300 1
20314 1
20320 0
20326 1
20333 0
20348 0
20361 0
20367 0
20375 0
20386 1
20397 0
20404 0
20405 0
20414 1
20428 0
20435 1
20437 0
20450 1
20455 1
20469 0
20472 1
20484 0
20498 0
20507 0
20522 1
20524 1
20535 0
20536 0
20550 0
20559 0
20568 1
20577 1
20590 1
20595 0
20606 0
20620 1
20635 1
20642 0
20657 1
20668 0
20675 1
20682 1
20687 1
20700 1
20706 0
20723 0
20737 1
20751 0
20766 0
20781 1
20796 1
20808 0
20810 1
20812 0
20813 0
20818 1
20831 0
20845 0
20850 1
20853 1
20866 0
20880 1
20884 0
20896 1
20907 1
20918 1
20926 0
20927 1
20941 0
20946 0
20955 0
20956 1
20962 0
20974 1
20975 0
20980 0
20987 1
20995 0
21006 0
21010 0
21023 1
21038 1
21043 0
21051 0
21059 0
21074 0
21082 0
21088 1
21089 1
21104 1
21106 1
21117 0
21120 1
21135 1
21148 0
21156 0
21171 1
21173 1
21185 1
21190 0
21199 0
21208 1
21221 0
21222 1
21225 0
21231 1
21244 0
21246 1
21259 1
21270 1
21275 0
21288 0
21289 0
21296 0
21309 0
21324 0
21329 1
21332 1
21345 1
21347 1
21354 0
21359 0
21367 1
21374 1
21388 1
21403 1
21405 0
21412 0
21414 0
21427 0
21439 1
21444 0
21456 1
21472 0
21481 0
21487 0
21499 1
21512 0
21517 0
21518 1
21522 0
21534 0
21548 1
21549 1
21565 0
21567 0
21569 1
21580 0
21583 0
21595 1
21602 1
21608 0
21610 0
21614 0
21623 1
21625 1
21628 1
21633 1
21645 0
21651 1
21662 0
21668 0
21677 0
21681 0
21682 1
21690 0
21693 0
21704 1
21706 1
21721 0
21727 0
21742 0
21756 1
21757 1
21758 1
21763 0
21776 1
21781 0
21784 0
21800 0
21814 0
21823 0
21828 0
21831 1
21842 1
21847 1
21850 1
21851 1
21865 1
21866 1
21867 1
21872 0
21883 1
21891 1
21902 0
21904 1
21915 0
21929 1
21930 1
21936 0
21950 1
21966 0
21967 0
21976 0
21981 0
21992 0
22004 1
22015 1
22023 0
22031 1
22048 0
22062 0
22065 1
22074 1
22080 1
22081 1
22095 0
22104 1
22112 0
22123 0
22132 0
22136 0
22150 1
22159 1
22172 1
22187 0
22195 1
22210 0
22212 0
22225 0
22228 1
22240 0
22259 1
22272 1
22287 1
22296 1
22300 1
22306 1
22318 0
22331 0
22332 1
22333 0
22340 0
22352 0
22372 1
22377 0
22389 0
22401 0
22402 1
22415 1
22417 0
22419 0
22427 1
22431 0
22446 0
22455 1
22462 1
22467 0
22468 1
22472 0
22484 1
22486 0
22499 1
22502 1
22510 1
22519 1
22520 0
22531 1
22532 1
22545 1
22556 0
22561 0
22567 1
22580 0
22594 0
22595 1
22609 0
22610 1
22622 0
22636 0
22642 1
22664 0
22672 1
22690 1
22697 0
22709 1
22722 1
22734 1
22740 0
22746 0
22747 0
22753 1
22756 1
22764 1
22770 1
22784 1
22788 0
22800 0
22809 0
22818 1
22826 0
22833 1
22835 1
22853 0
22857 1
22872 1
22880 1
22893 1
22901 0
22915 1
22926 0
22933 1
22935 1
22958 0
22966 0
22971 0
22976 0
22979 0
22992 0
22997 1
23003 0
23009 0
23018 1
23030 0
23034 0
23040 0
23054 1
23065 0
23067 1
23068 1
23073 0
23086 1
23091 1
23093 0
23107 0
23112 0
23124 0
23127 1
23141 1
23144 1
23157 0
23159 0
23160 0
23169 0
23184 0
23187 1
23196 0
23207 0
23209 0
23213 0
23220 1
23221 0
23223 1
23234 0
23243 0
23255 1
23262 0
23271 0
23286 1
23295 1
23299 1
23303 0
23306 1
23318 0
23322 0
23328 0
23335 0
23340 0
23344 1
23349 0
23362 1
23369 1
23381 1
23395 1
23408 1
23422 0
23437 1
23438 0
23441 1
23447 0
23454 0
23458 1
23465 0
23467 0
23471 0
23485 0
23487 0
23501 0
23513 0
23526 1
23540 1
23552 1
23560 0
23573 0
23588 0
23600 0
23605 0
23611 1
23614 0
23618 1
23633 0
23639 1
23646 0
23653 0
23666 1
23673 1
23688 1
23701 1
23712 0
23719 0
23724 1
23727 0
23738 1
23741 1
23742 1
23748 0
23753 1
23756 1
23771 0
23777 0
23783 0
23794 1
23800 1
23807 1
23814 1
23822 0
23833 0
23842 1
23845 1
23853 1
23859 0
23860 0
23875 1
23877 1
23881 0
23895 0
23896 1
23902 0
23911 1
23916 1
23930 0
23941 0
23944 0
23951 1
23963 0
23977 0
23981 0
23987 1
23994 0
24009 0
24014 1
24018 0
24031 0
24035 1
24047 0
24062 1
24069 0
24080 0
24086 1
24102 0
24117 0
24120 0
24129 0
24140 1
24148 0
24159 0
24172 0
24187 1
24198 1
24211 0
24222 0
24229 1
24236 1
24241 0
24253 0
24256 0
24259 0
24272 0
24278 0
24284 0
24290 1
24295 1
24308 1
24309 0
24311 0
24314 0
24316 1
24319 1
24326 1
24332 1
24334 0
24348 0
24360 1
24367 0
24381 1
24389 1
24395 1
24403 1
24414 1
24415 0
24423 0
24426 0
24435 1
24443 1
24444 0
24452 1
24458 1
24470 0
24482 1
24493 0
24499 1
24514 0
24520 0
24527 0
24536 0
24549 0
24552 1
24558 0
24560 0
24572 1
24577 0
24588 0
24599 1
24601 1
24604 0
24610 0
24625 0
24626 1
24637 0
24641 0
24648 1
24662 0
24666 1
24680 1
24694 1
24702 1
24706 0
24708 1
24709 1
24717 1
24731 1
24732 1
24740 1
24748 0
24753 0
24755 0
24764 0
24778 0
24785 1
24796 0
24801 1
24814 1
24822 0
24837 0
24845 0
24851 0
24864 1
24877 1
24885 0
24893 0
24904 0
24918 1
24929 0
24940 0
24955 1
24962 0
24968 1
24981 1
24989 0
24993 1
25004 1
25012 1
25019 1
25032 0
25044 0
25053 0
25064 0
25076 1
25083 1
25086 1
25091 0
25102 1
25120 1
25122 0
25134 0
25149 0
25162 0
25173 1
25181 0
25188 1
25190 0
25195 0
25202 1
25204 0
25209 0
25222 0
25226 1
25238 1
25251 0
25265 1
25268 0
25277 0
25279 1
25285 1
25296 0
25304 1
25318 0
25321 1
25327 1
25339 1
25345 0
25354 1
25358 1
25360 1
25371 0
25383 0
25397 0
25411 1
25420 0
25432 0
25445 0
25451 1
25464 0
25471 1
25482 1
25491 0
25496 0
25500 0
25514 1
25522 1
25524 0
25525 1
25530 0
25539 1
25543 0
25556 1
25564 1
25572 0
25580 0
25591 1
25605 0
25619 0
25623 0
25636 0
25649 1
25650 0
25665 1
25666 1
25670 0
25682 0
25693 1
25704 0
25718 0
25733 1
25734 1
25743 0
25751 1
25752 1
25765 1
25769 0
25781 1
25796 0
25809 1
25822 0
25823 1
25838 1
25839 0
25841 1
25844 0
25858 0
25871 0
25872 1
25883 0
25890 0
25897 0
25909 0
25914 0
25919 0
25930 1
25942 0
25945 0
25946 0
25955 1
25958 1
25961 1
25964 0
25967 1
25968 1
25973 1
25976 1
25980 1
25984 0
25998 0
26012 1
26020 0
26021 1
26033 1
26034 0
26035 1
26049 1
26064 0
26075 1
26076 1
26085 0
26094 1
26107 0
26115 1
26126 0
26132 0
26147 1
26154 1
26166 0
26177 1
26184 0
26186 1
26195 0
26204 1
26224 0
26233 1
26241 0
26268 1
26274 1
26276 0
26281 0
26296 1
26307 0
26321 1
26327 0
26332 1
26345 1
26356 1
26361 0
26363 0
26374 0
26377 0
26384 0
26385 1
26387 1
26392 1
26399 1
26404 1
26407 0
26419 0
26425 0
26438 1
26446 0
26455 1
26459 1
26464 1
26477 0
26489 0
26495 0
26496 0
26503 1
26511 0
26530 1
26542 0
26548 1
26563 1
26576 0
26583 1
26588 1
26599 1
26600 1
26602 0
26608 1
26613 1
26619 1
26627 0
26630 1
26633 0
26637 1
26644 1
26649 1
26653 0
26667 1
26676 0
26687 1
26702 1
26713 0
26716 0
26729 0
26732 0
26744 0
26753 1
26773 1
26779 0
26798 1
26800 1
26804 0
26813 1
26821 0
26835 0
26846 1
26861 0
26875 0
26890 0
26893 1
26907 1
26908 1
26916 1
26923 0
26938 0
26951 1
26963 0
26970 0
26984 1
26997 1
27009 0
27024 0
27037 0
27045 1
27056 0
27065 0
27066 0
27079 0
27080 0
27082 0
27090 1
27103 0
27108 0
27120 0
27132 0
27140 0
27145 0
27158 1
27159 0
27172 0
27179 1
27184 0
27193 0
27198 1
27201 0
27207 0
27215 1
27226 0
27241 0
27244 0
27252 1
27256 0
27271 0
27280 1
27282 0
27283 1
27297 1
27298 0
27301 1
27306 1
27320 1
27326 1
27338 1
27350 1
27356 1
27364 1
27379 1
27385 1
27386 0
27393 1
27407 1
27412 1
27422 0
27425 1
27426 0
27434 0
27445 0
27456 1
27467 1
27471 1
27477 0
27486 0
27500 0
27506 0
27520 0
27524 0
27539 0
27553 0
27565 1
27574 0
27589 1
27601 0
27606 1
27618 0
27624 1
27625 1
27638 1
27653 1
27667 1
27676 1
27688 1
27699 0
27700 0
27712 1
27719 0
27726 0
27740 1
27753 0
27764 0
27765 1
27772 0
27773 0
27785 1
27789 0
27792 0
27803 0
27811 0
27819 0
27828 0
27834 0
27842 1
27863 0
27870 0
27878 0
27893 0
27905 0
27914 1
27919 0
27934 1
27949 0
27958 0
27973 0
27986 1
27988 1
28001 1
28009 1
28020 0
28031 1
28039 0
28056 0
28070 0
28073 0
28074 0
28081 1
28093 0
28100 0
28104 1
28112 1
28116 0
28121 1
28122 1
28136 1
28143 0
28151 0
28159 1
28173 0
28188 0
28203 0
28208 1
28215 0
28224 0
28226 0
28231 1
28254 0
28266 1
28272 0
28287 0
28295 0
28304 1
28306 0
28318 0
28327 1
28342 0
28343 1
28349 0
28360 1
28368 1
28373 0
28387 1
28402 0
28411 1
28418 1
28425 1
28439 1
28446 0
28461 1
28475 0
28479 0
28485 0
28486 0
28491 0
28504 1
28507 1
28511 0
28518 0
28530 1
28543 1
28548 1
28555 0
28560 1
28567 1
28571 0
28575 1
28588 1
28603 1
28606 1
28609 1
28618 1
28622 1
28623 1
28630 0
28634 0
28635 1
28647 0
28662 0
28673 0
28677 1
28690 0
28692 0
28706 1
28709 1
28712 1
28717 0
28720 1
28733 0
28738 0
28749 1
28763 1
28777 1
28786 1
28790 0
28803 0
28805 0
28813 1
28828 1
28829 0
28835 1
28846 0
28852 0
28864 1
28877 1
28889 0
28890 1
28892 0
28893 0
28902 1
28908 0
28922 1
28924 1
28927 1
28938 0
28951 0
28958 1
28972 1
28974 1
28981 0
28990 0
29003 1
29010 1
29022 1
29031 0
29038 0
29047 0
29055 1
29060 0
29073 1
29076 1
29088 1
29103 1
29108 0
29116 0
29131 0
29134 0
29145 0
29154 0
29165 1
29166 0
29170 1
29181 0
29185 0
29194 1
29211 0
29225 1
29238 1
29251 0
29255 0
29270 0
29285 0
29293 0
29298 1
29301 1
29322 1
29326 1
29338 1
29340 0
29345 0
29347 0
29352 0
29366 0
29367 1
29381 0
29392 1
29402 1
29407 0
29414 0
29425 0
29434 0
29440 1
29442 1
29447 1
29450 0
29462 1
29469 1
29472 0
29474 0
29480 0
29487 0
29490 1
29504 0
29511 1
29523 0
29526 0
29529 0
29532 0
29540 1
29548 0
29561 0
29565 0
29573 1
29578 0
29589 1
29604 0
29608 0
29616 1
29624 0
29636 0
29638 0
29653 0
29657 1
29666 1
29671 1
29685 1
29697 1
29712 0
29721 0
29734 0
29743 0
29758 1
29771 0
29780 0
29786 0
29797 0
29805 1
29810 1
29824 0
29838 1
29852 0
29853 1
29857 1
29866 1
29870 0
29879 1
29890 1
29896 0
29917 1
29922 1
29933 0
29935 1
29936 0
29944 0
29950 1
29956 1
29967 1
29970 0
29979 1
29986 0
30000 1
30006 0
30007 1
30008 1
30009 1
30023 0
30034 1
30037 0
30046 0
30057 1
30064 1
30071 1
30082 0
30083 1
30095 0
30097 0
30099 1
30114 1
30133 1
30141 0
30146 1
30147 1
30156 0
30159 0
30165 1
30179 1
30193 1
30201 0
30204 1
30205 1
30216 1
30231 0
30238 0
30253 1
30266 1
30275 1
30277 1
30284 0
30305 0
30316 0
30331 0
30336 0
30350 0
30365 0
30370 1
30373 0
30378 0
30393 1
30397 1
30406 0
30413 1
30428 0
30436 0
30445 1
30451 1
30464 1
30472 1
30477 1
30490 0
30494 1
30499 1
30507 0
30514 0
30521 1
30523 1
30537 0
30543 0
30557 0
30558 1
30561 1
30574 1
30588 1
30597 1
30605 0
30610 0
30611 0
30619 1
30622 0
30625 1
30631 0
30639 1
30647 0
30654 1
30666 0
30681 0
30685 1
30699 1
30706 1
30709 1
30724 1
30726 1
30732 1
30733 0
30748 0
30754 0
30755 1
30770 1
30775 1
30779 1
30793 0
30805 0
30819 0
30825 0
30839 1
30842 1
30853 1
30862 0
30869 1
30870 1
30871 1
30885 1
30893 0
30908 0
30920 0
30929 1
30936 0
30949 1
30956 1
30967 0
30979 1
30991 1
30999 1
31010 0
31013 1
31016 1
31027 0
31038 0
31049 1
31050 0
31052 1
31057 1
31070 0
31083 1
31095 0
31107 0
31119 1
31128 0
31131 1
31134 0
31139 0
31153 1
31164 1
31178 0
31185 1
31186 1
31199 1
31204 0
31212 0
31215 1
31223 1
31237 1
31238 1
31239 1
31254 1
31260 0
31271 0
31272 1
31279 1
31290 0
31304 0
31318 1
31333 0
31335 1
31346 1
31353 1
31361 1
31363 1
31365 1
31367 0
31378 0
31382 1
31395 0
31402 1
31404 1
31406 0
31410 0
31417 1
31426 1
31430 1
31432 0
31434 1
31447 0
31454 1
31461 1
31474 0
31477 1
31483 1
31489 1
31492 1
31494 0
31501 0
31516 0
31530 1
31539 0
31546 1
31557 1
31559 1
31571 0
31582 0
31586 0
31598 0
31603 0
31611 0
31615 1
31628 0
31630 0
31637 1
31646 0
31649 1
31660 1
31671 1
31676 0
31690 0
31697 0
31704 0
31719 0
31727 0
31735 0
31740 1
31754 0
31761 0
31773 0
31776 1
31777 1
31781 1
31792 1
31797 1
31806 0
31812 0
31818 0
31821 0
31836 1
31839 1
31850 1
31853 1
31868 0
31879 1
31890 1
31894 1
31896 0
31898 1
31910 0
31913 0
31916 1
31922 0
31928 0
31930 1
31932 1
31935 0
31939 0
31943 1
31956 1
31971 1
31982 1
31984 0
31996 1
32004 1
32011 1
32020 1
32032 0
32046 0
32049 1
32052 1
32058 1
32062 0
32071 1
32079 1
32087 1
32092 0
32101 1
32110 0
32112 0
32120 1
32135 0
32144 0
32155 1
32166 1
32168 0
32169 0
32180 1
32189 1
32191 0
32192 1
32207 1
32216 0
32218 1
32230 1
32239 0
32241 1
32248 1
32254 0
32265 0
32271 1
32280 0
32284 0
32299 1
32304 0
32310 1
32318 0
32319 0
32325 0
32333 1
32337 0
32339 1
32345 0
32365 0
32379 0
32387 0
32391 0
32402 1
32415 1
32422 0
32436 1
32437 0
32443 0
32454 1
32462 1
32466 0
32474 1
32488 0
32494 1
32509 0
32521 1
32529 1
32535 1
32549 0
32560 1
32564 1
32568 1
32580 0
32584 0
32588 0
32589 0
32602 1
32604 1
32619 0
32628 0
32640 1
32646 0
32647 1
32662 1
32675 0
32678 1
32681 0
32689 1
32692 0
32696 1
32708 0
32714 1
32725 1
32737 0
32739 1
32751 1
32755 1
32769 0
32783 1
32792 1
32793 0
32805 1
32810 0
32816 0
32825 0
32833 0
32842 0
32851 0
32855 1
32863 1
32874 0
32882 1
32897 1
32911 1
32917 0
32922 0
32935 0
32936 0
32950 0
32955 1
32963 0
32964 1
32978 0
32989 1
33002 0
33016 0
33027 1
33031 1
33035 0
33038 1
33049 0
33062 1
33075 1
33076 0
33090 0
33105 1
33119 1
33121 0
33133 1
33136 0
33144 0
33155 0
33168 0
33180 0
33183 0
33196 1
33203 1
33204 1
33207 1
33216 0
33221 1
33223 0
33225 1
33239 1
33254 1
33259 0
33273 1
33279 0
33287 0
33296 0
33301 0
33312 1
33324 1
33338 0
33341 0
33345 0
33347 1
33353 1
33367 1
33371 0
33379 1
33392 0
33398 1
33400 0
33415 1
33430 0
33439 0
33454 1
33463 0
33476 1
33488 0
33502 0
33508 0
33513 1
33516 1
33529 1
33542 1
33546 1
33559 1
33572 1
33587 0
33591 1
33596 1
33609 0
33620 1
33627 1
33638 1
33649 1
33656 0
33664 0
33679 0
33686 0
33687 0
33694 1
33706 1
33708 0
33712 1
33727 0
33736 0
33738 1
33740 0
33753 1
33760 0
33766 1
33769 0
33783 0
33787 1
33792 0
33798 0
33811 1
33816 1
33827 0
33834 1
33843 1
33856 0
33857 1
33864 1
33877 0
33889 1
33893 1
33901 0
33904 1
33915 1
33929 0
33938 0
33947 0
33955 0
33970 1
33977 1
33979 1
33983 1
33987 0
33998 0
34004 0
34011 0
34018 0
34019 0
34033 1
34048 0
34055 0
34069 0
34081 0
34095 0
34107 0
34109 1
34123 0
34128 1
34143 0
34151 0
34163 0
34164 0
34167 1
34171 0
34184 0
34187 1
34193 1
34195 1
34197 0
34211 1
34218 1
34219 1
34226 0
34231 1
34237 1
34251 0
34254 1
34267 0
34279 0
34290 0
34294 1
34306 1
34311 1
34319 0
34322 1
34328 0
34336 0
34350 1
34364 1
34365 1
34368 0
34376 0
34389 1
34393 0
34406 0
34419 1
34424 1
34427 1
34432 0
34445 1
34456 1
34459 0
34473 0
34478 1
34492 0
34498 0
34512 0
34518 1
34531 0
34545 0
34548 1
34553 0
34568 1
34582 0
34584 1
34586 0
34600 1
34615 0
34624 1
34630 1
34634 1
34647 0
34651 1
34656 1
34660 0
34672 0
34683 1
34685 1
34699 1
34703 1
34718 0
34732 0
34735 0
34749 0
34751 1
34764 0
34773 0
34775 1
34788 0
34790 1
34804 1
34806 0
34811 1
34812 1
34835 1
34844 0
34850 0
34853 0
34854 1
34861 0
34873 0
34886 0
34888 0
34899 1
34905 1
34917 1
34930 0
34942 1
34943 1
34950 1
34965 1
34966 0
34977 0
34984 0
34986 1
34988 0
34992 0
35003 0
35018 1
35019 0
35032 0
35036 0
35047 1
35058 0
35070 1
35072 0
35087 0
35093 0
35108 1
35117 0
35131 0
35138 1
35164 1
35167 0
35182 1
35195 1
35197 1
35198 1
35210 1
35225 0
35233 1
35239 0
35247 1
35261 0
35264 0
35267 1
35280 1
35281 1
35283 1
35290 1
35305 1
35312 1
35319 1
35333 0
35345 0
35346 0
35349 1
35352 0
35354 1
35358 0
35369 0
35383 1
35391 1
35403 1
35404 0
35416 0
35431 0
35439 0
35453 1
35455 1
35468 1
35469 1
35470 1
35484 1
35497 0
35511 1
35514 0
35519 0
35528 0
35536 0
35537 0
35542 0
35549 1
35558 1
35573 0
35580 1
35584 1
35590 1
35597 1
35609 1
35613 1
35615 0
35630 0
35631 0
35642 1
35647 0
35670 0
35685 0
35692 0
35699 0
35713 0
35721 1
35726 0
35727 1
35732 0
35739 1
35748 0
35759 1
35773 0
35784 0
35798 0
35802 0
35806 0
35810 0
35815 0
35821 1
35833 1
35836 0
35844 0
35847 1
35855 0
35868 0
35876 1
35881 0
35885 1
35893 0
35907 1
35920 0
35924 0
35927 1
35928 1
35943 1
35950 0
35955 0
35961 1
35977 1
35981 1
35994 0
35995 1
36010 1
36023 0
36037 0
36048 0
36059 1
36074 0
36085 0
36087 1
36088 0
36090 1
36104 1
36115 1
36117 1
36118 1
36125 1
36132 0
36153 1
36164 1
36178 1
36192 1
36207 1
36209 0
36222 0
36223 0
36229 1
36246 0
36247 0
36248 0
36252 1
36263 1
36268 1
36275 0
36277 1
36282 1
36294 0
36298 0
36301 0
36302 0
36304 0
36309 0
36314 0
36315 0
36321 0
36326 0
36339 0
36344 1
36351 1
36363 0
36368 1
36374 1
36376 0
36391 1
36392 1
36407 0
36420 1
36421 1
36428 1
36431 1
36436 1
36448 1
36459 1
36465 1
36469 0
36478 1
36487 1
36502 0
36516 0
36520 1
36527 0
36533 0
36541 1
36547 1
36554 0
36579 1
36590 0
36604 1
36612 0
36625 0
36636 1
36650 0
36665 1
36667 0
36678 0
36680 0
36685 0
36700 1
36707 1
36709 0
36713 0
36720 0
36735 0
36742 0
36755 0
36770 1
36778 1
36785 1
36797 1
36809 0
36817 1
36831 0
36833 1
36845 1
36851 0
36859 1
36867 1
36869 0
36872 1
36884 0
36893 1
36907 0
36919 0
36932 1
36940 0
36943 1
36958 0
36960 0
36973 1
36988 1
36992 1
37000 1
37013 1
37025 1
37037 1
37050 0
37061 1
37065 1
37070 1
37083 1
37092 1
37094 0
37107 0
37112 1
37116 0
37120 0
37131 0
37132 0
37133 1
37134 0
37146 1
37154 1
37156 1
37171 1
37185 0
37196 0
37201 1
37218 1
37231 1
37239 0
37258 0
37259 0
37260 0
37269 1
37275 0
37284 0
37299 1
37302 0
37307 0
37320 1
37323 1
37326 1
37329 0
37337 0
37348 1
37361 1
37376 1
37388 0
37402 1
37404 0
37416 1
37421 0
37429 0
37438 0
37444 1
37446 0
37451 1
37460 1
37469 1
37475 1
37476 0
37484 0
37497 0
37508 1
37510 0
37523 0
37538 1
37542 1
37550 0
37554 1
37561 0
37568 1
37572 1
37578 0
37587 1
37596 1
37604 1
37619 1
37623 0
37630 1
37636 1
37654 1
37660 1
37673 1
37681 1
37692 0
37700 1
37713 0
37716 0
37721 1
37730 1
37734 0
37748 1
37754 0
37767 0
37779 1
37780 1
37788 1
37792 1
37797 1
37804 0
37823 1
37828 1
37835 0
37843 1
37851 0
37865 1
37877 1
37889 0
37895 0
37900 1
37906 1
37909 1
37916 1
37929 0
37932 0
37934 0
37941 0
37953 1
37958 1
37973 1
37977 1
37983 1
37992 0
37994 1
38007 1
38021 1
38036 1
38040 0
38052 1
38057 0
38070 0
38083 0
38088 0
38096 1
38109 0
38116 1
38125 1
38133 1
38142 1
38155 1
38169 0
38174 0
38175 1
38187 0
38193 1
38208 0
38220 0
38226 0
38240 0
38242 1
38255 1
38259 0
38268 1
38276 0
38282 1
38294 1
38299 0
38307 1
38333 0
38340 1
38354 1
38362 0
38368 0
38377 1
38382 0
38383 0
38391 0
38398 0
38405 1
38417 0
38431 0
38445 0
38457 0
38468 0
38475 0
38488 0
38495 1
38509 1
38515 0
38527 0
38538 0
38543 1
38544 1
38553 0
38555 0
38566 0
38569 1
38574 1
38591 0
38595 0
38607 1
38613 1
38621 1
38623 1
38636 1
38647 0
38661 0
38663 1
38674 0
38679 1
38694 1
38697 1
38705 0
38732 1
38743 0
38758 0
38764 0
38771 1
38785 1
38796 0
38805 1
38824 0
38829 0
38843 0
38844 1
38856 0
38857 0
38865 0
38879 1
38886 0
38898 1
38913 0
38915 1
38916 1
38922 0
38923 1
38929 0
38940 0
38948 0
38963 1
38976 0
38991 1
38992 1
38998 0
39009 1
39020 1
39024 0
39028 1
39043 1
39046 1
39061 1
39074 0
39085 0
39094 0
39100 1
39109 0
39121 0
39128 0
39137 1
39145 0
39151 1
39164 1
39165 1
39167 0
39169 0
39171 0
39178 1
39190 0
39206 0
39208 0
39214 1
39225 1
39230 1
39231 0
39237 1
39240 0
39253 0
39256 1
39259 0
39268 1
39283 1
39296 0
39301 0
39312 0
39324 1
39329 0
39342 0
39353 1
39365 1
39371 0
39382 1
39402 1
39416 1
39424 0
39429 1
39433 1
39448 1
39457 0
39466 0
39479 0
39481 1
39488 0
39492 1
39503 1
39505 0
39510 0
39516 1
39527 1
39541 1
39545 0
39546 0
39548 1
39557 1
39564 0
39566 1
39573 1
39577 0
39586 1
39600 0
39619 0
39632 0
39640 1
39651 1
39656 0
39660 1
39671 1
39682 0
39683 1
39690 0
39697 0
39711 0
39722 1
39723 1
39735 0
39748 1
39762 1
39771 0
39773 1
39785 1
39788 0
39797 1
39812 0
39817 0
39828 0
39840 1
39855 0
39870 1
39872 1
39883 0
39885 1
39899 0
39910 1
39921 0
39935 0
39936 1
39939 1
39950 1
39963 1
39966 0
39971 0
39978 1
39991 1
40006 1
40007 0
40022 1
40027 0
40040 1
40041 1
40054 0
40058 1
40069 0
40084 1
40085 0
40100 1
40102 0
40108 0
40115 0
40124 0
40137 0
40152 1
40164 0
40176 1
40189 1
40195 1
40199 0
40202 1
40206 1
40207 1
40220 0
40228 0
40243 0
40254 0
40257 1
40270 1
40284 0
40290 0
40302 1
40316 1
40328 1
40336 0
40340 0
40353 0
40357 0
40363 1
40364 0
40379 0
40395 1
40409 0
40414 1
40422 0
40435 0
40437 0
40445 1
40466 1
40474 1
40478 0
40492 1
40506 1
40510 1
40513 0
40528 1
40536 0
40539 1
40541 1
40552 0
40566 0
40575 1
40587 0
40591 0
40605 1
40620 0
40633 0
40642 1
40649 0
40650 0
40656 1
40671 0
40675 1
40686 0
40690 1
40702 1
40715 1
40726 1
40741 1
40752 1
40754 1
40769 0
40775 1
40801 0
40814 0
40822 1
40828 1
40835 0
40861 0
40863 0
40876 0
40878 1
40889 0
40901 0
40913 1
40921 0
40928 0
40939 1
40950 0
40955 0
40957 1
40966 1
40969 0
40970 1
40973 1
40977 0
40981 1
40992 1
41005 1
41009 0
41012 1
41018 0
41027 0
41033 0
41038 1
41045 1
41048 1
41061 1
41067 1
41082 1
41084 0
41090 1
41096 0
41101 0
41114 0
41118 1
41127 1
41136 1
41145 0
41151 0
41159 0
41160 1
41163 1
41175 1
41187 1
41192 0
41214 0
41228 1
41230 0
41243 1
41254 1
41260 0
41265 1
41277 0
41289 1
41296 0
41310 0
41325 1
41330 1
41342 0
41353 1
41366 0
41369 1
41377 1
41382 1
41397 1
41403 1
41410 1
41424 1
41438 1
41451 1
41456 1
41471 1
41474 0
41479 1
41485 1
41487 1
41488 0
41493 0
41502 0
41516 0
41531 0
41532 0
41543 1
41554 0
41566 1
41568 0
41574 0
41579 0
41581 0
41582 1
41586 1
41592 0
41593 0
41597 0
41600 0
41616 1
41617 1
41622 0
41634 0
41638 1
41652 0
41658 1
41663 1
41672 0
41677 0
41680 0
41694 0
41703 0
41714 1
41716 1
41717 1
41726 0
41734 0
41739 0
41741 1
41745 0
41756 0
41757 1
41762 1
41774 1
41793 0
41796 0
41800 1
41807 1
41814 0
41818 1
41823 0
41830 0
41839 1
41852 1
41860 0
41864 1
41878 1
41882 0
41889 0
41894 0
41908 0
41912 0
41914 0
41916 0
41917 1
41922 1
41925 0
41936 1
41947 0
41953 0
41968 1
41971 0
41973 0
41985 1
41989 1
42001 1
42014 0
42026 0
42031 1
42045 0
42052 0
42060 0
42075 0
42080 0
42082 1
42087 1
42094 0
42103 1
42109 1
42114 1
42123 1
42130 1
42132 0
42144 0
42150 1
42161 0
42163 0
42171 0
42182 1
42193 1
42196 1
42200 0
42202 0
42209 0
42223 0
42229 0
42235 0
42238 1
42242 0
42253 1
42255 1
42258 1
42261 0
42270 0
42274 1
42287 0
42294 1
42303 0
42311 0
42313 1
42324 0
42335 0
42350 1
42358 1
42365 1
42368 1
42373 0
42374 0
42386 1
42390 1
42404 0
42411 1
42413 1
42428 0
42434 1
42445 1
42449 1
42454 0
42462 0
42469 1
42483 0
42490 1
42497 0
42501 1
42503 1
42505 0
42514 1
42520 1
42535 0
42549 0
42553 1
42565 1
42579 0
42581 0
42586 0
42593 0
42607 0
42610 0
42613 0
42619 1
42646 0
42658 1
42670 0
42684 0
42689 1
42698 0
42709 0
42720 1
42735 0
42746 0
42751 1
42764 1
42771 1
42776 0
42784 1
42789 0
42803 1
42812 0
42819 0
42832 1
42836 1
42840 1
42851 1
42862 0
42877 0
42884 1
42892 0
42906 1
42915 1
42928 1
42933 0
42936 1
42942 1
42948 1
42949 1
42960 1
42977 1
42992 1
42999 1
43004 0
43017 1
43044 0
43053 0
43060 0
43075 0
43079 1
43083 1
43097 1
43104 0
43109 0
43110 0
43124 0
43138 0
43142 0
43155 0
43167 0
43173 0
43188 0
43196 0
43210 1
43212 0
43223 1
43237 0
43252 1
43257 1
43272 0
43283 1
43287 0
43299 1
43310 1
43317 0
43337 1
43338 0
43345 0
43360 1
43375 1
43377 1
43384 1
43399 1
43412 0
43426 0
43429 0
43444 1
43456 1
43464 1
43471 1
43480 1
43491 0
43504 0
43517 1
43524 0
43538 1
43543 0
43544 0
43557 0
43559 0
43571 0
43586 0
43589 0
43597 1
43603 0
43614 0
43622 1
43625 1
43633 1
43641 0
43648 1
43659 0
43667 0
43682 0
43697 1
43708 0
43714 0
43725 0
43727 0
43740 1
43753 1
43761 0
43766 1
43780 1
43782 1
43783 1
43798 1
43803 1
43809 0
43818 1
43829 1
43843 1
43846 0
43859 0
43873 1
43888 1
43902 1
43915 1
43918 0
43919 1
43920 0
43925 1
43937 0
43945 1
43971 0
43979 0
43992 1
43998 1
44013 0
44025 1
44038 1
44040 1
44046 0
44052 1
44053 0
44060 1
44069 0
44075 1
44089 0
44094 1
44108 0
44115 1
44126 1
44129 1
44138 0
44150 0
44159 1
44168 0
44176 1
44189 0
44192 1
44196 1
44204 0
44218 1
44233 0
44244 1
44253 1
44258 1
44265 0
44266 1
44279 0
44288 1
44303 1
44306 1
44315 0
44324 0
44329 1
44342 1
44347 1
44356 1
44363 1
44368 0
44389 0
44395 1
44413 1
44414 0
44419 1
44431 1
44432 1
44438 1
44445 0
44457 0
44461 0
44467 0
44481 0
44490 0
44491 1
44503 1
44507 1
44515 1
44523 0
44524 0
44532 0
44547 0
44561 1
44563 1
44564 0
44568 1
44570 1
44582 1
44588 1
44594 0
44595 0
44617 1
44626 1
44633 1
44638 0
44644 1
44652 1
44660 1
44672 1
44678 0
44689 0
44702 1
44709 0
44723 0
44731 1
44746 1
44749 1
44760 0
44771 0
44773 1
44779 0
44782 1
44784 1
44785 1
44792 1
44799 1
44804 1
44816 0
44820 0
44829 0
44838 0
44847 0
44854 1
44865 0
44880 0
44888 1
44889 0
44893 0
44900 1
44911 1
44914 0
44929 1
44943 1
44958 1
44973 0
44977 1
44988 0
44991 0
44994 1
45009 0
45011 0
45028 1
45037 0
45043 1
45055 1
45063 0
45066 0
45077 1
45083 0
45095 1
45106 0
45118 1
45130 0
45137 1
45152 0
45156 0
45158 1
45172 0
45181 1
45185 1
45187 0
45190 0
45198 0
45203 1
45214 1
45221 0
45223 0
45226 1
45237 1
45250 1
45259 0
45271 0
45280 1
45294 0
45301 1
45306 0
45315 1
45317 1
45321 1
45336 1
45342 1
45357 0
45366 1
45371 1
45372 1
45384 1
45387 0
45402 1
45415 1
45421 1
45430 1
45439 1
45450 0
45451 1
45455 1
45463 1
45469 1
45471 1
45472 0
45484 1
45488 1
45502 0
45515 0
45522 0
45529 1
45540 1
45555 0
45556 0
45562 1
45574 0
45589 1
45595 0
45618 1
45627 0
45639 0
45651 1
45653 1
45659 1
45664 0
45677 1
45681 0
45696 1
45698 0
45703 1
45717 1
45729 0
45731 1
45742 0
45756 1
45771 1
45778 1
45789 0
45796 1
45808 0
45811 1
45816 0
45820 1
45824 1
45838 0
45847 1
45861 1
45873 1
45876 0
45882 0
45895 0
45897 0
45902 1
45916 1
45923 0
45939 1
45947 0
45952 1
45966 0
45977 0
45984 0
45993 0
45997 0
45998 1
46011 1
46018 1
46030 0
46037 1
46039 0
46042 0
46055 0
46066 0
46069 1
46072 1
46083 0
46085 1
46086 0
46090 0
46099 0
46104 0
46113 1
46128 1
46129 1
46134 0
46136 0
46151 1
46162 1
46176 1
46181 0
46193 0
46206 0
46213 1
46218 0
46230 1
46245 0
46248 1
46262 1
46267 1
46281 0
46293 1
46306 1
46319 1
46320 1
46332 0
46333 1
46346 1
46358 0
46370 0
46381 0
46390 0
46394 0
46403 0
46414 0
46420 1
46433 1
46446 1
46458 1
46473 1
46475 0
46479 1
46481 0
46490 0
46492 0
46505 1
46512 0
46514 1
46529 0
46541 1
46544 1
46545 1
46552 1
46560 0
46575 0
46587 0
46590 1
46598 1
46604 1
46617 1
46626 0
46632 1
46641 0
46655 0
46663 1
46676 0
46691 1
46705 1
46712 0
46713 0
46729 1
46734 1
46745 1
46753 1
46755 1
46764 0
46768 0
46773 1
46779 1
46790 0
46804 0
46806 1
46817 0
46828 0
46843 0
46855 0
46856 0
46860 0
46862 1
46868 0
46873 1
46881 1
46896 1
46904 0
46917 1
46923 1
46935 0
46946 0
46959 0
46967 1
46974 0
46981 0
46983 0
46989 1
47000 0
47009 1
47016 0
47031 0
47039 0
47041 0
47054 0
47061 0
47075 1
47083 0
47087 0
47096 0
47103 1
47108 0
47110 0
47111 1
47119 1
47126 1
47133 1
47144 1
47158 1
47166 0
47187 1
47192 0
47196 1
47209 1
47212 0
47213 0
47225 1
47229 1
47233 1
47240 0
47249 1
47262 1
47276 1
47282 0
47291 0
47293 1
47295 1
47310 0
47319 1
47328 1
47330 1
47341 1
47342 0
47350 1
47356 0
47379 0
47391 0
47396 0
47411 0
47415 0
47430 1
47445 0
47451 0
47460 1
47466 1
47477 0
47480 1
47495 0
47498 1
47511 1
47516 0
47529 1
47533 1
47545 1
47546 0
47547 1
47561 0
47564 0
47565 1
47568 0
47579 1
47592 1
47596 0
47599 0
47605 0
47620 0
47635 0
47648 0
47662 0
47667 0
47673 1
47684 0
47698 0
47699 1
47707 1
47713 0
47732 0
47737 0
47752 1
47756 0
47761 1
47762 0
47776 0
47783 1
47795 0
47799 1
47808 0
47813 1
47817 1
47832 1
47838 0
47853 1
47864 0
47870 0
47872 1
47887 1
47895 0
47906 1
47919 1
47921 0
47934 1
47943 1
47956 1
47958 0
47963 1
47970 1
47974 0
47983 1
47994 1
48003 0
48016 1
48021 0
48024 0
48039 0
48041 1
48048 0
48053 1
48066 1
48073 1
48088 0
48093 0
48098 1
48111 1
48123 0
48135 1
48142 0
48151 1
48157 1
48168 1
48181 1
48194 0
48203 0
48208 0
48217 1
48219 1
48231 1
48232 1
48246 0
48247 1
48260 1
48265 0
48268 0
48271 0
48278 1
48297 0
48302 0
48307 0
48315 1
48318 0
48323 0
48326 0
48328 0
48340 0
48341 0
48353 0
48355 0
48368 0
48372 1
48375 0
48380 1
48386 0
48398 0
48401 0
48414 0
48420 0
48422 1
48437 1
48450 1
48465 1
48477 1
48481 1
48485 0
48500 0
48514 1
48519 1
48532 0
48533 1
48547 1
48555 0
48564 1
48572 1
48576 1
48589 1
48591 0
48592 0
48593 1
48600 1
48612 0
48617 0
48620 0
48629 0
48638 0
48647 0
48650 1
48663 1
48666 0
48670 1
48685 0
48696 1
48701 1
48706 1
48715 0
48719 1
48731 1
48737 0
48742 1
48746 1
48762 0
48763 0
48770 0
48784 0
48788 0
48797 1
48801 1
48812 0
48814 1
48828 0
48835 1
48846 0
48847 0
48859 0
48871 1
48878 1
48893 1
48894 0
48897 0
48902 0
48915 1
48929 1
48933 1
48934 0
48939 0
48940 0
48962 1
48964 1
48976 1
48987 0
48996 0
48998 1
49012 1
49027 1
49040 1
49045 0
49047 1
49054 1
49067 1
49078 0
49093 0
49101 0
49116 1
49124 0
49137 0
49139 0
49143 1
49157 0
49171 1
49175 0
49180 1
49191 1
49196 0
49197 0
49198 0
49203 1
49210 1
49216 1
49218 1
49220 1
49225 1
49229 0
49242 1
49243 0
49258 0
49262 0
49271 0
49282 0
49295 0
49297 0
49304 0
49306 0
49315 0
49327 0
49342 1
49350 1
49364 1
49366 0
49378 1
49391 0
49397 0
49408 0
49415 1
49430 0
49445 1
49456 0
49471 1
49486 1
49499 0
49507 0
49515 1
49516 0
49520 0
49521 0
49523 1
49536 0
49545 0
49552 1
49559 1
49574 0
49582 1
49585 0
49593 0
49596 0
49601 0
49615 0
49616 0
49624 1
49637 1
49645 1
49657 1
49672 1
49679 0
49681 0
49684 1
49704 0
49710 1
49717 0
49718 1
49723 0
49730 1
49735 1
49753 0
49754 0
49759 1
49767 1
49773 0
49774 0
49786 0
49798 0
49809 1
49810 1
49819 0
49834 1
49841 1
49844 1
49859 0
49872 0
49873 1
49885 0
49890 0
49894 0
49898 1
49900 0
49903 0
49904 0
49918 0
49933 0
49941 1
49952 1
49955 1
49968 1
49973 1
49984 0
49986 0
49998 0
50003 1
50012 0
50016 0
50031 1
50034 0
50038 1
50042 1
50043 0
50049 0
50058 0
50069 1
50082 1
50086 0
50089 0
50091 0
50105 1
50111 1
50116 1
50129 1
50144 1
50146 0
50160 1
50179 0
50183 1
50194 1
50200 0
50213 0
50226 0
50237 0
50252 0
50264 0
50266 0
50273 0
50274 1
50288 0
50290 1
50297 0
50312 1
50319 1
50328 1
50333 1
50337 1
50340 1
50354 1
50363 1
50368 0
50374 0
50379 0
50394 0
50397 1
50412 0
50427 1
50435 0
50442 0
50449 1
50460 1
50467 0
50474 1
50488 1
50493 0
50505 0
50519 1
50531 1
50545 0
50556 0
50562 1
50563 0
50571 1
50574 0
50586 0
50588 0
50590 1
50592 1
50601 0
50614 0
50629 1
50643 0
50656 1
50661 0
50683 0
50688 0
50690 0
50693 1
50696 1
50703 1
50709 1
50713 0
50715 0
50716 1
50729 1
50732 1
50740 1
50755 0
50768 1
50774 0
50779 0
50788 1
50812 1
50816 1
50828 0
50832 1
50844 0
50855 1
50861 1
50866 0
50880 0
50884 1
50888 0
50891 0
50900 0
50903 0
50912 0
50926 0
50940 0
50944 0
50951 0
50956 1
50965 1
50979 1
50991 0
51006 1
51007 0
51011 1
51026 0
51032 0
51043 0
51049 0
51063 1
51077 0
51078 0
51079 0
51092 1
51095 1
51101 0
51108 1
51116 0
51131 1
51152 1
51153 0
51158 1
51167 0
51179 1
51181 0
51196 1
51203 1
51208 0
51212 0
51224 0
51239 0
51240 0
51251 1
51263 1
51276 1
51284 1
51295 0
51300 1
51311 0
51340 1
51348 0
51359 0
51373 0
51384 1
51387 1
51394 0
51403 1
51410 0
51421 0
51428 1
51430 0
51444 0
51445 1
51457 0
51469 1
51480 0
51491 1
51506 0
51512 0
51523 1
51527 0
51539 1
51551 1
51559 1
51564 0
51578 1
51582 1
51585 1
51599 0
51604 1
51605 1
51606 0
51617 1
51618 0
51631 0
51632 0
51634 1
51648 1
51655 0
51673 0
51677 0
51683 1
51690 1
51702 1
51705 0
51711 1
51724 1
51730 1
51745 0
51754 1
51761 0
51780 1
51786 1
51788 0
51801 0
51816 0
51827 1
51834 1
51842 1
51856 1
51860 1
51875 0
51884 1
51896 1
51909 1
51921 1
51936 1
51950 1
51965 0
51971 1
51983 0
51986 1
51990 1
51992 0
51993 0
52007 1
52019 0
52020 1
52031 0
52043 1
52056 1
52071 1
52082 0
52088 0
52094 1
52107 0
52111 1
52126 0
52129 1
52131 1
52142 0
52162 0
52171 0
52175 0
52180 0
52193 0
52196 0
52207 0
52213 0
52224 0
52230 1
52239 0
52250 0
52264 1
52272 1
52275 1
52279 0
52292 0
52303 0
52314 0
52323 1
52330 0
52331 1
52339 1
52353 1
52362 0
52367 1
52369 0
52378 0
52390 0
52394 0
52402 0
52405 0
52419 0
52432 1
52434 0
52438 0
52445 1
52460 0
52468 1
52486 0
52492 0
52494 1
52498 0
52500 0
52515 0
52517 1
52528 1
52531 0
52536 0
52544 1
52551 1
52566 0
52569 0
52572 1
52585 0
52590 0
52604 1
52617 1
52622 1
52623 0
52626 1
52627 0
52632 0
52637 1
52640 0
52653 1
52665 1
52673 1
52678 1
52687 0
52702 1
52708 1
52715 0
52722 0
52725 1
52739 1
52753 1
52756 0
52765 0
52773 0
52781 1
52787 0
52800 1
52807 1
52814 0
52822 0
52833 0
52845 1
52852 0
52859 1
52870 0
52890 1
52893 0
52905 1
52918 0
52933 1
52938 0
52944 0
52949 0
52963 0
52975 1
52982 0
52987 0
52994 0
53002 1
53003 1
53006 0
53027 1
53042 0
53050 1
53064 1
53073 0
53085 1
53086 1
53088 0
53093 0
53107 0
53114 0
53123 1
53135 0
53150 1
53164 0
53179 1
53192 1
53196 1
53210 1
53218 1
53232 0
53244 1
53253 1
53254 0
53257 1
53269 0
53270 1
53273 1
53286 0
53304 0
53311 1
53323 0
53327 1
53336 0
53351 0
53356 1
53378 1
53383 1
53389 0
53401 0
53413 0
53418 0
53431 1
53440 1
53452 0
53456 1
53460 0
53467 1
53482 0
53487 0
53501 1
53516 0
53525 1
53537 1
53551 1
53565 1
53566 0
53573 0
53584 0
53595 0
53600 1
53612 1
53624 0
53631 0
53638 1
53642 0
53645 0
53657 0
53669 1
53682 0
53686 1
53695 0
53709 1
53711 0
53724 0
53730 0
53736 0
53738 1
53752 1
53764 0
53770 1
53771 0
53773 1
53775 0
53777 1
53792 1
53793 1
53804 1
53816 0
53820 1
53822 1
53837 0
53840 1
53854 0
53861 1
53873 0
53881 1
53888 1
53890 0
53903 0
53917 0
53930 0
53931 1
53936 1
53941 1
53956 0
53961 1
53969 0
53982 0
53988 1
53996 0
54005 1
54019 0
54024 0
54032 0
54037 0
54049 1
54051 0
54054 1
54065 1
54068 1
54069 0
54084 1
54095 0
54107 0
54119 0
54126 0
54134 0
54149 1
54160 1
54168 0
54181 0
54182 1
54195 1
54201 0
54216 0
54231 0
54235 0
54241 0
54253 0
54258 1
54266 1
54277 0
54285 1
54290 1
54303 1
54311 1
54316 1
54321 0
54328 1
54332 1
54337 1
54344 1
54353 1
54365 1
54366 0
54381 0
54390 0
54391 1
54403 0
54411 1
54425 0
54438 0
54442 1
54444 0
54459 0
54465 0
54474 0
54483 1
54487 1
54492 0
54494 1
54498 1
54506 0
54519 0
54521 1
54533 0
54544 0
54551 1
54565 0
54574 0
54583 0
54596 0
54602 1
54617 1
54621 0
54629 0
54630 0
54641 0
54650 0
54655 0
54657 0
54668 0
54677 0
54689 0
54698 0
54701 1
54703 1
54711 0
54725 1
54726 1
54729 1
54741 1
54744 0
54752 1
54758 1
54763 0
54767 0
54773 0
54786 0
54789 1
54795 0
54796 1
54801 1
54812 0
54831 1
54844 0
54851 0
54852 0
54858 1
54860 0
54875 1
54877 0
54892 0
54906 0
54909 0
54911 1
54926 1
54935 0
54937 1
54939 1
54953 1
54956 1
54957 0
54970 1
54984 0
54985 1
54986 0
54994 0
55009 0
55022 1
55037 1
55045 1
55052 1
55056 1
55064 1
55073 0
55080 1
55087 1
55100 1
55107 1
55120 0
55132 1
55138 1
55139 0
55145 0
55146 0
55149 1
55164 1
55167 1
55176 0
55198 0
55207 0
55213 1
55228 1
55243 1
55258 0
55269 1
55280 0
55288 0
55291 1
55302 1
55317 1
55325 0
55338 1
55339 0
55350 0
55361 1
55366 0
55380 0
55395 1
55409 0
55423 1
55432 1
55438 1
55447 0
55460 1
55463 0
55468 1
55475 1
55482 0
55488 1
55494 0
55506 0
55518 0
55525 1
55540 0
55554 0
55569 0
55571 0
55582 1
55586 0
55590 0
55597 1
55611 1
55618 0
55623 0
55626 1
55638 0
55640 1
55647 0
55669 0
55683 1
55687 0
55700 1
55702 1
55704 1
55717 0
55723 1
55738 1
55744 1
55752 0
55766 0
55773 1
55790 1
55802 1
55813 0
55828 1
55832 1
55847 0
55855 1
55856 0
55868 1
55871 0
55884 0
55885 0
55899 1
55903 1
55905 1
55917 1
55925 1
55937 1
55941 0
55942 0
55945 1
55957 0
55972 0
55984 1
55991 0
56005 0
56019 0
56021 1
56022 0
56026 0
56038 0
56049 1
56054 0
56066 1
56073 1
56077 0
56084 1
56099 1
56107 0
56118 1
56127 1
56138 0
56151 1
56153 0
56159 0
56183 1
56196 0
56200 1
56211 1
56216 1
56229 1
56233 1
56242 0
56254 0
56259 1
56267 0
56282 1
56290 1
56294 1
56298 0
56299 0
56302 0
56303 0
56317 0
56324 0
56329 0
56338 1
56353 0
56354 1
56359 0
56367 1
56368 0
56380 0
56395 1
56400 1
56406 1
56418 0
56430 1
56441 1
56442 1
56446 1
56457 0
56458 0
56473 1
56479 0
56488 0
56497 0
56503 1
56506 0
56512 1
56541 1
56546 0
56560 0
56572 0
56581 1
56587 0
56594 0
56600 1
56606 1
56618 0
56630 0
56634 0
56639 0
56646 0
56652 0
56665 1
56667 1
56681 1
56687 1
56696 1
56707 0
56708 0
56717 0
56720 1
56732 1
56733 1
56745 0
56754 0
56762 1
56768 0
56769 0
56780 1
56785 0
56799 0
56812 1
56818 1
56820 0
56833 1
56837 0
56849 0
56850 1
56852 0
56866 1
56879 1
56880 0
56887 1
56900 0
56909 0
56922 0
56934 0
56935 1
56940 1
56953 1
56958 1
56962 0
56971 0
56977 0
56978 0
56984 1
57004 1
57007 0
57009 0
57020 1
57035 1
57036 1
57051 1
57062 1
57068 0
57076 1
57089 0
57095 1
57107 1
57110 0
57111 0
57118 1
57132 0
57143 0
57144 0
57155 0
57161 1
57170 1
57173 1
57179 1
57192 1
57207 1
57210 0
57216 0
57222 1
57229 0
57230 1
57241 0
57243 1
57255 1
57268 0
57270 0
57277 0
57284 0
57299 1
57313 0
57317 1
57330 0
57342 0
57355 1
57369 1
57381 0
57386 1
57398 0
57406 1
57418 1
57425 0
57426 0
57430 1
57439 1
57445 1
57456 0
57460 0
57464 0
57465 0
57466 0
57478 1
57481 1
57492 0
57498 1
57511 0
57525 0
57536 1
57537 0
57545 0
57547 1
57552 1
57567 0
57571 0
57579 1
57592 1
57598 1
57613 1
57625 1
57630 0
57633 0
57641 0
57645 0
57657 0
57670 1
57684 0
57687 0
57696 0
57709 0
57718 0
57730 0
57734 1
57749 0
57755 1
57757 1
57783 1
57790 0
57791 0
57792 0
57804 1
57812 0
57817 1
57832 1
57846 1
57851 0
57858 1
57865 0
57876 1
57883 1
57891 0
57905 0
57911 1
57934 0
57946 1
57954 1
57965 1
57967 1
57981 1
57992 1
58004 0
58019 1
58030 1
58035 0
58049 0
58062 1
58076 0
58079 1
58090 1
58098 1
58105 1
58112 1
58113 0
58118 1
58125 0
58139 1
58142 1
58148 1
58155 1
58156 0
58169 1
58177 1
58184 0
58186 0
58191 0
58192 1
58194 0
58205 1
58207 1
58211 0
58226 0
58234 0
58243 1
58255 1
58261 0
58272 0
58286 1
58287 0
58298 1
58301 0
58305 1
58319 1
58326 0
58335 1
58343 1
58349 1
58363 1
58375 0
58390 1
58394 0
58397 0
58408 0
58413 0
58424 1
58437 0
58441 1
58446 0
58454 0
58460 1
58469 0
58483 1
58495 0
58498 0
58511 1
58524 0
58527 1
58535 0
58547 1
58569 0
58571 0
58584 0
58593 1
58607 1
58611 0
58618 0
58632 0
58636 1
58645 1
58650 0
58658 0
58663 0
58676 1
58679 1
58694 0
58703 1
58705 0
58717 0
58720 0
58734 0
58735 1
58743 0
58748 0
58753 1
58760 1
58766 1
58781 0
58790 1
58806 0
58818 1
58820 1
58825 1
58831 0
58859 0
58865 1
58877 1
58879 1
58882 0
58884 0
58893 0
58899 0
58911 1
58916 1
58924 1
58926 0
58929 1
58938 0
58947 0
58962 0
58971 1
58973 0
58985 1
58991 0
58996 1
59002 0
59004 1
59018 1
59030 1
59038 0
59044 0
59057 0
59065 0
59066 0
59067 1
59074 0
59080 0
59086 0
59099 1
59113 0
59126 1
59137 1
59151 1
59166 1
59177 0
59191 0
59205 1
59220 1
59229 0
59238 1
59241 0
59249 1
59257 1
59263 0
59270 1
59276 1
59278 1
59283 1
59285 1
59287 1
59300 0
59306 1
59315 1
59320 0
59334 1
59338 1
59342 0
59351 0
59356 0
59360 1
59375 0
59384 0
59399 0
59413 1
59425 0
59432 1
59433 1
59438 1
59446 0
59460 0
59473 1
59481 1
59488 1
59502 0
59511 1
59517 1
59520 0
59533 1
59561 0
59572 0
59579 1
59594 0
59606 1
59618 0
59621 1
59623 1
59624 0
59637 0
59642 0
59669 1
59681 1
59690 0
59702 0
59703 1
59706 1
59719 0
59731 0
59742 0
59751 0
59757 1
59763 0
59776 0
59784 0
59792 0
59801 0
59812 0
59820 1
59828 1
59843 1
59849 1
59853 1
59866 0
59874 0
59876 1
59887 0
59898 1
59913 1
59925 1
59927 0
59942 0
59955 1
59969 0
59978 1
59981 0
59992 1
60000 1
60015 1
60016 1
60020 1
60023 1
60026 0
60029 1
60037 1
60038 0
60042 0
60044 1
60047 0
60058 0
60061 1
60072 1
60080 1
60083 1
60090 1
60091 0
60093 1
60108 1
60115 0
60126 1
60130 1
60139 0
60145 1
60160 1
60165 1
60168 0
60180 0
60188 0
60190 1
60195 1
60201 0
60210 1
60222 0
60230 0
60238 0
60240 0
60246 0
60254 0
60256 1
60260 1
60268 0
60273 1
60276 0
60277 0
60282 0
60289 1
60294 1
60306 1
60312 1
60320 1
60325 1
60340 1
60341 1
60343 1
60347 1
60348 1
60350 0
60355 0
60363 1
60371 1
60378 0
60403 1
60414 0
60415 0
60416 0
60423 1
60430 0
60445 0
60448 0
60460 1
60467 0
60481 0
60489 0
60503 0
60508 0
60519 1
60530 1
60533 1
60539 1
60546 0
60558 0
60567 0
60582 1
60593 0
60599 1
60608 0
60615 1
60626 0
60627 0
60639 1
60641 1
60647 1
60656 0
60673 0
60676 1
60679 0
60691 0
60698 0
60700 1
60711 0
60713 0
60714 0
60718 1
60733 0
60747 1
60754 0
60762 0
60767 0
60770 1
60782 0
60789 1
60798 0
60805 0
60819 1
60820 1
60833 0
60839 0
60848 0
60855 1
60857 1
60872 0
60883 0
60896 1
60911 0
60919 0
60924 1
60927 1
60936 1
60939 1
60944 0
60955 0
60967 0
60975 0
60979 0
60988 0
60999 0
61010 0
61014 1
61023 1
61036 1
61051 0
61056 1
61070 0
61078 0
61093 1
61105 1
61117 1
61120 1
61123 0
61129 0
61136 0
61137 1
61142 0
61148 1
61149 0
61150 0
61153 1
61164 1
61179 1
61188 1
61199 0
61213 0
61218 1
61224 0
61234 1
61248 0
61250 1
61256 0
61263 0
61271 0
61275 0
61281 0
61283 1
61284 1
61296 0
61307 1
61335 0
61339 0
61350 0
61361 0
61364 1
61369 1
61370 1
61384 0
61391 1
61403 1
61411 1
61422 1
61428 1
61432 0
61443 1
61455 1
61456 1
61461 1
61466 0
61468 1
61469 0
61476 1
61484 0
61495 0
61510 0
61524 0
61531 1
61536 0
61549 0
61562 0
61573 1
61584 1
61592 1
61604 1
61605 1
61620 1
61624 0
61638 1
61651 1
61665 1
61668 1
61682 1
61693 1
61700 0
61705 1
61714 1
61717 1
61731 1
61739 1
61754 0
61759 1
61761 0
61770 0
61782 0
61785 1
61791 0
61803 1
61814 1
61821 0
61829 1
61832 0
61846 0
61854 1
61859 0
61865 1
61866 0
61869 1
61883 0
61900 0
61902 0
61916 0
61920 1
61933 0
61949 0
61962 1
61964 1
61966 0
61970 1
61974 0
61989 1
62003 1
62008 0
62017 1
62032 0
62039 1
62047 0
62058 0
62070 0
62071 1
62073 0
62078 1
62080 1
62092 1
62094 1
62098 1
62109 1
62123 0
62136 1
62137 1
62149 0
62161 1
62175 1
62181 1
62183 1
62196 0
62200 0
62213 1
62222 0
62241 0
62254 0
62263 1
62265 1
62269 0
62280 1
62294 0
62298 1
62312 1
62326 0
62330 0
62343 0
62347 0
62349 0
62361 1
62370 0
62372 0
62385 1
62386 0
62390 1
62391 1
62402 0
62409 1
62423 1
62430 1
62438 0
62447 0
62451 1
62458 0
62470 1
62471 1
62474 0
62483 1
62486 1
62494 1
62508 1
62512 0
62527 0
62538 1
62540 0
62551 0
62558 0
62567 1
62580 1
62582 0
62586 0
62594 0
62606 1
62613 0
62618 1
62621 0
62634 1
62637 0
62643 1
62654 0
62663 0
62675 0
62688 0
62689 0
62693 1
62704 0
62713 1
62724 0
62725 0
62736 1
62743 1
62750 0
62757 0
62764 0
62773 1
62781 0
62785 0
62799 1
62808 0
62822 1
62825 1
62827 0
62834 0
62838 1
62853 0
62858 1
62872 0
62874 0
62883 1
62906 0
62913 1
62918 1
62929 0
62935 1
62938 0
62952 0
62967 0
62974 0
62975 0
62990 1
63004 0
63018 0
63021 1
63033 0
63045 1
63047 1
63049 0
63061 0
63070 0
63079 1
63086 1
63100 0
63109 1
63115 0
63122 0
63130 0
63135 0
63147 1
63161 1
63162 1
63174 1
63181 1
63188 0
63195 1
63204 1
63207 0
63215 1
63230 0
63232 1
63243 0
63250 1
63254 0
63266 1
63267 0
63275 1
63290 1
63294 0
63303 0
63306 1
63310 0
63324 1
63336 1
63344 1
63355 1
63356 1
63358 1
63361 0
63373 1
63382 0
63387 0
63393 1
63395 1
63400 1
63405 1
63418 1
63430 0
63438 1
63458 0
63462 0
63468 0
63480 0
63493 1
63504 1
63512 1
63527 0
63536 0
63537 1
63539 0
63548 0
63554 0
63569 1
63572 1
63580 1
63589 1
63600 0
63612 1
63623 0
63626 1
63640 1
63653 0
63655 0
63658 1
63666 1
63669 0
63671 1
63678 1
63684 1
63691 0
63706 1
63721 0
63734 1
63736 0
63743 0
63763 0
63771 1
63775 1
63782 0
63789 0
63804 0
63805 1
63811 1
63817 0
63823 1
63837 1
63848 0
63860 0
63869 0
63881 1
63890 1
63899 1
63901 0
63907 0
63918 0
63931 0
63945 0
63958 1
63962 1
63967 1
63971 1
63983 1
63989 0
63995 1
64009 0
64014 0
64017 0
64031 1
64046 1
64051 0
64081 1
64083 1
64088 1
64097 1
64104 1
64119 0
64123 0
64126 0
64132 1
64139 0
64148 0
64159 1
64162 1
64164 1
64179 1
64181 0
64185 1
64200 0
64214 1
64222 1
64235 0
64237 0
64242 0
64257 1
64268 1
64270 1
64284 0
64290 1
64291 1
64306 0
64312 0
64320 0
64321 1
64326 0
64328 1
64339 1
64348 0
64354 1
64367 1
64379 1
64390 1
64403 0
64409 0
64414 1
64415 0
64422 0
64430 1
64434 0
64449 1
64460 0
64475 0
64484 1
64492 0
64500 1
64508 0
64521 1
64523 1
64524 1
64532 0
64547 1
64548 1
64550 1
64559 1
64563 0
64568 1
64570 1
64575 0
64589 1
64591 1
64606 0
64608 0
64617 1
64625 0
64631 1
64637 1
64639 1
64642 0
64656 1
64661 0
64675 1
64690 0
64703 0
64714 1
64727 0
64738 0
64746 0
64760 0
64761 1
64773 1
64781 1
64783 1
64785 0
64797 1
64806 1
64820 1
64827 1
64841 1
64850 1
64865 0
64879 0
64891 1
64899 0
64912 1
64918 0
64919 0
64923 1
64936 0
64947 1
64950 1
64953 0
64961 1
64976 0
64991 0
64999 1
65000 1
65002 1
65013 0
65021 0
65027 0
65041 0
65049 1
65058 0
65073 1
65079 0
65087 0
65096 0
65107 1
65120 0
65135 1
65148 1
65156 0
65171 1
65185 0
65199 1
65207 1
65209 1
65222 1
65224 0
65228 0
65236 1
65239 0
65248 1
65254 1
65258 0
65267 1
65280 1
65285 1
65293 0
65304 0
65317 0
65331 0
65346 0
65359 1
65366 1
65374 0
65378 1
65381 0
65392 1
65400 1
65407 1
65408 0
65420 0
65434 0
65443 0
65450 1
65452 1
65455 1
65468 0
65471 0
65485 1
65500 1
65508 1
65512 0
65517 1
65530 0
65534 0
65548 0
65551 0
65563 1
65565 0
65570 1
65578 0
65586 1
65597 0
65601 1
65614 0
65627 0
65631 0
65643 0
65654 1
65655 1
65658 1
65673 1
65684 0
65698 0
65710 0
65725 0
65740 1
65751 1
65757 0
65765 0
65772 1
65777 0
65788 1
65799 1
65804 0
65813 1
65822 1
65826 0
65834 0
65849 0
65854 1
65866 0
65877 0
65881 0
65884 1
65895 1
65908 1
65916 1
65925 1
65936 1
65937 1
65941 0
65943 1
65946 0
65961 0
65969 1
65982 0
65995 1
66003 0
66017 0
66029 0
66037 0
66043 1
66044 1
66053 0
66065 0
66076 1
66085 1
66094 1
66097 0
66109 1
66111 0
66114 1
66116 1
66120 0
66122 0
66137 0
66151 0
66158 0
66162 0
66174 1
66189 0
66195 0
66199 0
66200 0
66211 0
66215 1
66217 1
66225 0
66229 1
66238 0
66242 1
66255 1
66263 0
66271 1
66284 1
66298 0
66310 1
66312 0
66314 1
66329 0
66342 0
66345 1
66353 1
66354 1
66355 1
66356 1
66368 0
66383 0
66394 1
66407 1
66408 1
66420 1
66425 0
66436 0
66439 0
66442 0
66450 1
66466 0
66467 0
66481 1
66482 1
66491 1
66495 0
66509 0
66516 1
66517 1
66525 0
66526 0
66531 1
66546 0
66561 0
66566 1
66578 1
66589 1
66591 0
66598 1
66610 0
66618 0
66622 0
66637 0
66648 1
66655 0
66662 0
66665 0
66670 0
66676 0
66689 1
66702 1
66709 1
66723 0
66727 1
66735 0
66747 1
66758 0
66761 0
66769 0
66775 1
66778 0
66786 0
66800 1
66802 1
66813 0
66814 0
66822 0
66835 0
66850 0
66861 0
66872 1
66885 0
66899 1
66911 0
66914 0
66916 1
66928 1
66933 0
66934 1
66939 1
66951 0
66953 0
66961 0
66976 1
66984 1
66989 0
67003 0
67010 1
67018 1
67032 0
67035 1
67036 0
67044 0
67055 0
67063 1
67078 1
67092 1
67103 1
67118 1
67133 1
67141 1
67155 0
67166 0
67170 1
67181 0
67182 1
67196 1
67211 0
67217 1
67231 1
67238 1
67243 1
67255 1
67270 1
67278 0
67283 0
67292 1
67298 1
67299 0
67304 1
67307 0
67312 1
67327 1
67333 0
67341 1
67352 0
67357 1
67358 0
67362 0
67376 1
67387 0
67402 1
67409 1
67416 1
67429 0
67433 0
67446 0
67458 1
67465 0
67479 1
67488 0
67500 1
67502 0
67514 0
67529 0
67538 0
67542 0
67557 0
67569 0
67577 1
67578 0
67591 0
67592 1
67604 0
67605 0
67613 0
67622 0
67628 0
67631 0
67646 0
67661 1
67669 0
67680 1
67687 0
67689 0
67708 0
67716 1
67727 1
67740 1
67743 0
67755 0
67763 0
67772 1
67775 1
67777 0
67781 1
67783 1
67797 1
67806 0
67817 0
67819 1
67825 1
67832 0
67840 1
67852 0
67859 0
67860 0
67873 0
67879 0
67886 1
67901 0
67903 0
67908 0
67909 1
67921 1
67927 0
67936 1
67956 1
67970 1
67981 0
67988 1
67997 0
68005 1
68016 1
68025 0
68030 0
68039 0
68050 1
68058 1
68063 0
68077 1
68086 1
68088 0
68102 1
68111 1
68125 0
68131 0
68133 0
68142 0
68157 0
68163 0
68166 0
68167 1
68179 0
68185 0
68189 1
68204 0
68213 1
68220 1
68222 1
68223 1
68238 1
68244 1
68249 0
68257 1
68269 1
68271 1
68285 1
68288 0
68303 0
68311 0
68314 1
68326 0
68327 0
68340 0
68348 1
68357 0
68371 1
68380 1
68381 1
68382 1
68386 0
68387 0
68390 0
68394 1
68398 1
68409 1
68412 0
68420 0
68428 1
68429 1
68435 1
68447 0
68461 0
68474 0
68483 1
68486 1
68500 0
68501 0
68514 0
68527 1
68528 1
68532 0
68547 0
68554 1
68555 1
68556 0
68559 1
68574 0
68588 1
68589 0
68602 1
68613 1
68616 0
68617 0
68630 0
68638 1
68645 0
68653 0
68654 1
68660 0
68673 1
68684 0
68698 0
68710 1
68711 0
68716 1
68722 0
68729 1
68730 1
68743 0
68757 0
68760 1
68769 1
68776 1
68789 1
68797 0
68798 1
68812 1
68813 1
68822 1
68836 1
68840 1
68851 1
68863 1
68877 1
68885 0
68886 0
68894 1
68903 0
68909 0
68920 0
68933 1
68945 1
68950 1
68953 1
68954 1
68958 1
68964 0
68967 0
68974 1
68975 0
68990 0
68999 0
69010 0
69011 0
69016 1
69019 0
69034 0
69038 0
69045 0
69050 0
69063 0
69074 0
69082 0
69097 0
69109 0
69120 1
69124 1
69131 0
69137 0
69138 1
69150 1
69152 0
69164 0
69170 1
69177 1
69184 1
69188 1
69202 1
69209 0
69218 0
69227 1
69241 0
69254 1
69266 1
69269 0
69280 0
69289 1
69295 0
69296 1
69311 1
69315 0
69327 0
69338 0
69349 0
69352 1
69361 0
69372 0
69379 1
69383 1
69391 1
69405 0
69419 1
69431 0
69445 0
69446 1
69453 0
69454 0
69465 1
69479 1
69482 1
69487 1
69490 0
69496 0
69500 1
69514 1
69521 1
69534 0
69547 1
69559 0
69567 0
69570 1
69576 0
69578 1
69592 0
69603 1
69607 1
69610 1
69615 0
69616 1
69621 1
69623 0
69626 0
69628 1
69629 1
69644 0
69651 1
69653 0
69666 1
69674 0
69688 0
69703 1
69709 0
69721 0
69726 1
69730 1
69736 1
69741 0
69745 1
69749 1
69755 0
69764 1
69772 1
69777 1
69786 0
69789 0
69798 0
69812 1
69823 0
69837 1
69848 0
69854 1
69865 0
69872 0
69880 1
69881 1
69886 1
69898 0
69899 0
69912 0
69920 0
69926 1
69932 1
69943 1
69955 1
69963 1
69971 1
69977 0
69993 1
69999 1
70007 0
70013 1
70015 0
70024 0
70026 1
70040 1
70051 0
70053 1
70066 0
70074 0
70089 0
70095 1
70102 0
70113 0
70118 1
70119 1
70128 0
70135 0
70141 1
70143 1
70152 0
70167 1
70180 0
70186 0
70194 1
70207 1
70209 0
70223 0
70238 1
70245 1
70258 1
70265 1
70279 0
70283 1
70288 0
70301 1
70304 1
70319 0
70325 1
70328 1
70341 1
70343 1
70344 0
70352 0
70355 1
70361 0
70374 0
70383 0
70397 0
70398 0
70404 1
70416 0
70429 1
70438 0
70451 1
70463 1
70475 1
70478 1
70482 0
70496 1
70505 0
70519 1
70520 0
70532 0
70546 0
70559 0
70560 1
70571 1
70579 0
70584 1
70596 0
70604 1
70616 1
70624 1
70625 1
70631 1
70642 0
70651 0
70659 1
70684 0
70693 1
70702 1
70705 1
70711 0
70714 1
70719 0
70723 0
70727 0
70732 1
70734 0
70740 1
70755 0
70764 0
70778 0
70787 0
70799 0
70811 1
70826 1
70838 1
70840 0
70842 0
70850 1
70862 1
70868 1
70871 1
70885 0
70888 1
70891 1
70904 1
70907 0
70909 0
70912 0
70919 1
70931 0
70938 1
70949 0
70950 0
70956 1
70970 0
70978 0
70981 0
70984 1
70986 0
70989 0
71003 1
71008 0
71012 0
71027 0
71029 0
71036 0
71043 0
71056 1
71057 0
71059 0
71063 1
71064 1
71078 0
71082 1
71083 1
71087 1
71089 0
71103 0
71118 1
71131 1
71132 1
71133 1
71144 0
71145 1
71157 0
71166 0
71170 0
71183 1
71190 1
71192 0
71195 0
71209 0
71213 1
71214 1
71216 0
71229 0
71235 1
71237 0
71238 1
71245 1
71258 1
71261 0
71273 1
71288 0
71295 0
71309 1
71313 1
71319 0
71326 0
71338 0
71353 0
71355 0
71359 1
71361 1
71362 1
71369 0
71374 1
71385 0
71390 0
71393 1
71401 1
71416 1
71429 0
71441 0
71443 0
71456 1
71457 1
71470 0
71478 1
71484 1
71486 1
71499 1
71503 1
71505 1
71518 1
71522 0
71526 1
71540 1
71553 1
71556 1
71563 0
71584 1
71589 1
71594 1
71608 1
71610 0
71612 0
71615 0
71623 1
71635 0
71640 0
71647 1
71651 0
71666 1
71673 1
71676 1
71687 0
71699 0
71711 0
71720 1
71735 1
71747 1
71760 0
71764 0
71768 1
71781 1
71792 0
71798 1
71813 0
71814 1
71821 0
71827 0
71834 0
71847 1
71858 1
71864 1
71865 0
71867 1
71874 0
71886 1
71901 1
71912 0
71920 1
71931 1
71944 1
71950 1
71958 1
71973 1
71982 1
71990 1
71994 1
71997 1
72000 1
72007 0
72011 1
72024 0
72033 0
72047 1
72050 1
72053 0
72061 0
72075 1
72088 0
72096 0
72097 0
72099 0
72102 0
72114 0
72125 1
72136 0
72137 0
72143 1
72150 1
72165 0
72179 1
72184 0
72185 0
72200 0
72202 0
72206 1
72217 1
72228 1
72236 1
72244 1
72256 0
72261 0
72272 1
72285 0
72291 0
72299 1
72308 1
72314 1
72327 0
72329 0
72338 0
72344 0
72353 1
72357 0
72369 1
72372 1
72381 1
72393 1
72394 0
72400 1
72407 1
72422 0
72427 1
72439 1
72442 1
72451 1
72452 1
72465 1
72479 0
72491 1
72498 1
72500 0
72507 0
72515 1
72516 1
72520 0
72521 1
72526 1
72531 0
72534 1
72535 1
72538 1
72551 0
72559 0
72571 1
72572 1
72573 1
72582 0
72591 0
72592 1
72603 0
72616 1
72635 1
72642 0
72648 1
72657 0
72669 0
72678 1
72681 1
72686 1
72699 0
72710 1
72722 1
72735 1
72750 0
72765 1
72774 1
72776 1
72782 1
72787 1
72788 0
72793 1
72807 0
72811 0
72820 1
72823 0
72846 1
72860 0
72872 0
72877 1
72883 0
72894 1
72905 0
72919 1
72933 1
72934 1
72949 1
72955 0
72956 0
72965 0
72971 0
72983 0
72991 1
72996 1
73009 1
73022 0
73029 0
73041 1
73043 0
73046 0
73053 0
73060 1
73067 0
73080 0
73094 1
73109 1
73114 0
73128 1
73137 1
73150 0
73162 0
73173 1
73174 0
73186 1
73198 1
73209 1
73211 0
73213 0
73215 1
73217 0
73231 1
73232 1
73233 0
73240 1
73241 1
73246 1
73254 0
73269 1
73273 0
73274 0
73285 0
73286 1
73301 1
73310 0
73316 1
73319 0
73327 0
73341 0
73362 1
73366 0
73380 0
73394 0
73402 1
73413 1
73422 1
73431 0
73444 1
73449 0
73452 0
73457 0
73472 0
73485 0
73492 1
73506 1
73512 1
73517 0
73523 1
73538 0
73550 0
73563 0
73566 1
73572 0
73573 0
73586 0
73601 0
73606 0
73612 0
73614 1
73616 0
73620 1
73627 1
73628 0
73631 1
73642 1
73649 1
73657 0
73660 0
73675 1
73689 0
73694 1
73700 1
73712 0
73724 1
73732 0
73747 0
73756 0
73761 1
73764 0
73776 0
73785 0
73799 1
73801 1
73810 1
73822 1
73831 0
73840 0
73851 0
73859 0
73873 0
73885 1
73889 0
73904 1
73906 0
73920 1
73934 0
73949 0
73960 1
73963 0
73974 0
73976 0
73983 1
73990 0
73992 1
74004 1
74011 0
74019 1
74033 0
74041 0
74054 0
74068 1
74079 0
74094 1
74099 1
74114 0
74121 0
74133 1
74146 1
74155 0
74163 1
74172 0
74181 0
74182 1
74187 1
74198 1
74205 1
74214 0
74218 1
74219 0
74220 1
74226 0
74235 1
74250 1
74265 1
74272 0
74276 0
74283 0
74295 1
74307 0
74308 1
74312 1
74316 0
74321 0
74327 1
74334 1
74345 0
74353 1
74359 0
74364 0
74376 0
74383 1
74388 0
74411 1
74426 1
74432 0
74435 0
74440 1
74443 1
74470 0
74477 1
74491 1
74499 1
74511 1
74526 0
74537 0
74544 1
74546 0
74549 1
74550 1
74561 0
74572 0
74574 1
74579 0
74593 0
74600 1
74606 1
74622 0
74636 0
74650 1
74664 0
74678 0
74691 0
74700 1
74708 0
74722 1
74723 1
74727 1
74738 1
74752 0
74764 1
74766 1
74770 1
74776 1
74777 1
74782 1
74786 0
74798 0
74803 0
74808 1
74812 1
74826 1
74829 1
74844 0
74853 1
74865 1
74877 0
74882 1
74890 1
74902 0
74909 1
74923 0
74927 1
74928 0
74931 1
74943 0
74972 0
74979 1
74993 0
75005 0
75008 1
75022 1
75027 1
75030 0
75045 1
75059 0
75073 1
75084 1
75090 0
75103 1
75109 0
75112 1
75113 1
75115 0
75120 1
75128 1
75130 1
75138 1
75149 0
75151 0
75163 1
75172 0
75179 1
75186 1
75201 0
75214 1
75229 1
75235 1
75241 1
75256 1
75270 1
75275 0
75281 0
75292 0
75299 1
75306 0
75320 1
75327 0
75341 0
75346 1
75352 1
75364 1
75367 0
75382 1
75393 0
75406 0
75413 0
75417 1
75429 1
75441 0
75443 0
75451 0
75460 0
75464 0
75472 1
75485 0
75491 1
75516 0
75522 0
75528 1
75530 1
75535 1
75541 1
75548 1
75556 1
75558 0
75571 0
75573 1
75578 0
75584 0
75596 0
75603 0
75615 1
75620 1
75626 1
75629 1
75637 0
75645 0
75656 1
75665 0
75667 0
75672 1
75676 1
75681 0
75690 1
75693 1
75694 1
75699 0
75708 1
75721 1
75735 0
75742 0
75746 0
75759 1
75760 1
75772 0
75780 1
75793 1
75799 0
75805 0
75816 1
75824 1
75833 0
75845 1
75858 0
75865 0
75869 1
75874 1
75887 1
75892 0
75903 1
75922 0
75923 1
75938 1
75939 1
75948 1
75949 1
75962 0
75966 0
75969 0
75981 1
75992 0
76005 1
76014 1
76022 1
76036 1
76039 0
76040 1
76042 1
76043 1
76052 1
76058 1
76059 0
76066 1
76067 0
76079 0
76093 0
76098 1
76111 0
76114 1
76122 0
76129 0
76132 0
76134 1
76149 1
76150 1
76161 0
76163 1
76165 1
76178 1
76180 0
76187 0
76191 1
76192 0
76206 1
76221 1
76223 1
76236 1
76248 0
76251 0
76265 1
76278 0
76291 1
76300 1
76301 1
76315 1
76317 0
76330 1
76339 1
76346 0
76360 1
76367 1
76382 1
76388 0
76399 0
76410 1
76422 1
76425 1
76438 0
76443 0
76451 1
76460 0
76462 1
76473 1
76476 1
76489 1
76494 0
76518 0
76527 1
76532 0
76544 0
76550 1
76563 1
76564 1
76579 0
76583 0
76596 0
76601 0
76610 1
76618 1
76620 1
76627 0
76639 0
76654 1
76661 0
76676 0
76691 0
76692 0
76706 0
76707 0
76722 1
76724 1
76732 0
76745 1
76749 1
76756 0
76760 0
76763 0
76775 1
76786 1
76788 1
76791 0
76793 0
76815 1
76826 1
76831 0
76832 1
76846 1
76857 0
76861 1
76862 0
76870 0
76876 1
76885 0
76899 0
76910 0
76916 1
76918 1
76925 1
76937 1
76940 1
76949 0
76957 0
76971 1
76973 0
76977 0
76979 0
76987 1
76999 1
77004 0
77010 1
77017 1
77018 0
77021 1
77033 0
77037 1
77041 0
77050 0
77065 1
77067 0
77072 0
77078 1
77089 1
77094 0
77098 1
77099 0
77104 1
77112 0
77126 1
77134 0
77140 1
77151 1
77157 1
77160 0
77164 0
77166 0
77172 1
77196 1
77207 0
77220 1
77228 0
77233 1
77239 0
77246 0
77261 1
77274 0
77287 1
77293 0
77300 1
77308 0
77321 1
77334 0
77346 1
77361 1
77366 1
77369 0
77370 0
77374 1
77379 0
77380 1
77383 1
77390 1
77398 1
77409 1
77422 1
77430 0
77437 0
77445 1
77458 1
77473 1
77479 0
77482 0
77484 1
77489 1
77498 1
77502 1
77515 1
77527 1
77536 1
77543 0
77551 0
77552 1
77565 1
77566 0
77570 1
77583 1
77596 0
77601 0
77614 0
77618 0
77623 0
77638 0
77642 1
77650 1
77655 0
77662 1
77669 0
77678 1
77684 0
77698 1
77700 1
77715 1
77726 0
77727 0
77741 1
77745 1
77757 0
77762 0
77764 0
77773 0
77788 0
77790 0
77805 0
77812 0
77825 0
77836 1
77843 0
77849 1
77857 1
77870 1
77876 1
77878 0
77879 0
77887 1
77900 1
77913 0
77926 1
77939 1
77954 0
77968 0
77969 1
77983 1
77989 1
77990 1
77998 1
78011 1
78016 1
78028 1
78029 0
78034 0
78043 1
78060 1
78065 0
78091 0
78092 0
78095 0
78096 0
78099 1
78100 0
78108 0
78121 1
78122 0
78127 1
78130 0
78136 0
78148 1
78160 0
78164 1
78171 1
78185 1
78186 0
78187 1
78193 0
78200 0
78211 0
78220 1
78226 1
78233 1
78238 1
78253 1
78265 1
78268 0
78276 0
78290 0
78302 1
78310 0
78317 0
78330 1
78338 1
78341 1
78344 0
78347 0
78362 1
78375 1
78378 1
78389 0
78398 0
78406 0
78408 0
78416 1
78429 1
78443 1
78452 0
78458 0
78470 1
78474 1
78476 1
78483 0
78497 0
78501 1
78506 1
78508 1
78523 1
78529 0
78555 0
78569 1
78570 0
78575 1
78587 0
78588 0
78590 0
78599 0
78600 0
78615 1
78616 0
78621 1
78623 1
78634 1
78639 1
78640 0
78644 0
78656 0
78657 1
78658 0
78671 1
78683 1
78689 0
78692 0
78699 1
78712 1
78715 0
78719 0
78727 0
78728 0
78737 1
78750 0
78765 0
78772 1
78779 1
78785 1
78794 0
78807 0
78815 0
78820 0
78822 1
78827 0
78833 1
78842 0
78854 0
78862 0
78866 1
78871 0
78880 0
78883 0
78891 1
78895 1
78897 1
78903 1
78907 1
78920 1
78921 0
78933 0
78948 0
78953 1
78954 1
78961 1
78968 0
78974 0
78986 0
78989 0
78997 1
79004 1
79005 1
79014 1
79020 1
79029 0
79036 1
79038 0
79039 1
79040 0
79046 1
79055 1
79063 1
79065 1
79067 0
79071 0
79086 1
79097 1
79098 1
79105 0
79117 1
79122 1
79124 1
79129 0
79141 0
79155 1
79166 1
79173 1
79174 1
79182 1
79195 1
79196 0
79197 1
79210 1
79211 0
79223 1
79238 0
79249 0
79260 0
79263 0
79275 1
79288 1
79299 0
79314 1
79317 1
79319 0
79333 1
79353 1
79365 0
79379 1
79380 0
79386 0
79407 0
79422 1
79424 1
79428 1
79441 0
79456 1
79457 1
79458 1
79467 1
79472 1
79475 1
79490 0
79493 1
79497 1
79508 0
79521 1
79528 0
79533 1
79547 1
79551 1
79565 1
79568 1
79576 0
79584 1
79593 1
79598 0
79604 0
79619 1
79625 1
79626 1
79638 1
79645 1
79658 1
79664 1
79676 0
79689 0
79692 0
79701 1
79713 0
79717 0
79726 0
79735 1
79758 0
79765 1
79780 0
79786 0
79787 0
79790 0
79797 0
79809 0
79811 1
79823 0
79836 0
79838 0
79851 0
79860 0
79875 1
79876 0
79879 0
79884 1
79896 1
79902 1
79909 0
79911 0
79913 1
79920 1
79931 1
79936 1
79947 0
79953 1
79968 1
79971 0
79983 0
79995 0
80009 1
80011 0
80026 0
80032 1
80045 1
80048 0
80049 1
80064 0
80078 1
80085 1
80098 1
80100 1
80102 0
80108 1
80113 1
80116 0
80121 0
80126 1
80141 1
80156 1
80168 0
80175 0
80182 1
80184 1
80189 0
80198 0
80202 0
80208 1
80213 1
80218 0
80232 0
