9757
14 0
27 0
38 0
53 0
61 0
62 0
76 0
82 0
87 0
96 0
109 0
113 1
128 1
137 1
148 1
152 1
167 0
169 1
173 1
176 1
178 1
191 1
199 1
204 0
206 0
215 1
220 1
221 1
235 1
237 0
240 0
258 1
259 1
270 0
284 0
289 1
293 1
299 1
300 1
313 1
322 1
335 1
340 1
349 0
356 1
371 1
386 1
397 0
404 0
417 1
426 0
435 1
439 0
451 0
456 0
460 1
463 0
467 0
479 1
483 1
486 0
489 1
495 1
503 0
510 0
513 0
517 1
532 1
535 1
540 1
549 0
563 1
564 0
566 1
578 0
583 0
590 1
597 0
610 1
625 1
639 1
654 1
655 1
656 0
667 1
673 1
689 1
701 0
715 0
717 1
721 1
723 1
737 0
748 0
750 1
756 1
769 1
782 0
790 0
793 1
797 1
801 1
813 0
818 1
820 0
834 0
848 0
850 1
857 1
872 1
877 0
889 1
903 1
906 1
919 1
933 1
945 1
949 0
954 1
969 1
983 1
992 1
1000 0
1008 0
1019 0
1028 1
1041 1
1043 0
1046 1
1051 0
1058 0
1073 1
1088 1
1089 1
1101 1
1116 0
1117 0
1121 0
1124 1
1126 0
1141 1
1149 1
1160 1
1161 1
1176 1
1189 1
1191 0
1202 0
1213 0
1215 0
1221 0
1235 0
1246 0
1254 1
1265 1
1269 0
1283 0
1292 1
1305 1
1306 1
1308 1
1310 0
1316 1
1317 1
1318 1
1323 0
1326 0
1337 1
1344 1
1352 1
1353 0
1368 0
1374 1
1375 1
1384 0
1396 1
1400 0
1407 0
1421 1
1425 1
1433 1
1437 1
1445 1
1446 0
1458 0
1460 0
1474 1
1482 0
1489 1
1496 0
1507 1
1510 1
1521 0
1542 0
1554 0
1556 1
1557 1
1560 1
1573 1
1587 0
1595 0
1608 1
1615 0
1620 1
1626 0
1627 1
1638 0
1642 1
1645 0
1650 0
1664 1
1669 1
1682 0
1697 0
1699 1
1710 1
1713 1
1714 1
1727 0
1733 0
1742 0
1755 0
1761 0
1765 1
1776 0
1790 0
1803 0
1818 0
1822 0
1826 1
1834 1
1838 0
1847 1
1859 1
1861 1
1862 0
1864 1
1873 1
1881 0
1895 1
1903 0
1930 0
1932 1
1945 0
1957 1
1962 0
1973 0
1984 0
1989 1
2003 1
2016 0
2018 1
2029 0
2030 0
2038 1
2041 0
2049 0
2063 1
2068 0
2071 0
2076 1
2091 0
2102 1
2104 0
2116 0
2117 0
2131 1
2134 0
2147 1
2156 1
2159 1
2164 0
2170 0
2173 1
2176 1
2177 0
2188 1
2201 1
2203 1
2215 1
2227 0
2239 1
2242 0
2244 1
2257 0
2264 0
2267 0
2278 0
2292 1
2305 0
2318 1
2323 1
2338 0
2340 0
2345 1
2347 0
2350 1
2359 1
2371 0
2380 0
2389 0
2391 1
2396 0
2402 0
2404 0
2411 1
2423 1
2428 1
2440 0
2441 0
2455 1
2456 1
2469 1
2471 1
2479 1
2493 0
2499 0
2514 1
2522 0
2533 1
2549 1
2551 1
2563 0
2574 1
2588 0
2594 0
2606 0
2610 0
2612 1
2624 1
2625 1
2629 1
2635 1
2644 0
2649 0
2651 0
2662 0
2676 1
2681 0
2683 1
2689 1
2697 0
2710 1
2712 1
2727 0
2730 1
2744 1
2749 1
2762 1
2774 1
2776 1
2788 1
2792 1
2794 0
2806 0
2818 0
2826 0
2840 0
2845 1
2852 1
2863 1
2874 1
2881 1
2893 1
2897 1
2903 0
2911 0
2924 0
2939 0
2944 0
2955 1
2959 1
2960 0
2963 1
2976 0
2985 1
2991 1
3000 0
3002 1
3006 1
3014 1
3026 1
3034 1
3040 0
3042 0
3048 1
3053 0
3061 0
3070 0
3084 0
3089 1
3096 0
3104 0
3115 0
3118 1
3132 0
3143 1
3152 0
3166 1
3169 1
3174 0
3187 0
3191 1
3194 1
3199 0
3211 1
3214 1
3225 0
3229 0
3240 0
3247 0
3252 1
3272 1
3287 1
3292 0
3295 0
3320 0
3332 1
3336 0
3347 1
3358 0
3365 0
3369 0
3380 1
3387 1
3388 1
3389 1
3393 1
3399 0
3408 0
3413 1
3417 0
3424 1
3429 0
3432 0
3441 0
3446 0
3457 0
3463 0
3472 0
3484 0
3495 0
3498 1
3501 1
3513 1
3517 1
3529 1
3533 0
3548 1
3557 1
3561 1
3573 0
3585 1
3594 1
3603 1
3610 1
3617 1
3632 1
3635 0
3638 1
3639 1
3640 1
3652 0
3657 0
3665 1
3670 0
3671 0
3673 0
3684 1
3690 0
3693 0
3700 1
3705 1
3710 1
3717 0
3722 0
3729 0
3740 0
3745 0
3757 1
3763 0
3766 1
3768 1
3782 1
3794 0
3797 1
3800 1
3801 0
3804 0
3805 0
3808 1
3819 0
3831 0
3842 0
3846 0
3859 1
3871 1
3877 0
3898 0
3907 1
3919 0
3925 0
3939 0
3948 0
3956 1
3960 0
3975 1
3983 0
4000 0
4006 0
4011 1
4013 0
4028 1
4029 1
4032 1
4041 1
4044 1
4058 0
4063 0
4066 0
4068 0
4080 1
4083 0
4088 0
4101 0
4114 0
4122 0
4124 0
4132 0
4145 0
4154 0
4163 0
4171 1
4176 0
4188 1
4216 0
4229 1
4233 0
4242 1
4246 0
4255 1
4257 1
4265 0
4273 0
4279 0
4292 1
4294 0
4309 0
4323 1
4328 1
4337 0
4340 1
4345 0
4346 0
4351 0
4359 0
4361 1
4373 0
4375 1
4376 1
4388 1
4390 0
4393 0
4397 0
4402 1
4403 1
4405 1
4419 0
4423 0
4438 1
4447 0
4455 1
4462 0
4464 1
4467 0
4471 1
4476 0
4482 1
4496 0
4498 1
4505 1
4511 1
4522 0
4524 0
4531 0
4536 1
4545 0
4548 1
4551 1
4565 0
4567 0
4574 1
4575 0
4582 0
4590 1
4604 0
4609 0
4618 0
4625 1
4634 1
4638 1
4640 0
4653 1
4674 0
4678 1
4689 1
4701 0
4706 1
4709 1
4722 0
4726 0
4732 1
4753 0
4766 1
4768 1
4771 1
4786 1
4799 1
4801 1
4810 0
4828 1
4839 1
4853 0
4858 1
4861 1
4867 0
4870 0
4879 1
4885 0
4888 0
4900 0
4906 1
4909 0
4915 0
4920 0
4932 1
4933 0
4934 1
4935 1
4947 0
4961 0
4967 1
4968 0
4983 1
4990 1
4993 1
5002 0
5017 0
5032 0
5040 1
5055 0
5063 1
5078 0
5086 1
5099 0
5111 1
5126 0
5138 1
5141 1
5155 0
5167 0
5179 0
5193 1
5208 1
5215 0
5241 0
5256 0
5261 1
5262 1
5274 0
5279 0
5292 1
5293 1
5306 1
5307 0
5309 0
5323 0
5326 1
5340 1
5347 0
5361 0
5364 1
5372 1
5377 0
5381 0
5390 0
5398 1
5399 0
5402 0
5417 1
5426 1
5441 0
5445 0
5450 0
5452 0
5467 0
5479 1
5492 0
5498 1
5499 0
5510 1
5516 1
5521 0
5533 1
5534 1
5535 0
5537 1
5550 0
5563 1
5568 0
5577 0
5579 1
5594 0
5595 1
5600 0
5608 1
5622 1
5624 1
5628 0
5631 1
5636 1
5643 1
5644 1
5650 1
5665 0
5670 0
5681 0
5693 1
5697 1
5712 1
5718 0
5721 0
5736 0
5742 1
5764 1
5775 0
5778 1
5783 0
5790 1
5812 0
5818 1
5820 0
5835 0
5843 0
5851 1
5852 0
5866 0
5868 0
5871 1
5880 0
5892 1
5906 0
5914 0
5926 1
5934 0
5938 1
5950 0
5953 0
5958 1
5959 1
5964 0
5975 0
5987 0
6000 1
6013 0
6028 0
6041 1
6045 1
6058 0
6063 1
6066 1
6069 1
6081 0
6086 0
6101 0
6106 0
6111 0
6115 0
6129 0
6143 0
6157 1
6158 1
6165 1
6176 1
6182 1
6183 0
6195 0
6210 1
6216 0
6223 0
6227 1
6232 1
6246 0
6250 0
6251 0
6264 0
6275 1
6284 0
6290 0
6301 0
6310 1
6323 0
6332 1
6344 1
6357 0
6360 1
6366 1
6381 1
6384 1
6391 0
6396 1
6405 1
6407 1
6413 0
6440 1
6447 0
6451 1
6462 0
6477 0
6492 1
6506 1
6507 1
6509 0
6516 1
6525 1
6531 0
6533 1
6546 0
6555 1
6562 1
6567 0
6581 0
6586 1
6587 1
6596 1
6608 1
6615 0
6620 1
6632 1
6647 1
6650 1
6659 0
6671 1
6672 1
6677 1
6686 0
6694 0
6705 1
6707 1
6708 0
6719 0
6720 0
6735 0
6738 1
6746 0
6758 0
6764 1
6779 1
6792 0
6803 0
6808 1
6821 1
6825 0
6826 0
6835 0
6841 1
6844 0
6855 0
6868 0
6883 0
6889 0
6892 1
6897 0
6911 1
6913 1
6924 0
6929 0
6936 0
6945 0
6952 1
6964 0
6977 0
6978 0
6989 0
6993 1
6997 0
7000 0
7012 1
7019 0
7030 1
7043 1
7052 1
7063 1
7064 0
7075 0
7080 1
7083 0
7088 0
7089 1
7104 1
7105 1
7120 1
7127 0
7141 1
7150 1
7159 0
7173 1
7175 0
7187 0
7200 1
7212 0
7223 0
7227 1
7241 1
7246 1
7248 1
7263 1
7275 1
7278 0
7292 0
7303 1
7304 0
7305 0
7306 0
7314 0
7320 1
7327 1
7330 0
7332 1
7346 0
7361 1
7364 1
7365 1
7379 0
7390 1
7393 0
7394 0
7396 0
7399 1
7400 0
7403 0
7414 1
7421 1
7427 0
7435 0
7443 1
7450 1
7454 1
7461 0
7468 0
7474 0
7478 0
7486 0
7493 0
7500 1
7515 1
7521 0
7536 1
7547 0
7550 0
7563 1
7575 1
7579 0
7584 1
7599 1
7606 0
7619 0
7626 0
7628 1
7630 1
7641 0
7660 1
7667 1
7679 1
7682 0
7691 1
7704 1
7715 0
7719 1
7728 0
7737 1
7746 0
7761 1
7774 0
7780 0
7783 1
7786 1
7793 1
7794 1
7801 1
7814 0
7818 0
7824 1
7836 0
7845 0
7860 1
7874 0
7882 1
7909 1
7924 0
7926 1
7939 0
7941 0
7945 1
7952 0
7963 1
7969 0
7981 0
7992 1
8003 0
8016 1
8019 1
8021 0
8030 0
8036 0
8043 1
8054 1
8069 1
8070 0
8074 0
8083 1
8098 1
8100 1
8109 1
8111 0
8115 1
8128 1
8133 1
8144 1
8147 1
8153 1
8158 1
8170 0
8172 0
8175 0
8180 0
8182 1
8183 1
8197 0
8206 0
8220 1
8225 1
8236 0
8243 1
8250 0
8259 1
8267 1
8271 1
8285 0
8297 1
8308 0
8316 1
8317 1
8326 0
8330 1
8337 0
8349 0
8361 0
8375 0
8390 0
8398 0
8407 0
8408 0
8422 0
8430 0
8443 1
8457 1
8465 1
8470 1
8473 1
8478 0
8486 1
8489 0
8497 1
8503 0
8506 0
8511 1
8530 0
8539 0
8547 1
8553 0
8566 0
8567 1
8570 1
8574 0
8578 1
8586 0
8587 0
8599 0
8613 1
8628 1
8633 0
8645 0
8651 0
8658 1
8659 0
8671 1
8675 0
8682 0
8696 0
8710 1
8723 1
8735 0
8738 0
8744 0
8758 0
8760 0
8762 1
8773 1
8775 1
8790 0
8803 1
8807 1
8818 1
8823 0
8834 1
8842 1
8848 1
8856 1
8858 0
8863 1
8877 0
8888 1
8890 0
8892 0
8904 0
8905 0
8907 1
8916 0
8927 0
8942 0
8947 0
8959 0
8973 0
8981 1
8996 0
9002 0
9010 0
9024 0
9038 0
9050 0
9051 1
9065 1
9068 1
9079 0
9083 1
9085 0
9097 0
9108 1
9116 0
9120 1
9133 0
9145 1
9156 0
9165 1
9179 1
9190 0
9193 0
9206 0
9211 0
9225 1
9231 0
9232 1
9237 0
9241 1
9246 0
9249 1
9258 1
9266 1
9277 0
9286 0
9287 1
9289 0
9291 0
9305 1
9318 0
9323 1
9332 0
9347 0
9354 1
9362 1
9371 1
9383 0
9397 0
9403 1
9405 1
9413 1
9416 0
9417 0
9418 1
9430 0
9437 1
9445 0
9451 1
9453 0
9467 1
9470 1
9472 1
9485 1
9499 0
9513 0
9527 1
9542 0
9550 0
9555 0
9560 1
9574 1
9578 0
9589 0
9593 1
9605 0
9618 0
9620 0
9625 0
9630 0
9639 0
9645 0
9649 1
9652 0
9657 0
9660 1
9675 1
9681 1
9693 1
9708 1
9715 0
9719 0
9732 1
9745 0
9757 1
9759 0
9763 0
9774 1
9783 0
9798 0
9803 1
9815 1
9827 0
9830 1
9831 0
9834 1
9838 0
9853 0
9865 1
9871 1
9877 1
9886 0
9893 1
9905 1
9909 1
9913 0
9925 1
9936 1
9945 0
9960 1
9969 1
9972 0
9983 0
9996 1
10000 1
10002 1
10010 1
10013 0
10021 0
10036 1
10051 1
10066 0
10072 1
10084 0
10088 1
10101 1
10108 1
10110 1
10111 1
10118 0
10145 1
10150 1
10157 0
10171 0
10186 0
10191 0
10204 0
10205 0
10216 1
10220 0
10221 0
10227 1
10239 1
10240 0
10252 0
10254 1
10261 1
10274 0
10280 0
10294 1
10296 1
10309 0
10314 1
10323 0
10330 1
10345 1
10356 1
10363 1
10376 1
10385 0
10400 0
10401 1
10402 0
10407 1
10415 0
10426 0
10428 1
10439 0
10453 0
10459 1
10470 1
10484 1
10489 1
10494 1
10499 0
10500 1
10513 1
10521 1
10524 1
10528 1
10536 0
10540 0
10553 1
10560 1
10563 0
10576 1
10594 0
10598 0
10607 1
10621 0
10636 0
10648 0
10662 1
10667 0
10674 0
10679 0
10692 1
10699 1
10706 1
10707 1
10711 0
10715 1
10718 0
10720 1
10722 1
10725 1
10738 1
10752 1
10756 1
10760 0
10767 1
10772 1
10787 1
10802 1
10805 1
10820 1
10826 1
10835 0
10857 0
10858 0
10866 1
10867 0
10870 0
10884 0
10891 0
10897 0
10903 0
10910 0
10915 1
10924 0
10935 0
10943 1
10951 0
10960 0
10968 0
10972 1
10973 0
10987 1
10989 1
10990 1
10993 1
10994 0
11009 1
11021 1
11033 1
11048 1
11060 0
11068 1
11075 0
11079 0
11094 0
11102 1
11110 0
11125 1
11140 1
11141 0
11156 0
11161 1
11164 1
11172 1
11181 1
11185 1
11191 1
11194 1
11198 1
11204 1
11216 1
11222 0
11225 0
11239 1
11246 1
11250 1
11254 1
11261 1
11267 0
11272 1
11279 0
11283 0
11289 0
11301 1
11312 0
11313 0
11320 1
11325 0
11337 1
11351 1
11356 0
11362 1
11364 1
11375 0
11384 1
11396 1
11403 0
11405 0
11409 1
11417 1
11431 1
11439 0
11453 1
11456 0
11462 1
11476 1
11477 1
11478 1
11500 1
11512 0
11525 1
11539 1
11552 1
11564 0
11567 1
11576 1
11589 0
11597 0
11598 1
11611 1
11622 1
11629 1
11634 0
11635 0
11641 1
11643 0
11655 1
11669 1
11674 0
11677 0
11686 1
11695 0
11704 1
11718 1
11722 1
11733 1
11740 0
11746 0
11752 1
11764 0
11788 0
11800 1
11813 1
11818 1
11832 0
11840 1
11851 1
11852 0
11858 0
11867 1
11878 0
11892 0
11906 1
11908 1
11910 0
11921 0
11922 1
11936 1
11949 1
11957 1
11965 1
11980 1
11986 1
11997 0
12006 1
12009 1
12011 1
12018 1
12019 0
12026 1
12035 1
12039 0
12040 1
12046 1
12055 1
12069 1
12076 1
12091 1
12103 1
12118 0
12129 0
12141 1
12143 0
12158 0
12169 0
12178 0
12185 1
12189 0
12193 1
12202 0
12214 0
12229 1
12241 0
12248 1
12255 1
12256 1
12264 0
12279 0
12286 0
12298 1
12309 0
12314 0
12318 0
12332 1
12344 1
12355 1
12366 1
12367 1
12381 1
12389 1
12404 1
12413 0
12415 0
12421 0
12429 0
12430 0
12433 1
12445 1
12460 0
12466 1
12477 1
12488 0
12497 1
12499 0
12500 0
12501 0
12504 1
12519 0
12532 1
12543 0
12550 0
12562 0
12570 0
12576 1
12584 0
12592 1
12598 0
12601 1
12602 0
12603 1
12607 0
12620 0
12629 1
12635 1
12643 0
12658 0
12665 0
12666 0
12673 0
12680 1
12699 1
12700 1
12706 1
12708 0
12709 1
12723 1
12736 0
12741 1
12748 1
12763 0
12775 1
12780 1
12788 1
12800 1
12814 0
12829 0
12837 1
12845 1
12848 1
12855 0
12867 1
12871 0
12886 0
12895 0
12909 0
12922 1
12935 1
12942 1
12948 0
12956 1
12967 1
12975 0
12981 0
12982 1
12987 0
12989 1
13000 0
13004 0
13019 1
13030 1
13031 0
13046 1
13051 0
13066 0
13074 1
13075 0
13086 1
13090 0
13095 1
13097 0
13099 1
13101 1
13104 1
13110 1
13123 1
13136 0
13143 1
13158 0
13163 1
13177 1
13186 0
13194 0
13206 1
13217 0
13229 1
13231 1
13239 1
13253 0
13257 0
13266 0
13268 0
13276 0
13284 0
13287 1
13298 1
13312 1
13326 0
13341 1
13352 1
13360 1
13363 0
13371 0
13386 0
13393 0
13395 0
13397 0
13402 0
13406 0
13410 0
13423 1
13427 0
13432 0
13440 0
13444 1
13445 0
13449 0
13450 1
13454 1
13463 0
13465 1
13478 0
13483 0
13488 1
13491 1
13496 0
13498 0
13505 1
13510 0
13525 0
13537 1
13538 0
13550 1
13554 1
13565 1
13578 0
13585 1
13591 0
13606 1
13620 0
13635 1
13643 1
13648 0
13655 1
13670 1
13675 0
13677 1
13683 1
13690 0
13694 0
13705 1
13709 0
13712 1
13720 0
13721 1
13735 1
13740 1
13742 0
13743 1
13751 1
13753 0
13760 0
13772 1
13781 0
13793 1
13802 1
13811 0
13816 1
13837 0
13850 1
13863 0
13866 1
13878 1
13885 0
13894 1
13916 1
13917 1
13922 0
13923 0
13934 0
13940 0
13953 0
13961 1
13968 1
13976 0
13989 1
13994 1
14007 1
14018 0
14027 1
14031 1
14032 0
14035 1
14040 1
14054 1
14055 0
14059 0
14060 1
14071 1
14083 1
14097 0
14109 1
14123 0
14136 0
14149 0
14155 0
14164 1
14179 0
14187 0
14192 0
14198 1
14204 1
14213 0
14222 1
14236 1
14241 0
14243 1
14257 1
14270 1
14278 0
14281 0
14282 1
14284 0
14285 1
14299 0
14308 1
14323 1
14325 0
14328 1
14330 0
14335 0
14349 1
14351 0
14352 0
14364 1
14388 0
14393 1
14399 1
14406 0
14411 0
14425 1
14437 1
14448 0
14456 1
14465 0
14480 1
14485 0
14503 0
14504 0
14512 0
14521 0
14524 0
14531 0
14539 1
14542 0
14554 0
14566 0
14580 1
14587 1
14601 1
14608 1
14617 0
14626 0
14641 1
14643 1
14658 0
14670 0
14677 0
14684 1
14690 1
14694 0
14703 0
14717 1
14726 0
14740 0
14752 1
14759 0
14771 1
14778 1
14792 1
14801 1
14807 1
14812 1
14815 1
14822 1
14823 1
14838 1
14853 1
14862 0
14871 1
14878 1
14881 1
14893 1
14902 0
14909 1
14929 0
14943 1
14950 1
14951 0
14956 0
14964 0
14970 1
14977 0
14981 1
14982 0
14983 0
14992 1
15003 0
15009 0
15020 0
15026 0
15029 0
15032 0
15035 0
15044 1
15047 0
15060 1
15071 1
15086 0
15087 0
15093 1
15102 1
15103 1
15116 1
15123 1
15129 1
15130 1
15137 1
15151 0
15157 0
15159 0
15162 1
15165 0
15169 0
15175 0
15190 0
15201 1
15216 1
15217 0
15218 0
15220 1
15235 1
15249 1
15252 1
15256 1
15270 0
15272 1
15281 0
15283 0
15294 0
15305 1
15310 1
15319 1
15332 1
15335 1
15346 1
15352 0
15357 0
15371 0
15378 0
15381 1
15387 1
15396 0
15410 0
15418 1
15427 0
15437 0
15444 1
15450 1
15461 1
15476 1
15488 1
15495 1
15496 0
15499 0
15511 0
15520 1
15527 0
15528 0
15537 0
15552 1
15558 1
15560 1
15574 0
15585 0
15600 1
15603 0
15606 1
15607 0
15609 0
15612 0
15625 1
15629 0
15640 0
15651 0
15658 1
15666 0
15674 1
15689 0
15702 1
15713 1
15725 1
15734 0
15740 0
15754 1
15763 0
15766 0
15779 0
15783 1
15790 0
15804 1
15811 1
15818 1
15833 1
15846 0
15855 1
15858 0
15870 1
15873 0
15884 0
15890 0
15910 1
15922 1
15923 0
15935 0
15940 0
15949 0
15953 0
15961 1
15967 1
15979 0
15980 1
15984 0
15996 0
16007 0
16021 0
16029 1
16033 1
16046 1
16047 0
16054 0
16059 0
16060 1
16067 0
16068 1
16074 0
16079 0
16093 0
16096 1
16099 0
16111 1
16115 0
16123 1
16138 1
16150 1
16163 1
16168 1
16180 0
16181 1
16182 0
16193 1
16202 0
16216 0
16222 1
16229 0
16238 1
16247 1
16259 1
16268 1
16272 1
16281 1
16293 1
16308 1
16323 0
16337 1
16338 0
16345 0
16360 0
16366 0
16372 0
16384 1
16398 0
16401 1
16414 1
16423 0
16429 1
16431 1
16435 0
16438 0
16440 0
16449 1
16458 0
16472 0
16483 1
16498 0
16504 1
16521 0
16533 1
16545 1
16558 1
16567 0
16572 0
16574 1
16575 1
16577 0
16579 1
16582 1
16585 1
16586 0
16593 1
16600 1
16604 0
16612 0
16615 1
16628 1
16637 0
16644 0
16648 0
16651 1
16659 0
16663 0
16676 1
16684 1
16685 0
16688 0
16699 0
16706 1
16712 0
16717 1
16731 0
16737 1
16740 1
16752 1
16760 0
16771 0
16776 1
16779 0
16790 0
16805 0
16817 1
16823 0
16829 1
16830 0
16844 1
16852 1
16864 1
16867 1
16881 1
16886 0
16893 1
16894 1
16903 0
16908 0
16913 0
16920 0
16935 1
16950 1
16965 0
16976 0
16990 1
16995 1
17008 0
17016 1
17040 1
17047 0
17052 0
17067 1
17073 1
17075 1
17080 0
17082 0
17100 0
17107 0
17116 0
17118 1
17131 0
17138 1
17151 0
17163 0
17170 0
17176 0
17183 0
17196 0
17200 1
17209 0
17224 1
17228 0
17237 1
17243 1
17257 0
17258 0
17267 1
17271 1
17275 0
17289 0
17300 1
17307 0
17314 0
17323 1
17331 0
17342 0
17345 0
17358 0
17372 1
17375 1
17383 1
17398 0
17407 1
17422 0
17426 1
17434 1
17439 1
17450 0
17455 0
17464 1
17469 1
17481 0
17487 1
17502 1
17504 0
17516 0
17527 0
17529 1
17538 1
17553 0
17558 0
17562 1
17569 1
17583 0
17587 0
17590 1
17605 1
17610 0
17613 1
17627 1
17640 1
17647 1
17648 0
17662 0
17667 0
17670 0
17677 0
17691 0
17697 0
17706 0
17712 1
17718 1
17721 1
17729 1
17742 1
17748 0
17763 0
17772 0
17778 1
17785 1
17792 1
17796 1
17805 1
17813 1
17821 0
17832 0
17846 1
17855 1
17858 0
17861 0
17874 1
17883 1
17887 1
17892 0
17903 1
17914 0
17921 1
17929 0
17941 1
17952 1
17956 0
17970 1
17974 1
17979 0
17992 1
18003 1
18010 1
18025 1
18028 0
18031 1
18045 1
18060 0
18064 1
18079 0
18092 1
18099 1
18107 1
18112 0
18118 0
18126 0
18129 1
18130 1
18132 0
18141 1
18143 1
18148 1
18162 0
18166 1
18167 1
18180 0
18189 1
18191 0
18192 1
18203 0
18205 0
18212 1
18225 0
18236 0
18248 1
18260 0
18268 0
18282 0
18285 0
18287 1
18289 1
18293 1
18298 0
18301 1
18315 0
18327 0
18342 0
18346 0
18359 0
18360 1
18373 0
18374 1
18381 0
18392 1
18406 0
18413 1
18422 0
18424 1
18431 0
18440 0
18452 0
18467 1
18476 0
18478 0
18481 1
18489 1
18497 0
18510 0
18515 1
18517 1
18518 0
18521 0
18530 1
18545 0
18551 1
18558 1
18566 0
18581 1
18594 0
18599 1
18600 1
18602 0
18611 0
18619 0
18621 1
18624 0
18628 1
18632 0
18647 0
18660 1
18661 1
18675 1
18683 0
18696 0
18710 1
18715 1
18726 1
18730 0
18734 0
18749 0
18755 0
18757 1
18761 1
18773 0
18779 0
18782 1
18791 0
18794 1
18802 0
18825 0
18840 0
18843 1
18856 0
18858 1
18863 0
18869 0
18876 1
18895 1
18910 0
18911 1
18925 0
18929 1
18933 1
18942 1
18956 1
18958 1
18961 1
18975 1
18990 1
19002 1
19008 0
19011 0
19015 0
19019 1
19024 0
19027 0
19034 0
19048 0
19050 0
19062 0
19069 0
19071 0
19077 1
19090 0
19096 0
19109 0
19122 1
19133 1
19139 0
19144 0
19149 0
19156 1
19170 0
19178 1
19182 1
19195 0
19204 1
19211 0
19226 0
19239 0
19247 1
19258 0
19265 1
19283 1
19286 1
19288 1
19303 0
19315 0
19322 1
19337 1
19341 0
19349 1
19353 1
19360 0
19361 1
19363 1
19366 0
19379 1
19387 1
19396 1
19403 1
19411 0
19425 0
19440 0
19444 1
19448 1
19462 1
19469 1
19481 1
19483 1
19498 0
19502 0
19504 0
19510 0
19519 1
19526 0
19537 1
19548 1
19560 0
19573 0
19577 0
19578 1
19593 0
19608 0
19611 0
19625 1
19630 0
19639 0
19653 0
19666 1
19674 0
19678 0
19691 1
19696 0
19700 1
19713 1
19735 1
19739 0
19744 0
19756 0
19763 1
19774 1
19782 0
19797 1
19804 1
19815 1
19822 1
19823 0
19828 1
19831 1
19836 1
19837 1
19844 1
19853 1
19867 0
19878 0
19884 0
19892 1
19898 0
19909 0
19914 0
19920 1
19948 0
19954 1
19967 0
19974 0
19988 1
19996 1
19999 0
20013 0
20026 0
20034 1
20043 0
20045 1
20051 0
20052 0
20060 1
20064 1
20068 0
20073 0
20088 0
20099 0
20101 1
20116 1
20124 1
20139 0
20147 1
20160 0
20173 1
20174 0
20175 1
20182 1
20193 1
20206 1
20208 1
20213 0
20224 0
20229 0
20243 1
20256 1
20265 0
20280 1
20285 0
20288 1
20302 1
20314 1
20326 0
20340 0
20345 0
20354 1
20357 1
20363 1
20375 1
20388 0
20391 0
20406 0
20412 0
20414 0
20415 1
20419 0
20433 1
20436 0
20451 1
20462 1
20477 1
20491 1
20499 1
20505 1
20512 1
20515 0
20529 1
20535 1
20538 1
20545 1
20552 0
20554 1
20569 1
20581 0
20588 1
20592 1
20600 1
20606 1
20611 0
20612 1
20615 0
20623 0
20638 1
20649 1
20654 0
20657 1
20672 1
20681 0
20693 0
20700 0
20712 1
20727 1
20735 1
20742 0
20757 1
20764 1
20768 0
20775 1
20787 1
20794 0
20806 1
20812 0
20820 1
20834 0
20846 0
20851 0
20855 0
20859 0
20870 1
20875 1
20883 0
20898 1
20912 1
20915 0
20924 1
20931 1
20945 1
20946 0
20959 0
20960 1
20961 0
20962 1
20970 1
20978 1
20985 1
20994 0
21006 0
21018 0
21026 0
21032 0
21041 0
21044 0
21057 1
21058 0
21073 1
21080 1
21094 0
21109 1
21112 1
21113 0
21120 0
21127 0
21138 1
21153 1
21157 1
21165 1
21168 1
21180 1
21182 1
21193 1
21207 0
21216 1
21220 1
21233 0
21237 1
21251 0
21252 0
21261 1
21274 0
21286 1
21299 0
21306 0
21321 0
21335 0
21344 1
21357 0
21364 0
21369 1
21388 0
21391 1
21397 1
21405 1
21411 0
21417 1
21426 1
21440 0
21441 0
21448 0
21461 1
21465 1
21477 0
21488 0
21499 0
21503 0
21508 0
21519 1
21523 1
21534 0
21542 0
21547 1
21549 0
21553 1
21558 0
21562 0
21567 0
21574 0
21582 1
21586 1
21588 1
21596 0
21607 0
21619 0
21631 1
21646 0
21651 0
21659 1
21663 0
21676 1
21680 1
21694 0
21700 1
21703 1
21709 1
21720 1
21735 0
21741 1
21752 0
21778 0
21781 1
21793 0
21797 1
21810 0
21811 0
21817 1
21823 0
21836 1
21843 0
21858 1
21867 0
21869 0
21872 0
21884 0
21892 1
21900 1
21904 0
21907 0
21911 0
21918 0
21930 1
21942 1
21951 1
21963 1
21967 1
21976 0
21979 1
21991 0
22005 0
22006 1
22009 1
22011 1
22012 0
22020 0
22031 0
22033 0
22046 1
22052 1
22056 1
22061 0
22072 0
22087 0
22095 0
22096 1
22109 0
22112 1
22126 0
22141 0
22150 0
22159 0
22174 1
22187 0
22190 0
22197 1
22209 0
22221 0
22230 1
22234 1
22246 1
22260 1
22268 1
22270 1
22283 1
22285 0
22300 0
22303 1
22307 0
22315 1
22323 0
22348 1
22363 1
22366 1
22370 0
22384 1
22390 0
22397 1
22405 1
22411 1
22418 0
22419 0
22428 1
22442 1
22450 1
22463 0
22476 1
22482 1
22493 1
22507 1
22518 1
22529 1
22543 1
22557 1
22566 1
22570 0
22578 0
22584 0
22587 1
22588 0
22594 0
22600 0
22607 1
22609 0
22624 0
22627 0
22640 0
22655 0
22662 0
22668 1
22674 1
22681 0
22692 1
22706 0
22717 1
22725 1
22739 0
22753 1
22755 1
22763 0
22770 1
22779 1
22786 1
22793 1
22807 1
22814 0
22820 1
22829 0
22838 1
22845 1
22858 0
22865 1
22877 1
22891 1
22893 0
22894 1
22907 0
22913 1
22919 1
22920 0
22922 1
22926 0
22938 1
22947 1
22952 1
22959 1
22961 0
22967 0
22982 1
22996 0
22997 1
23012 1
23026 1
23032 0
23035 0
23048 0
23060 1
23067 1
23074 1
23083 1
23084 0
23098 1
23107 0
23118 0
23129 1
23136 0
23142 1
23156 0
23162 0
23165 1
23169 0
23181 1
23196 0
23205 1
23220 0
23221 0
23236 1
23244 1
23251 0
23258 1
23267 0
23275 0
23286 0
23298 0
23301 1
23313 1
23316 1
23330 1
23338 1
23350 1
23361 1
23370 0
23378 1
23394 1
23405 0
23416 0
23420 1
23431 1
23435 0
23448 0
23457 1
23465 1
23474 0
23488 1
23502 1
23509 1
23511 0
23513 1
23527 0
23536 1
23551 0
23565 1
23567 0
23579 0
23592 1
23595 1
23609 1
23620 0
23635 0
23641 0
23648 1
23649 1
23653 0
23666 0
23673 1
23688 1
23694 0
23705 1
23720 0
23732 0
23745 1
23756 1
23763 0
23774 0
23779 0
23785 0
23787 1
23802 1
23809 1
23812 1
23820 0
23825 1
23834 1
23846 1
23848 0
23854 0
23865 0
23880 1
23893 1
23897 0
23912 1
23927 1
23933 0
23936 1
23942 0
23953 0
23954 0
23963 1
23970 1
23985 1
23988 1
23997 0
24010 1
24022 0
24031 0
24040 1
24044 1
24051 0
24065 0
24069 0
24070 0
24072 0
24083 1
24089 1
24098 1
24107 0
24119 0
24131 0
24135 0
24150 1
24159 0
24167 0
24168 1
24180 0
24193 1
24200 1
24209 1
24222 0
24230 0
24237 0
24241 0
24248 0
24261 1
24274 1
24283 0
24292 1
24296 1
24307 1
24316 0
24330 1
24343 1
24352 0
24359 0
24363 0
24366 1
24369 1
24387 1
24393 1
24405 0
24407 0
24410 0
24423 1
24426 1
24429 0
24431 0
24432 0
24434 0
24450 0
24464 1
24479 1
24483 1
24495 1
24506 1
24521 1
24532 1
24543 1
24554 1
24562 0
24571 1
24577 1
24578 0
24582 0
24585 0
24598 0
24611 1
24616 0
24620 0
24634 0
24641 1
24647 1
24662 1
24677 1
24688 1
24700 0
24712 0
24724 0
24739 0
24754 0
24763 1
24767 0
24780 1
24782 0
24785 0
24793 1
24799 0
24804 1
24810 0
24811 1
24824 1
24833 0
24847 1
24848 1
24849 0
24857 1
24868 1
24881 0
24884 0
24887 0
24900 1
24909 0
24924 1
24939 1
24954 1
24968 1
24973 1
24986 0
24990 1
25001 1
25009 1
25015 1
25020 1
25025 0
25051 1
25066 1
25077 0
25088 1
25094 0
25095 0
25096 1
25097 1
25104 1
25112 1
25114 0
25125 1
25139 0
25145 1
25150 0
25159 1
25166 1
25169 0
25173 0
25181 0
25182 0
25190 0
25193 1
25207 0
25216 1
25223 0
25234 1
25245 0
25246 0
25257 1
25274 0
25288 1
25289 0
25301 1
25310 0
25323 0
25337 1
25338 0
25346 0
25355 1
25364 0
25376 0
25391 1
25393 0
25402 1
25409 1
25413 0
25417 1
25431 0
25436 0
25442 0
25443 0
25449 0
25464 0
25475 0
25478 1
25483 0
25497 0
25502 0
25514 0
25522 1
25529 1
25534 1
25546 1
25557 1
25562 0
25564 0
25569 0
25578 1
25592 0
25594 0
25598 1
25600 1
25605 0
25607 0
25609 0
25623 1
25632 1
25643 1
25658 0
25670 1
25682 1
25693 1
25708 1
25719 0
25730 0
25737 1
25742 0
25744 1
25757 1
25759 0
25772 0
25778 1
25789 1
25800 0
25804 0
25809 0
25810 1
25822 1
25831 0
25833 0
25834 1
25841 0
25852 0
25866 0
25868 0
25882 1
25884 0
25889 1
25904 1
25910 0
25922 1
25930 0
25944 0
25949 0
25957 1
25972 0
25979 1
25980 1
25985 0
25987 0
26010 1
26022 0
26028 1
26034 0
26047 1
26056 1
26068 0
26079 0
26085 0
26099 1
26102 1
26110 1
26113 0
26116 0
26135 1
26146 0
26153 0
26166 1
26171 0
26180 0
26191 1
26204 1
26219 1
26226 0
26240 0
26251 1
26255 1
26259 1
26271 1
26274 0
26277 0
26286 1
26300 1
26315 0
26321 0
26330 1
26345 0
26360 1
26362 0
26377 1
26391 0
26396 0
26407 0
26415 0
26427 1
26435 0
26448 0
26463 1
26474 0
26487 1
26496 0
26500 1
26508 1
26509 1
26516 1
26518 1
26529 1
26531 0
26532 0
26536 1
26538 1
26551 1
26552 1
26555 1
26570 0
26573 1
26579 1
26591 1
26605 1
26614 1
26626 1
26632 0
26645 1
26652 1
26664 0
26670 1
26685 0
26690 0
26694 1
26708 0
26709 1
26712 0
26724 0
26735 0
26742 1
26747 1
26760 1
26763 1
26768 1
26776 1
26782 0
26788 0
26794 1
26807 1
26819 1
26824 1
26832 0
26847 1
26850 1
26858 0
26861 1
26874 1
26880 1
26884 1
26885 0
26886 1
26899 1
26902 0
26913 1
26917 1
26918 0
26932 1
26943 1
26955 1
26963 0
26978 0
26986 1
26993 0
27010 0
27015 0
27019 0
27025 1
27027 0
27036 1
27053 1
27061 1
27074 0
27087 0
27088 1
27091 1
27105 0
27116 0
27129 0
27140 1
27154 1
27161 1
27168 0
27177 0
27183 0
27188 0
27189 0
27200 0
27209 1
27224 1
27231 1
27232 1
27247 0
27254 0
27257 1
27269 0
27283 1
27295 0
27300 0
27312 1
27327 1
27329 1
27334 0
27351 0
27359 1
27370 0
27385 1
27394 1
27405 0
27417 0
27431 0
27443 1
27444 0
27446 1
27460 1
27475 0
27483 1
27487 1
27500 0
27501 0
27516 1
27518 1
27523 0
27536 0
27548 0
27557 0
27568 1
27570 1
27576 1
27581 1
27593 1
27597 0
27611 1
27622 1
27630 0
27631 1
27645 0
27650 0
27662 0
27663 0
27675 1
27687 0
27689 1
27690 1
27702 0
27711 0
27726 1
27727 0
27730 0
27731 0
27737 1
27739 1
27750 0
27759 0
27772 1
27787 1
27793 0
27804 0
27819 0
27833 0
27837 0
27845 1
27860 0
27867 0
27876 1
27884 1
27885 0
27897 0
27909 0
27912 1
27913 1
27918 1
27935 1
27944 0
27956 1
27957 0
27969 1
27970 1
27982 1
27983 0
27990 1
27998 0
28022 0
28028 0
28033 1
28047 0
28050 0
28065 0
28076 1
28091 0
28099 0
28103 1
28110 0
28122 0
28126 0
28135 1
28142 0
28147 1
28150 1
28167 0
28173 1
28188 0
28196 0
28204 0
28213 1
28226 1
28231 0
28243 0
28257 0
28270 1
28273 0
28275 1
28281 0
28282 0
28294 1
28306 1
28317 1
28323 0
28324 1
28335 1
28346 0
28350 1
28357 0
28368 1
28369 0
28374 1
28376 0
28379 0
28391 0
28392 0
28404 0
28413 1
28418 0
28431 0
28432 0
28441 0
28444 1
28445 0
28447 0
28456 1
28468 1
28470 0
28483 1
28495 1
28499 1
28510 1
28514 0
28519 0
28525 0
28537 0
28551 1
28556 1
28559 0
28574 0
28580 0
28581 0
28593 0
28597 0
28608 1
28623 1
28627 1
28634 1
28640 0
28641 1
28644 1
28656 0
28658 0
28664 1
28667 0
28669 0
28671 0
28678 0
28683 1
28685 1
28700 0
28706 1
28709 1
28722 0
28727 1
28728 0
28743 0
28747 0
28762 1
28770 0
28778 0
28793 1
28800 0
28815 0
28827 1
28840 0
28842 1
28853 0
28868 1
28876 1
28885 1
28899 1
28910 0
28918 0
28925 0
28928 0
28933 1
28945 1
28957 0
28959 1
28962 0
28963 1
28967 0
28979 0
28985 0
28998 1
29007 0
29019 0
29023 0
29026 0
29029 0
29030 1
29032 1
29040 0
29055 1
29057 1
29063 0
29075 1
29082 0
29083 1
29087 0
29100 0
29101 0
29116 1
29129 0
29132 0
29143 1
29144 1
29147 0
29162 1
29175 1
29188 1
29200 0
29214 1
29219 0
29248 0
29259 0
29263 0
29277 0
29280 1
29285 0
29287 0
29291 1
29304 1
29319 0
29331 1
29334 0
29337 0
29352 1
29353 1
29367 1
29373 0
29376 0
29389 0
29396 0
29397 0
29403 1
29418 1
29420 0
29421 1
29423 1
29438 0
29444 1
29446 0
29451 0
29455 0
29469 0
29477 1
29488 1
29494 1
29500 0
29501 1
29512 1
29517 1
29522 0
29524 0
29535 1
29537 1
29566 0
29569 1
29583 0
29589 0
29601 0
29607 0
29615 1
29626 0
29640 0
29649 1
29657 1
29668 1
29676 1
29688 0
29694 0
29701 1
29706 1
29719 1
29733 1
29748 0
29756 1
29770 0
29778 0
29780 1
29784 0
29785 0
29799 0
29811 1
29829 0
29833 1
29841 0
29846 1
29853 0
29865 0
29873 0
29879 1
29887 1
29898 1
29911 0
29922 0
29928 1
29934 1
29942 1
29943 1
29952 1
29961 0
29970 1
29985 1
29992 0
30003 0
30006 1
30009 1
30011 0
30015 1
30022 1
30025 0
30040 1
30047 0
30075 0
30082 0
30091 0
30099 0
30110 1
30118 0
30119 0
30132 0
30135 1
30143 0
30158 0
30161 0
30162 0
30167 0
30179 1
30181 1
30193 1
30204 1
30210 0
30219 1
30230 0
30243 0
30248 0
30260 1
30261 1
30267 1
30270 1
30272 0
30286 1
30304 1
30319 1
30328 0
30336 0
30343 1
30352 1
30360 0
30373 1
30378 1
30385 0
30411 1
30417 0
30423 1
30430 1
30439 1
30451 1
30452 1
30461 0
30468 0
30477 0
30486 0
30500 0
30514 0
30517 0
30522 0
30528 0
30543 1
30558 0
30566 0
30574 0
30578 0
30585 1
30586 1
30611 1
30619 1
30633 0
30636 1
30649 0
30650 0
30669 1
30682 1
30684 0
30693 1
30705 0
30708 1
30717 1
30724 1
30725 1
30734 0
30756 1
30760 1
30774 1
30782 1
30785 1
30786 1
30799 0
30801 0
30809 0
30818 0
30831 0
30833 0
30845 0
30860 0
30865 1
30871 0
30874 0
30894 0
30905 1
30908 1
30913 1
30916 1
30929 1
30932 1
30938 0
30947 0
30954 1
30955 1
30959 0
30963 0
30971 0
30977 0
30982 1
30991 0
31004 0
31016 0
31020 0
31033 0
31037 0
31040 1
31055 0
31070 0
31072 0
31074 0
31076 0
31078 0
31093 0
31102 0
31107 0
31119 1
31133 0
31144 1
31155 1
31162 0
31163 0
31171 1
31184 0
31188 1
31192 1
31193 0
31207 1
31218 0
31225 0
31228 0
31229 0
31237 1
31246 1
31257 1
31271 0
31279 0
31293 0
31305 1
31319 1
31325 1
31331 1
31337 1
31338 1
31339 1
31346 0
31348 1
31350 0
31354 1
31367 0
31381 0
31384 1
31397 1
31399 0
31400 1
31414 0
31416 0
31427 0
31428 1
31440 0
31452 0
31464 1
31478 1
31486 0
31501 1
31508 0
31512 0
31520 1
31538 0
31550 1
31552 0
31554 0
31562 0
31573 1
31577 1
31584 1
31593 1
31604 1
31619 0
31622 0
31635 0
31637 0
31650 0
31662 1
31673 0
31681 1
31690 1
31691 1
31696 0
31723 1
31730 0
31741 1
31759 0
31761 1
31774 1
31785 0
31788 1
31800 0
31814 1
31838 1
31850 0
31855 1
31858 0
31871 1
31873 0
31878 1
31880 1
31889 0
31892 0
31899 0
31901 0
31905 1
31918 1
31931 0
31942 1
31949 0
31957 1
31961 0
31964 1
31965 1
31977 1
31978 0
31989 1
31992 0
31998 0
32000 0
32009 1
32012 0
32024 1
32028 1
32031 0
32037 0
32051 0
32053 0
32057 0
32065 1
32071 1
32086 1
32087 0
32095 1
32099 1
32114 0
32117 1
32123 0
32124 0
32131 0
32137 1
32149 1
32156 0
32163 1
32176 0
32185 0
32192 1
32197 0
32218 1
32232 1
32245 0
32249 0
32263 0
32267 0
32275 1
32278 1
32280 1
32291 1
32300 1
32302 1
32305 1
32320 1
32327 1
32335 0
32336 1
32348 1
32355 0
32369 0
32372 0
32380 0
32391 0
32397 1
32404 0
32416 0
32427 0
32432 0
32434 1
32438 1
32453 1
32461 1
32468 0
32479 1
32486 1
32494 0
32505 1
32519 1
32527 1
32534 1
32535 0
32539 0
32548 1
32551 1
32555 0
32559 0
32566 1
32573 0
32579 1
32587 0
32598 1
32606 1
32620 1
32629 1
32641 1
32649 1
32663 0
32672 1
32696 0
32711 1
32717 0
32725 1
32740 1
32753 1
32762 1
32777 1
32783 1
32798 0
32803 0
32807 0
32822 1
32831 1
32842 1
32849 1
32853 0
32860 0
32861 0
32868 0
32872 0
32887 1
32889 0
32903 1
32912 0
32924 0
32937 1
32949 0
32952 1
32953 1
32955 1
32958 1
32960 1
32962 1
32967 1
32979 1
32990 1
33004 1
33013 1
33018 0
33032 0
33047 1
33054 0
33068 0
33076 0
33085 1
33100 0
33111 0
33120 1
33135 0
33139 0
33143 1
33155 1
33162 1
33167 0
33196 0
33198 1
33204 1
33219 1
33222 1
33228 0
33234 0
33243 0
33248 1
33254 0
33262 1
33271 0
33276 1
33297 1
33305 1
33318 1
33325 1
33333 0
33336 1
33338 1
33347 1
33359 1
33361 1
33362 0
33363 1
33367 1
33373 1
33375 0
33381 0
33394 1
33407 1
33410 1
33418 1
33433 1
33444 1
33453 1
33456 1
33459 1
33467 1
33473 1
33479 1
33493 0
33505 1
33520 1
33525 1
33539 0
33544 0
33545 0
33546 0
33561 1
33570 0
33574 0
33585 0
33599 0
33607 1
33608 0
33622 0
33624 1
33630 1
33635 1
33644 0
33659 0
33673 1
33679 0
33681 1
33686 1
33698 1
33713 0
33722 0
33736 1
33744 0
33749 0
33761 1
33767 0
33772 0
33776 0
33791 0
33793 1
33794 0
33807 0
33810 0
33818 1
33831 1
33836 0
33848 0
33852 0
33858 0
33869 1
33874 1
33889 1
33891 0
33894 0
33897 0
33898 1
33906 0
33911 0
33916 0
33931 1
33945 0
33953 0
33957 1
33966 0
33968 0
33977 0
33992 0
34000 1
34004 1
34008 0
34012 0
34025 1
34034 1
34039 1
34044 0
34046 0
34057 1
34062 1
34064 0
34075 1
34078 0
34091 1
34106 0
34110 0
34117 0
34130 1
34136 1
34140 0
34152 1
34159 0
34167 0
34178 1
34193 1
34204 0
34208 0
34209 0
34224 1
34233 0
34237 1
34249 1
34253 0
34257 0
34261 1
34273 0
34284 1
34295 0
34296 0
34301 1
34307 0
34313 0
34321 0
34328 0
34334 0
34347 0
34355 0
34363 0
34376 1
34381 1
34386 1
34400 1
34407 1
34414 0
34419 0
34428 0
34441 0
34445 0
34451 0
34454 0
34461 1
34465 1
34477 1
34481 0
34486 1
34492 0
34495 0
34497 0
34506 0
34513 0
34527 1
34533 0
34539 0
34545 1
34547 0
34554 0
34563 1
34572 0
34577 0
34583 0
34595 1
34609 1
34622 1
34635 0
34650 1
34659 0
34672 0
34686 1
34700 0
34708 1
34723 1
34727 1
34729 1
34742 1
34757 1
34763 1
34774 1
34783 1
34791 0
34799 1
34811 0
34818 0
34825 0
34834 0
34835 1
34839 1
34846 0
34852 0
34865 1
34873 0
34881 1
34896 0
34903 1
34914 1
34918 0
34920 1
34933 0
34942 0
34946 0
34954 0
34963 0
34977 1
34984 1
34992 0
34998 1
35007 1
35016 1
35017 0
35024 1
35035 1
35048 1
35054 0
35069 1
35083 0
35091 1
35096 1
35111 0
35122 0
35129 1
35146 1
35155 1
35156 1
35159 1
35166 0
35181 1
35196 1
35205 1
35209 0
35210 1
35211 1
35215 1
35223 0
35229 1
35230 0
35235 1
35243 0
35254 1
35265 0
35272 1
35283 0
35291 0
35295 0
35300 1
35313 0
35318 1
35326 0
35329 1
35344 0
35346 0
35358 0
35371 1
35378 1
35389 0
35402 0
35409 1
35414 1
35419 0
35431 1
35433 0
35440 1
35454 0
35459 0
35465 0
35470 1
35474 1
35482 1
35483 0
35494 0
35503 1
35506 1
35513 0
35522 1
35524 0
35530 0
35534 1
35535 0
35540 1
35549 0
35553 0
35556 0
35568 1
35572 0
35585 0
35593 1
35602 0
35616 0
35623 0
35626 0
35640 0
35649 0
35662 0
35667 0
35674 0
35676 1
35688 0
35695 1
35702 0
35710 1
35723 1
35729 0
35744 0
35745 1
35750 0
35765 1
35780 0
35793 0
35801 0
35802 1
35805 1
35806 0
35808 0
35821 1
35830 1
35834 1
35840 0
35848 0
35856 0
35871 1
35884 1
35895 1
35901 1
35907 0
35922 1
35936 0
35938 1
35945 1
35947 1
35948 0
35953 1
35967 0
35982 1
35996 1
36009 0
36023 1
36028 1
36033 0
36042 0
36050 1
36054 0
36059 1
36065 1
36072 1
36081 0
36095 1
36098 0
36109 0
36113 0
36126 0
36127 1
36138 1
36149 0
36158 1
36176 0
36187 0
36192 0
36197 1
36206 0
36217 1
36230 0
36238 0
36245 1
36252 0
36266 0
36270 1
36277 1
36281 1
36289 1
36302 1
36315 0
36319 1
36333 1
36341 1
36349 0
36360 1
36372 1
36387 1
36393 1
36400 1
36412 0
36420 1
36425 0
36437 0
36450 0
36459 0
36471 1
36474 1
36476 1
36480 1
36483 1
36489 0
36501 1
36516 0
36528 1
36535 0
36550 1
36557 0
36566 0
36569 0
36577 1
36591 1
36592 0
36594 1
36601 0
36605 1
36619 0
36632 0
36644 0
36648 1
36659 1
36660 1
36668 0
36682 1
36689 1
36696 1
36711 1
36714 0
36720 1
36727 0
36743 1
36756 1
36762 1
36770 0
36785 0
36790 1
36793 0
36808 1
36811 1
36820 1
36821 1
36832 1
36834 1
36842 1
36847 1
36848 1
36850 1
36861 1
36869 1
36884 1
36890 0
36901 0
36908 0
36909 0
36914 0
36917 0
36926 1
36928 0
36931 1
36944 1
36958 0
36967 1
36973 0
36985 1
36994 1
37006 0
37014 0
37028 0
37043 1
37047 0
37061 0
37064 1
37073 0
37075 1
37081 0
37087 1
37093 1
37096 0
37109 1
37114 1
37116 1
37129 0
37142 1
37156 1
37160 0
37164 1
37176 1
37183 0
37189 1
37217 1
37225 1
37238 1
37244 0
37246 0
37260 0
37269 1
37284 0
37288 0
37299 0
37302 0
37306 1
37319 0
37333 1
37345 0
37360 1
37369 0
37383 1
37396 0
37401 1
37414 1
37427 0
37435 0
37437 0
37442 0
37450 1
37453 1
37455 0
37464 1
37477 1
37485 0
37498 0
37509 0
37511 1
37513 1
37515 1
37522 1
37529 1
37534 0
37537 0
37542 0
37550 0
37558 0
37570 1
37573 0
37586 0
37590 0
37604 1
37612 0
37626 1
37633 0
37645 1
37657 1
37669 1
37670 1
37672 0
37677 0
37697 0
37699 0
37707 0
37712 1
37716 1
37736 0
37748 0
37763 1
37778 1
37781 0
37784 0
37789 1
37791 1
37801 0
37807 1
37808 1
37823 1
37834 0
37841 0
37854 0
37859 1
37863 1
37875 1
37883 1
37896 1
37897 0
37903 0
37912 0
37919 0
37925 0
37936 0
37937 0
37943 1
37955 1
37970 1
37974 1
37976 0
37988 0
37993 0
37997 0
38009 0
38018 1
38030 0
38034 0
38039 1
38047 1
38052 1
38064 0
38078 1
38085 1
38097 1
38106 0
38111 0
38117 0
38126 1
38138 1
38151 0
38152 0
38167 1
38180 1
38194 1
38196 0
38210 0
38225 0
38230 1
38234 0
38243 0
38248 1
38256 0
38267 0
38278 1
38292 0
38300 0
38304 0
38310 0
38322 0
38335 1
38337 1
38350 1
38352 0
38361 0
38366 1
38375 1
38384 0
38390 1
38391 0
38403 0
38416 1
38429 0
38438 0
38450 0
38451 1
38466 0
38489 0
38498 1
38503 0
38506 0
38531 1
38542 1
38557 1
38560 0
38572 0
38576 1
38589 1
38591 0
38606 1
38620 0
38623 1
38629 0
38641 1
38648 0
38662 0
38665 1
38670 1
38675 1
38687 1
38692 0
38696 0
38704 0
38711 1
38722 0
38733 1
38739 1
38753 1
38755 1
38757 0
38770 0
38771 0
38778 1
38779 1
38790 1
38799 0
38807 0
38809 1
38815 0
38816 1
38819 1
38821 0
38835 1
38847 1
38853 1
38861 1
38865 1
38878 1
38880 0
38893 1
38896 0
38898 0
38913 1
38919 0
38920 1
38926 1
38932 1
38943 1
38946 1
38950 0
38962 1
38966 1
38967 0
38969 1
38975 1
38980 0
38982 1
38984 1
38987 1
39000 0
39002 1
39009 0
39014 0
39026 0
39040 0
39048 1
39055 1
39068 1
39076 0
39089 1
39096 0
39107 1
39118 1
39127 1
39140 0
39149 0
39154 0
39167 1
39176 1
39189 0
39194 1
39200 1
39212 0
39220 1
39226 0
39228 1
39231 1
39232 1
39233 0
39247 1
39248 1
39257 0
39265 1
39270 0
39271 1
39286 1
39289 0
39294 1
39306 0
39310 0
39322 1
39330 1
39343 1
39348 1
39357 1
39371 1
39382 1
39396 1
39410 1
39423 0
39429 0
39441 1
39443 1
39444 0
39449 0
39457 1
39468 0
39470 1
39477 1
39492 1
39505 1
39514 0
39516 1
39517 0
39524 1
39535 1
39536 0
39541 1
39542 1
39544 1
39553 0
39555 1
39559 1
39565 0
39579 1
39592 0
39605 1
39611 1
39617 1
39625 1
39632 1
39644 1
39657 0
39670 1
39685 1
39698 1
39699 1
39706 0
39718 1
39720 1
39724 0
39728 1
39737 1
39751 0
39766 0
39777 0
39784 0
39797 1
39802 1
39803 1
39804 1
39809 1
39811 0
39815 0
39818 0
39821 1
39824 1
39835 1
39849 0
39858 1
39862 0
39875 1
39890 1
39896 1
39901 1
39908 0
39920 0
39935 1
39950 1
39955 1
39969 0
39973 1
39984 0
40001 0
40004 0
40008 1
40011 1
40015 0
40018 0
40032 1
40046 1
40052 1
40058 1
40064 1
40070 1
40085 0
40087 0
40094 1
40098 0
40113 1
40126 0
40141 1
40149 0
40160 0
40168 0
40171 0
40179 1
40180 0
40192 1
40200 0
40206 1
40218 0
40229 0
40236 0
40248 1
40254 1
40261 1
40262 0
40269 1
40278 0
40287 1
40290 0
40304 0
40311 1
40318 0
40320 1
40331 1
40332 1
40346 1
40351 1
40359 0
40370 0
40375 0
40376 0
40382 1
40402 0
40417 0
40418 0
40433 1
40437 0
40442 0
40449 1
40464 1
40465 1
40470 1
40481 0
40493 0
40495 1
40510 0
40515 0
40517 0
40528 1
40529 1
40537 0
40548 0
40557 1
40569 1
40584 1
40588 0
40602 1
40617 1
40620 1
40632 0
40638 1
40645 1
40657 0
40658 1
40670 0
40674 0
40676 0
40688 0
40693 1
40707 1
40716 1
40724 0
40733 1
40747 1
40753 0
40756 0
40771 1
40777 0
40789 0
40790 0
40799 1
40801 1
40809 0
40812 1
40827 0
40828 1
40835 0
40837 1
40838 1
40847 1
40858 0
40866 1
40881 1
40885 0
40893 1
40896 1
40922 0
40934 0
40935 1
40947 0
40961 1
40969 1
40971 0
40986 0
40995 0
40996 1
40999 0
41014 0
41027 0
41039 1
41045 1
41046 0
41051 0
41052 0
41067 1
41076 1
41087 0
41094 0
41102 0
41104 1
41109 0
41120 0
41125 1
41131 0
41139 0
41143 0
41147 1
41160 0
41174 1
41186 0
41189 1
41194 0
41202 1
41208 0
41216 0
41222 0
41223 0
41226 1
41228 1
41230 1
41235 1
41236 0
41250 1
41258 0
41259 0
41268 1
41279 1
41291 0
41303 1
41314 0
41327 1
41334 1
41340 1
41351 1
41355 1
41370 1
41379 0
41383 0
41390 0
41401 1
41402 0
41417 1
41425 1
41431 0
41438 1
41447 1
41450 0
41455 1
41458 1
41471 0
41485 1
41498 0
41502 1
41514 1
41518 0
41519 0
41542 0
41553 0
41554 1
41565 0
41577 0
41583 1
41594 1
41606 0
41613 1
41621 0
41632 0
41645 0
41651 0
41659 1
41664 0
41679 0
41685 1
41700 0
41703 1
41712 1
41719 0
41725 0
41729 0
41733 0
41735 0
41736 1
41738 1
41740 1
41752 0
41761 1
41780 0
41791 1
41799 0
41807 1
41813 1
41824 0
41839 1
41844 0
41848 0
41863 0
41878 0
41884 0
41896 1
41900 0
41907 1
41925 0
41947 0
41954 1
41959 1
41967 0
41968 0
41983 1
41997 1
42012 0
42016 1
42021 1
42034 1
42043 1
42047 1
42054 0
42056 0
42063 1
42071 1
42072 0
42073 1
42075 0
42086 0
42094 1
42102 0
42125 1
42136 1
42150 1
42152 1
42164 0
42170 0
42174 1
42177 1
42188 1
42196 1
42211 0
42217 0
42223 0
42224 1
42226 1
42240 0
42241 1
42242 0
42247 0
42260 0
42262 0
42268 0
42271 0
42284 0
42291 1
42302 0
42303 1
42316 1
42318 1
42320 0
42334 0
42339 1
42343 0
42354 1
42367 0
42372 1
42378 0
42385 0
42397 0
42401 1
42410 0
42415 1
42430 1
42442 1
42451 0
42465 1
42471 1
42486 0
42501 0
42514 1
42519 1
42524 1
42533 1
42548 0
42559 1
42560 0
42561 1
42562 1
42573 0
42588 1
42603 1
42615 0
42622 1
42637 0
42643 0
42647 1
42652 1
42656 1
42665 0
42680 0
42686 0
42692 1
42711 1
42723 1
42738 1
42752 1
42760 0
42763 1
42774 0
42789 0
42797 1
42804 1
42808 0
42816 0
42821 1
42835 1
42836 0
42844 0
42852 1
42856 1
42859 1
42870 1
42883 0
42890 1
42908 0
42913 1
42926 0
42940 0
42946 0
42950 1
42955 1
42963 1
42977 1
42986 0
42991 1
42999 0
43012 0
43021 0
43035 0
43043 1
43050 0
43051 1
43064 0
43071 0
43074 1
43078 1
43093 0
43101 1
43109 0
43115 0
43117 0
43128 0
43136 1
43143 1
43158 0
43166 0
43172 0
43187 0
43189 0
43204 0
43208 0
43220 1
43228 0
43231 0
43235 0
43240 0
43244 1
43248 0
43255 0
43257 1
43269 1
43278 1
43285 1
43290 0
43296 1
43297 0
43312 1
43327 1
43330 0
43335 0
43348 1
43355 0
43377 1
43385 0
43400 0
43403 1
43409 0
43424 1
43426 1
43435 0
43438 1
43450 0
43464 0
43476 1
43487 1
43495 1
43499 0
43511 0
43524 1
43528 1
43537 1
43540 0
43544 0
43545 1
43547 0
43558 0
43562 1
43577 0
43586 0
43600 0
43603 0
43615 0
43630 1
43633 1
43639 0
43647 1
43656 1
43671 0
43675 1
43684 1
43698 1
43703 1
43718 0
43721 1
43722 1
43731 0
43742 0
43745 1
43759 0
43760 0
43775 1
43784 0
43797 0
43809 1
43820 0
43828 0
43842 1
43843 1
43855 0
43863 0
43876 0
43885 0
43894 0
43896 1
43899 0
43911 0
43917 1
43920 0
43926 1
43940 1
43941 0
43944 0
43956 0
43971 0
43978 0
43986 0
44001 0
44016 0
44025 0
44038 0
44053 1
44057 0
44070 1
44082 1
44096 1
44102 1
44108 0
44135 0
44144 0
44145 1
44149 0
44152 0
44164 0
44170 1
44176 1
44179 0
44187 0
44190 0
44204 1
44219 0
44221 0
44232 0
44235 1
44250 0
44251 0
44271 1
44285 1
44293 0
44296 1
44307 0
44319 1
44330 0
44331 0
44334 0
44337 0
44341 0
44356 0
44365 1
44373 1
44385 1
44387 0
44389 0
44402 1
44408 0
44414 0
44418 0
44424 1
44435 0
44450 0
44465 0
44478 0
44490 1
44503 1
44516 1
44519 1
44524 1
44528 0
44531 1
44537 1
44544 0
44550 0
44556 0
44565 1
44571 1
44577 0
44603 1
44607 1
44616 1
44623 0
44630 0
44636 0
44642 1
44643 1
44655 0
44668 0
44683 0
44684 1
44688 0
44693 1
44707 0
44721 1
44726 1
44740 1
44744 0
44751 0
44755 1
44768 1
44783 0
44797 1
44798 0
44806 1
44814 1
44829 1
44832 1
44835 0
44848 1
44850 0
44861 1
44876 1
44885 1
44894 0
44908 1
44923 1
44931 1
44945 1
44958 0
44959 1
44974 1
44978 1
44982 0
44995 0
45002 1
45010 0
45013 1
45017 1
45022 1
45033 0
45042 1
45049 0
45064 1
45078 1
45092 0
45098 1
45109 1
45118 1
45127 0
45139 0
45153 0
45160 1
45169 0
45178 1
45181 0
45182 0
45183 1
45191 0
45192 1
45205 0
45217 1
45226 0
45228 0
45237 0
45248 0
45255 1
45277 1
45282 1
45283 1
45288 1
45289 1
45304 1
45307 1
45318 0
45331 0
45345 0
45356 1
45369 0
45375 1
45376 1
45382 1
45387 0
45400 1
45407 1
45414 1
45419 1
45422 0
45426 1
45433 0
45437 0
45448 1
45450 0
45457 0
45480 1
45485 0
45501 0
45502 0
45516 0
45518 1
45531 1
45539 0
45553 1
45554 1
45560 1
45562 1
45571 0
45578 0
45592 0
45597 0
45606 0
45621 0
45623 1
45625 0
45630 0
45643 0
45654 0
45657 1
45670 0
45697 0
45708 0
45720 1
45734 0
45740 0
45753 1
45761 0
45770 0
45775 1
45777 0
45789 0
45791 0
45798 1
45805 1
45812 1
45824 1
45825 0
45839 0
45844 1
45851 0
45860 0
45868 1
45877 0
45905 0
45910 0
45914 1
45929 1
45935 1
45944 1
45948 1
45960 0
45969 1
45983 1
45987 0
45994 0
45995 0
46003 1
46008 1
46013 1
46028 1
46032 1
46041 0
46048 0
46055 1
46057 0
46064 0
46071 0
46078 1
46085 1
46088 1
46100 1
46101 1
46106 0
46114 0
46128 1
46139 1
46146 0
46150 1
46164 1
46175 1
46180 0
46194 0
46207 1
46213 0
46228 1
46229 1
46235 0
46241 0
46248 0
46256 1
46263 1
46274 1
46285 1
46296 1
46309 1
46320 0
46331 0
46343 1
46349 1
46361 1
46369 0
46380 0
46389 1
46393 1
46402 1
46406 1
46410 0
46419 0
46420 1
46434 0
46443 0
46450 0
46456 1
46468 1
46475 0
46500 1
46515 1
46523 1
46525 1
46536 1
46542 0
46555 0
46564 0
46566 1
46571 1
46585 1
46594 0
46598 1
46606 1
46617 0
46622 0
46629 1
46644 1
46649 1
46654 0
46662 1
46666 0
46671 0
46680 0
46688 1
46707 0
46715 0
46716 1
46731 0
46739 1
46740 1
46752 1
46753 1
46760 1
46769 0
46773 0
46781 0
46795 0
46802 0
46807 0
46818 0
46826 0
46840 1
46841 1
46852 0
46860 0
46861 0
46872 0
46885 1
46894 1
46900 0
46906 0
46920 1
46933 0
46937 0
46944 1
46948 0
46962 1
46976 1
46981 1
46984 0
46990 0
46995 0
47000 0
47007 0
47008 0
47021 0
47030 1
47034 0
47049 1
47060 0
47065 0
47070 0
47071 1
47078 1
47079 0
47092 0
47107 0
47119 0
47121 1
47134 1
47147 0
47151 0
47163 0
47168 1
47175 1
47188 1
47193 1
47198 0
47202 1
47210 1
47213 1
47226 0
47230 0
47237 0
47246 1
47261 0
47270 1
47272 1
47279 1
47288 1
47294 1
47305 0
47311 0
47314 0
47316 0
47327 0
47332 1
47339 1
47347 0
47352 0
47365 1
47367 1
47368 0
47372 0
47373 1
47376 0
47381 0
47389 1
47396 0
47402 0
47417 1
47421 1
47435 1
47442 1
47446 0
47451 0
47463 0
47475 1
47488 0
47494 0
47500 1
47508 1
47523 0
47535 1
47546 0
47557 0
47562 0
47577 1
47585 0
47591 1
47593 1
47604 1
47606 1
47621 0
47635 1
47649 0
47654 1
47667 0
47673 1
47676 1
47692 1
47694 0
47701 1
47715 1
47718 0
47723 1
47726 0
47731 1
47739 0
47752 1
47753 1
47759 1
47763 1
47771 1
47776 1
47780 1
47795 0
47800 1
47807 1
47818 0
47823 1
47834 1
47840 0
47853 1
47866 0
47881 0
47892 0
47897 1
47898 0
47904 0
47915 0
47918 1
47923 0
47924 1
47930 0
47931 0
47937 0
47942 1
47951 0
47955 0
47964 0
47971 0
47985 1
47996 1
48002 1
48014 0
48021 0
48027 1
48039 0
48047 0
48059 1
48064 1
48079 1
48080 1
48095 1
48102 0
48103 1
48115 0
48123 1
48132 0
48144 0
48153 1
48155 1
48161 0
48172 1
48179 1
48194 1
48208 1
48221 0
48233 1
48245 1
48251 1
48252 0
48265 1
48273 1
48279 1
48280 0
48282 0
48283 1
48289 0
48296 1
48305 0
48309 1
48322 1
48330 0
48345 0
48350 1
48354 0
48369 1
48370 1
48373 0
48378 1
48390 0
48394 0
48406 0
48410 0
48423 1
48434 1
48448 1
48457 1
48471 0
48482 1
48483 1
48491 0
48492 0
48496 0
48499 1
48501 0
48515 1
48528 0
48529 0
48532 1
48538 1
48552 0
48557 1
48563 1
48571 1
48578 0
48580 0
48582 0
48585 1
48591 1
48594 0
48606 1
48620 1
48631 0
48633 1
48640 0
48644 0
48648 0
48655 0
48660 0
48667 1
48682 0
48689 0
48690 1
48691 1
48702 1
48709 1
48715 1
48717 0
48730 0
48733 1
48745 1
48756 0
48763 1
48768 0
48782 0
48793 0
48800 0
48813 0
48818 1
48819 1
48827 1
48828 0
48842 0
48847 1
48849 1
48854 0
48856 0
48864 0
48879 1
48890 0
48893 0
48906 1
48909 1
48924 1
48926 1
48939 1
48951 0
48954 0
48961 1
48967 1
48981 1
48988 0
48999 0
49013 1
49019 0
49025 1
49027 0
49030 0
49045 1
49057 0
49071 1
49077 1
49079 1
49081 1
49084 0
49086 1
49093 1
49098 0
49104 1
49105 1
49112 0
49125 0
49139 1
49151 0
49157 1
49159 0
49163 1
49164 1
49177 1
49180 1
49182 0
49185 0
49203 1
49208 0
49212 1
49219 0
49221 1
49228 1
49233 0
49244 1
49249 1
49258 1
49263 1
49266 1
49270 1
49282 0
49285 0
49291 1
49302 0
49308 1
49323 1
49334 0
49349 0
49358 1
49366 1
49367 0
49370 1
49381 1
49383 1
49397 0
49398 0
49401 0
49407 1
49418 1
49430 1
49443 0
49451 0
49460 0
49473 0
49478 0
49484 1
49492 0
49500 1
49504 0
49508 0
49522 0
49527 0
49529 1
49543 0
49547 1
49562 0
49563 0
49567 0
49580 1
49594 1
49597 1
49606 0
49619 1
49624 0
49628 1
49633 1
49645 0
49651 1
49654 1
49667 0
49678 1
49691 1
49702 0
49711 1
49718 1
49727 0
49740 1
49744 1
49747 1
49755 1
49770 1
49771 1
49772 1
49777 0
49788 1
49796 1
49804 0
49817 1
49821 1
49832 0
49836 1
49839 1
49853 1
49857 0
49864 1
49871 1
49877 0
49878 0
49879 0
49892 1
49899 0
49906 0
49910 1
49917 0
49929 0
49936 1
49950 1
49963 1
49975 0
49986 1
50000 1
50011 0
50026 1
50034 1
50047 1
50056 0
50069 1
50084 1
50089 0
50103 1
50108 1
50112 1
50126 1
50141 1
50155 0
50169 1
50176 0
50188 0
50189 1
50204 1
50217 1
50231 0
50237 0
50240 0
50243 1
50255 1
50260 0
50262 0
50274 0
50276 1
50285 1
50289 1
50302 0
50310 1
50319 0
50321 0
50324 0
50331 1
50336 0
50338 0
50346 0
50353 1
50368 0
50374 0
50375 0
50382 1
50383 1
50392 0
50404 0
50406 1
50419 0
50428 1
50430 0
50433 0
50439 0
50446 1
50451 1
50457 1
50469 0
50476 1
50498 0
50512 0
50518 1
50529 0
50543 0
50548 0
50560 0
50564 0
50579 1
50586 0
50597 1
50602 0
50606 0
50618 0
50633 1
50636 0
50637 1
50644 0
50651 1
50664 1
50670 0
50677 0
50685 0
50694 1
50697 1
50698 1
50713 1
50718 0
50724 1
50726 0
50733 1
50761 0
50763 1
50764 1
50777 0
50784 0
50798 1
50812 1
50819 0
50825 0
50830 0
50841 0
50848 1
50876 0
50888 1
50903 1
50905 0
50912 1
50919 1
50922 0
50924 0
50926 1
50932 1
50939 1
50952 0
50967 0
50971 0
50984 0
50986 0
50992 0
50999 1
51004 1
51019 1
51026 1
51041 0
51045 1
51056 1
51061 1
51074 0
51076 1
51089 0
51101 1
51103 0
51118 1
51129 1
51144 1
51157 1
51159 0
51168 1
51186 0
51193 0
51197 0
51210 1
51223 0
51237 0
51252 1
51263 0
51272 1
51279 1
51291 0
51297 1
51305 0
51319 0
51327 1
51336 0
51338 1
51352 0
51364 0
51377 1
51386 0
51399 0
51412 0
51417 1
51419 1
51425 0
51440 1
51465 1
51474 0
51486 1
51495 0
51499 1
51521 1
51530 1
51542 1
51550 0
51551 0
51553 0
51568 0
51580 1
51592 0
51605 1
51619 0
51630 0
51638 0
51642 0
51656 0
51664 0
51668 0
51674 1
51686 0
51697 1
51706 1
51717 0
51718 0
51732 1
51737 0
51739 1
51748 0
51750 1
51754 1
51766 1
51769 1
51770 1
51782 0
51795 1
51810 1
51816 0
51827 1
51852 0
51856 0
51870 1
51873 1
51878 0
51884 1
51895 0
51901 1
51913 0
51927 1
51940 1
51953 0
51957 0
51968 0
51979 0
51981 1
51988 0
51996 1
51997 1
52001 0
52006 1
52018 1
52020 0
52023 1
52029 0
52035 1
52037 0
52048 1
52062 1
52067 0
52070 1
52081 0
52085 1
52092 1
52107 0
52109 0
52123 1
52137 0
52150 0
52158 1
52173 0
52186 0
52193 0
52204 1
52208 1
52210 1
52219 1
52221 1
52230 1
52238 1
52251 1
52266 0
52281 1
52292 0
52293 0
52299 1
52325 1
52329 0
52341 0
52344 0
52355 0
52368 0
52379 1
52383 1
52388 0
52390 1
52391 1
52393 0
52398 1
52409 0
52423 1
52432 1
52433 0
52441 0
52450 1
52456 1
52460 0
52475 0
52486 0
52500 0
52503 0
52512 0
52517 1
52523 1
52525 0
52531 0
52532 1
52538 1
52546 1
52553 0
52557 0
52558 0
52569 0
52577 0
52580 1
52586 1
52599 0
52601 0
52614 0
52615 1
52630 1
52633 1
52646 0
52650 1
52663 0
52678 0
52685 0
52698 0
52711 0
52720 1
52725 0
52727 0
52734 0
52745 0
52753 1
52767 1
52780 1
52782 1
52783 0
52787 0
52794 0
52800 1
52806 1
52820 0
52825 0
52836 1
52839 0
52843 0
52855 1
52869 1
52878 1
52885 0
52886 1
52901 0
52907 1
52916 0
52928 0
52941 1
52955 0
52968 0
52977 1
52986 0
52990 1
52999 1
53010 1
53011 1
53017 0
53023 0
53030 1
53034 0
53039 1
53054 1
53065 1
53080 0
53085 1
53088 0
53093 0
53098 0
53102 1
53115 1
53126 0
53135 0
53148 0
53163 0
53171 1
53185 0
53200 1
53201 1
53208 1
53223 1
53237 1
53251 0
53260 0
53261 1
53273 1
53277 1
53286 0
53288 1
53294 0
53300 1
53303 0
53304 1
53309 0
53316 1
53322 0
53331 0
53338 0
53339 0
53352 0
53358 1
53366 0
53377 0
53388 1
53401 0
53408 1
53413 1
53428 0
53432 1
53439 1
53448 0
53450 0
53451 1
53462 1
53466 0
53480 0
53481 0
53483 1
53489 1
53490 1
53505 0
53516 1
53528 0
53531 1
53543 1
53556 0
53557 0
53559 1
53563 1
53570 1
53577 1
53582 0
53584 1
53599 1
53610 1
53613 0
53617 1
53620 0
53633 0
53648 0
53654 0
53669 0
53671 0
53682 0
53691 0
53695 1
53696 1
53705 0
53707 0
53730 0
53737 1
53743 1
53751 1
53754 1
53769 0
53778 0
53790 1
53795 0
53808 0
53817 1
53829 1
53843 1
53857 1
53872 1
53883 0
53894 1
53895 0
53902 1
53911 0
53917 1
53925 1
53940 0
53941 1
53946 1
53957 1
53961 0
53975 0
53986 1
54001 1
54016 1
54018 1
54019 0
54026 0
54033 1
54039 1
54040 1
54044 0
54052 0
54060 1
54073 1
54082 0
54084 0
54086 0
54095 1
54110 1
54124 0
54129 0
54133 1
54147 1
54148 1
54150 0
54157 1
54159 0
54165 1
54167 1
54179 1
54182 1
54188 0
54191 1
54205 0
54217 1
54220 0
54224 1
54236 0
54240 1
54245 1
54252 1
54267 1
54273 1
54275 0
54279 0
54284 1
54295 1
54303 0
54316 0
54321 1
54327 1
54342 1
54349 0
54354 0
54363 0
54374 0
54375 0
54377 0
54379 1
54391 1
54394 1
54409 0
54423 0
54425 0
54433 1
54436 0
54448 1
54450 0
54459 1
54471 1
54483 0
54492 0
54507 1
54513 0
54515 0
54516 0
54522 0
54534 0
54539 1
54541 1
54542 0
54544 1
54551 1
54564 1
54573 1
54585 1
54599 1
54604 1
54613 1
54624 0
54626 0
54628 0
54643 0
54649 0
54650 0
54658 1
54677 0
54683 1
54698 1
54711 0
54712 1
54714 1
54719 0
54732 0
54747 1
54751 0
54752 1
54765 0
54772 0
54775 0
54776 1
54790 0
54804 1
54812 0
54832 1
54841 0
54845 1
54859 0
54865 1
54866 0
54870 1
54871 0
54886 1
54889 1
54896 1
54907 0
54919 0
54933 1
54947 0
54956 1
54960 1
54967 1
54970 1
54973 0
54984 0
54993 1
54998 0
55012 0
55015 1
55021 1
55033 0
55045 0
55054 0
55068 0
55073 1
55082 0
55089 1
55100 0
55112 1
55115 0
55128 1
55132 1
55133 1
55146 1
55152 1
55166 1
55180 1
55188 1
55193 1
55197 1
55199 1
55212 0
55225 0
55236 0
55242 0
55244 0
55259 1
55270 0
55281 0
55289 1
55309 1
55310 1
55312 0
55323 0
55332 1
55338 1
55347 1
55355 1
55366 0
55372 0
55384 0
55390 0
55402 0
55415 1
55419 1
55434 0
55441 1
55443 0
55457 1
55458 0
55466 0
55479 0
55492 1
55493 1
55505 0
55513 1
55516 1
55520 1
55529 1
55536 1
55544 1
55546 1
55559 0
55565 0
55568 1
55569 1
55570 0
55583 0
55588 1
55594 0
55597 0
55611 1
55619 0
55626 0
55639 0
55644 0
55658 0
55662 0
55675 1
55677 0
55684 0
55689 0
55698 0
55699 1
55705 0
55720 0
55722 1
55728 1
55733 0
55747 0
55760 0
55773 1
55787 0
55801 0
55805 0
55811 1
55824 1
55839 0
55854 0
55860 0
55868 0
55872 0
55886 0
55895 0
55896 1
55897 1
55910 1
55925 0
55933 1
55944 0
55953 1
55956 1
55961 0
55964 0
55969 1
55971 1
55977 1
55990 0
55992 1
55999 0
56003 0
56006 0
56010 0
56019 0
56023 0
56029 1
56032 1
56040 1
56046 1
56061 1
56062 1
56067 0
56076 0
56081 0
56090 0
56098 1
56109 0
56115 0
56130 1
56135 0
56139 0
56153 1
56160 0
56164 0
56169 0
56178 0
56182 1
56195 0
56199 0
56204 0
56219 1
56223 0
56235 0
56239 1
56241 1
56243 0
56246 0
56258 0
56261 0
56268 1
56277 0
56284 0
56292 1
56304 1
56315 1
56320 0
56322 1
56329 0
56334 0
56348 1
56350 1
56363 1
56371 1
56377 1
56391 0
56398 1
56402 0
56415 0
56418 1
56431 1
56433 1
56437 1
56442 1
56456 1
56461 0
56465 0
56471 1
56482 0
56495 0
56509 1
56524 0
56527 0
56542 0
56546 0
56552 1
56559 0
56565 1
56568 0
56573 0
56577 1
56593 1
56597 0
56600 1
56608 1
56613 1
56628 0
56642 0
56643 1
56650 0
56663 1
56665 1
56674 1
56675 1
56687 0
56694 1
56706 1
56718 1
56722 1
56730 0
56735 0
56742 0
56748 1
56751 0
56755 1
56758 0
56761 0
56776 0
56778 0
56789 0
56797 1
56803 1
56815 0
56817 1
56832 0
56846 1
56861 0
56874 1
56886 0
56888 0
56900 1
56914 0
56925 0
56933 0
56944 1
56950 1
56951 0
56965 1
56976 1
56990 1
57001 1
57012 0
57013 0
57022 1
57028 1
57031 0
57032 1
57034 0
57043 1
57063 1
57078 1
57086 0
57100 1
57115 1
57121 0
57129 1
57132 1
57139 0
57141 0
57148 1
57161 0
57170 1
57183 1
57194 1
57209 1
57217 1
57225 0
57232 0
57243 0
57247 1
57261 1
57266 1
57271 1
57275 0
57282 1
57296 1
57309 0
57311 1
57324 1
57329 0
57343 1
57358 1
57366 1
57370 0
57384 1
57395 1
57403 1
57404 1
57416 1
57422 1
57433 1
57437 1
57449 0
57452 0
57464 0
57470 1
57483 0
57492 0
57494 1
57508 1
57516 1
57521 1
57526 0
57539 1
57554 1
57565 0
57569 1
57583 1
57587 1
57601 1
57602 1
57603 1
57609 0
57624 0
57631 0
57636 1
57647 1
57659 0
57674 1
57686 0
57690 0
57703 1
57712 0
57716 0
57729 0
57737 0
57752 0
57753 1
57766 1
57774 1
57775 0
57780 0
57789 1
57798 0
57811 1
57828 1
57834 0
57843 0
57856 1
57858 0
57861 0
57867 1
57870 0
57876 0
57883 1
57884 1
57897 1
57905 0
57906 0
57909 0
57910 1
57917 1
57925 0
57931 1
57937 0
57951 1
57954 1
57960 1
57975 0
57984 0
57992 1
57995 1
58002 1
58010 1
58019 0
58031 0
58033 0
58048 0
58052 1
58065 1
58067 1
58068 0
58073 1
58087 1
58101 1
58103 0
58110 0
58116 1
58128 1
58133 0
58142 0
58147 0
58160 1
58168 0
58173 0
58178 0
58190 1
58203 0
58209 1
58220 1
58234 1
58247 1
58249 1
58262 1
58267 1
58268 0
58281 0
58293 1
58299 0
58306 0
58308 1
58322 0
58325 0
58337 1
58342 1
58354 1
58365 1
58378 0
58385 0
58399 0
58405 1
58418 0
58421 0
58433 0
58439 1
58462 1
58476 0
58480 1
58488 1
58500 0
58508 0
58522 0
58533 1
58541 0
58549 0
58561 1
58567 1
58576 1
58582 1
58596 0
58601 1
58610 0
58621 0
58633 0
58638 1
58647 1
58650 0
58663 0
58671 0
58685 0
58692 1
58703 0
58706 0
58710 1
58723 1
58726 0
58734 0
58747 0
58761 1
58764 1
58778 0
58791 1
58802 0
58813 0
58824 1
58830 1
58838 0
58847 0
58861 1
58873 1
58885 1
58899 1
58908 1
58912 0
58916 1
58925 0
58927 0
58928 1
58939 1
58952 0
58955 0
58958 1
58964 1
58970 1
58984 1
58987 1
58989 0
58990 0
58999 1
59012 1
59013 0
59016 0
59027 1
59033 0
59038 0
59040 1
59041 1
59055 0
59058 1
59064 1
59071 0
59080 1
59091 0
59103 0
59111 1
59124 1
59131 0
59136 0
59148 0
59155 0
59166 1
59177 0
59180 1
59184 0
59197 0
59216 1
59222 0
59235 0
59237 1
59238 0
59242 0
59249 0
59250 1
59265 0
59278 1
59287 0
59303 0
59310 1
59316 0
59318 1
59325 0
59330 0
59342 1
59353 0
59365 0
59378 1
59385 1
59387 0
59394 0
59408 0
59416 1
59422 1
59425 1
59436 0
59442 1
59444 0
59447 0
59458 1
59469 1
59484 0
59498 1
59511 1
59524 0
59526 0
59528 0
59542 0
59549 1
59560 1
59574 1
59582 0
59591 1
59608 0
59623 1
59624 0
59635 0
59637 1
59650 1
59655 1
59663 1
59674 0
59689 1
59691 1
59699 1
59704 0
59705 1
59712 1
59715 0
59718 1
59722 1
59733 0
59738 0
59742 0
59748 1
59759 1
59765 0
59774 0
59781 0
59785 0
59789 0
59801 1
59815 0
59826 0
59835 1
59848 1
59850 0
59857 1
59869 0
59874 0
59883 1
59890 1
59891 0
59893 1
59894 0
59902 0
59904 0
59916 1
59927 0
59930 0
59939 1
59942 0
59951 0
59965 1
59966 0
59967 1
59972 0
59981 0
59987 1
59992 0
59998 0
60003 0
60007 0
60013 0
60028 0
60035 0
60050 1
60057 0
60069 0
60071 1
60086 1
60094 0
60098 0
60104 0
60111 0
60113 0
60116 0
60122 0
60133 1
60147 1
60154 1
60168 0
60169 1
60184 0
60192 0
60203 0
60215 1
60223 0
60237 0
60240 0
60249 0
60254 0
60269 0
60275 1
60288 0
60300 0
60313 1
60324 0
60339 0
60346 1
60354 1
60356 1
60367 0
60374 1
60383 0
60391 0
60402 0
60410 0
60412 1
60415 1
60417 0
60430 0
60444 0
60447 1
60453 1
60457 1
60468 1
60471 1
60475 0
60488 0
60494 1
60495 1
60509 0
60520 1
60529 1
60532 1
60535 1
60546 1
60547 1
60558 0
60571 1
60582 0
60590 1
60605 1
60608 1
60619 0
60630 0
60639 0
60652 1
60663 0
60669 1
60690 1
60705 0
60716 0
60727 1
60738 1
60747 0
60766 1
60779 1
60788 0
60801 1
60813 0
60824 1
60836 0
60842 1
60864 0
60873 0
60876 0
60885 0
60891 1
60900 1
60908 0
60923 1
60934 0
60946 0
60953 0
60962 1
60964 0
60969 1
60972 0
60983 1
60995 0
60997 0
61001 0
61014 1
61018 1
61031 1
61044 1
61057 0
61059 0
61073 0
61081 1
61089 1
61104 0
61113 1
61127 1
61139 0
61151 1
61158 0
61167 0
61174 0
61188 0
61194 0
61207 0
61210 0
61218 1
61243 0
61254 1
61269 0
61283 0
61297 0
61303 0
61306 0
61318 0
61330 1
61344 0
61351 1
61359 1
61373 0
61375 0
61389 1
61402 1
61403 0
61409 1
61417 1
61420 1
61427 0
61433 0
61436 1
61439 0
61445 1
61457 0
61462 1
61466 0
61481 0
61500 1
61515 0
61530 1
61545 0
61552 0
61557 0
61558 0
61564 1
61573 0
61584 1
61592 1
61595 1
61599 1
61600 1
61613 0
61616 0
61627 1
61638 0
61650 0
61653 1
61654 0
61666 1
61675 1
61682 1
61687 1
61700 0
61706 1
61708 1
61726 1
61735 1
61736 1
61738 1
61745 0
61746 1
61758 1
61772 0
61780 1
61784 0
61788 1
61802 1
61815 1
61828 0
61836 0
61851 1
61863 0
61867 1
61882 0
61894 1
61898 1
61902 0
61905 1
61908 0
61922 1
61937 0
61950 1
61965 1
61970 0
61997 1
62001 0
62012 0
62013 1
62014 0
62022 0
62036 0
62045 1
62051 0
62064 0
62067 1
62072 1
62081 1
62094 0
62098 0
62113 1
62119 0
62124 1
62125 1
62139 0
62151 1
62162 0
62171 0
62177 1
62192 0
62206 1
62217 1
62230 0
62239 1
62253 0
62254 0
62260 1
62262 0
62276 0
62288 1
62295 0
62307 0
62316 0
62320 1
62324 1
62333 1
62339 1
62351 1
62363 0
62377 0
62384 0
62395 0
62404 0
62405 0
62418 0
62422 0
62425 0
62440 0
62454 0
62460 1
62467 1
62476 0
62496 1
62510 1
62513 0
62515 0
62533 0
62535 0
62539 1
62541 1
62563 1
62566 0
62570 0
62577 1
62588 0
62594 0
62605 0
62608 0
62616 0
62622 0
62633 1
62647 0
62650 0
62659 0
62663 1
62672 1
62685 0
62694 0
62696 1
62702 1
62715 1
62716 1
62723 1
62725 1
62726 1
62739 0
62753 1
62754 1
62763 1
62778 1
62793 1
62799 1
62812 1
62819 1
62826 1
62841 1
62854 0
62862 1
62889 1
62900 1
62909 1
62910 1
62918 0
62929 0
62937 1
62948 0
62960 0
62963 0
62964 1
62977 0
62978 1
62984 1
62991 1
63003 1
63012 1
63013 1
63017 0
63024 0
63038 1
63041 0
63055 0
63063 1
63074 1
63089 0
63103 0
63115 0
63121 1
63136 1
63138 0
63140 1
63143 0
63149 1
63150 1
63158 1
63162 1
63165 0
63170 0
63173 1
63178 0
63185 0
63187 1
63200 0
63207 0
63211 1
63215 0
63217 0
63223 1
63226 0
63238 0
63239 0
63244 1
63248 1
63251 0
63264 0
63272 0
63279 1
63287 0
63295 0
63303 1
63307 0
63318 1
63336 0
63340 0
63349 0
63352 0
63354 1
63366 1
63381 0
63389 0
63404 0
63412 1
63421 0
63433 0
63447 1
63462 1
63476 1
63481 0
63489 0
63490 0
63501 0
63506 0
63520 0
63531 0
63539 1
63546 0
63550 1
63561 0
63565 1
63574 0
63576 0
63587 0
63595 0
63610 1
63612 0
63625 1
63633 1
63639 1
63654 0
63667 1
63678 1
63685 1
63696 0
63704 0
63719 0
63720 1
63724 1
63735 0
63748 1
63763 0
63764 0
63779 1
63790 1
63794 0
63798 0
63799 1
63813 0
63827 1
63831 0
63844 0
63851 1
63856 1
63859 1
63866 0
63877 1
63888 0
63890 1
63903 0
63914 0
63920 1
63921 0
63929 0
63940 1
63945 1
63960 0
63974 0
63986 1
63992 1
64004 1
64012 0
64018 1
64027 1
64030 0
64044 0
64047 1
64061 0
64070 1
64085 1
64096 0
64108 1
64117 0
64121 1
64133 0
64146 0
64161 0
64175 1
64183 1
64190 0
64195 0
64204 0
64207 0
64214 1
64222 0
64231 1
64245 1
64248 1
64250 1
64257 0
64266 1
64277 0
64298 0
64304 0
64316 1
64322 1
64328 1
64339 1
64344 0
64347 0
64360 0
64371 1
64382 0
64390 1
64405 1
64417 0
64420 1
64435 0
64448 0
64457 0
64469 0
64483 0
64484 1
64487 0
64501 1
64513 0
64520 1
64527 1
64530 1
64544 1
64555 0
64567 0
64582 1
64586 0
64590 1
64602 1
64617 1
64621 0
64633 1
64640 0
64653 0
64660 1
64662 0
64666 0
64675 1
64690 0
64704 0
64708 0
64723 0
64729 0
64738 0
64744 1
64750 0
64762 0
64774 0
64783 0
64788 0
64793 1
64805 1
64807 1
64820 0
64822 0
64827 0
64838 1
64850 0
64859 0
64860 0
64867 0
64868 1
64883 1
64896 0
64899 1
64905 0
64910 0
64914 1
64928 0
64929 0
64935 0
64942 0
64950 1
64961 1
64962 1
64968 0
64971 0
64978 1
64989 0
64995 1
64998 0
65009 0
65010 0
65021 1
65027 0
65034 0
65038 0
65042 1
65050 0
65054 1
65055 0
65062 0
65067 0
65069 1
65084 1
65093 0
65105 0
65120 0
65132 0
65141 0
65148 1
65159 1
65165 0
65171 1
65186 1
65193 1
65199 0
65201 0
65210 1
65217 1
65225 0
65231 0
65235 0
65239 1
65248 1
65249 0
65262 0
65268 0
65271 0
65277 0
65284 0
65298 0
65299 1
65304 0
65313 0
65327 0
65340 1
65358 1
65369 1
65381 1
65383 1
65391 0
65395 0
65399 0
65405 0
65414 0
65416 1
65420 1
65428 1
65436 1
65444 1
65448 0
65450 1
65462 0
65469 0
65484 0
65495 0
65503 1
65507 1
65515 0
65519 0
65527 1
65542 1
65554 0
65566 0
65573 0
65580 1
65589 1
65598 1
65613 1
65617 0
65625 0
65630 1
65651 0
65654 1
65666 0
65675 1
65682 1
65695 0
65699 0
65711 1
65712 0
65717 0
65719 1
65732 0
65735 1
65739 0
65748 1
65755 0
65767 0
65778 1
65787 1
65799 0
65808 0
65814 1
65817 0
65819 1
65820 0
65822 0
65835 1
65837 0
65848 0
65855 0
65867 0
65879 1
65888 1
65899 0
65912 0
65923 0
65930 1
65942 1
65953 1
65957 1
65971 1
65976 1
65988 1
65997 1
66008 0
66010 0
66015 1
66027 1
66039 0
66040 1
66048 1
66055 1
66070 1
66081 1
66096 1
66109 1
66111 1
66123 1
66131 0
66156 1
66157 0
66165 0
66168 1
66189 0
66192 1
66201 1
66208 1
66215 1
66218 0
66220 1
66226 0
66227 1
66232 1
66246 1
66260 1
66275 0
66276 0
66277 0
66279 1
66291 0
66300 1
66309 0
66321 0
66329 0
66340 0
66354 0
66356 1
66362 1
66368 0
66383 0
66395 1
66407 0
66408 1
66422 0
66428 0
66433 0
66440 1
66447 0
66452 1
66463 1
66475 0
66479 1
66488 0
66493 0
66506 1
66521 0
66536 0
66545 0
66547 1
66558 1
66564 0
66567 0
66570 1
66582 1
66589 0
66601 1
66606 1
66621 0
66633 1
66646 1
66650 0
66661 0
66669 1
66675 1
66687 0
66690 1
66704 1
66719 0
66730 0
66739 0
66744 0
66751 0
66760 0
66766 0
66778 0
66786 0
66787 0
66802 1
66804 0
66816 0
66829 0
66844 0
66859 1
66864 1
66877 0
66882 1
66885 0
66893 0
66902 0
66908 1
66920 0
66931 1
66940 0
66954 0
66959 0
66968 0
66976 1
66984 1
66986 1
66991 1
66995 0
67009 0
67018 0
67020 1
67031 1
67043 1
67049 1
67061 0
67075 0
67076 0
67079 1
67094 1
67103 0
67110 1
67111 0
67113 0
67126 1
67141 1
67148 1
67153 1
67161 1
67168 0
67170 0
67188 1
67189 1
67203 1
67205 0
67210 0
67221 0
67222 0
67235 1
67249 1
67261 1
67263 1
67276 1
67288 1
67292 0
67304 1
67309 1
67323 0
67327 1
67331 0
67333 1
67338 0
67342 0
67354 0
67355 0
67358 1
67361 0
67365 1
67374 0
67376 0
67390 1
67394 0
67401 0
67416 0
67424 1
67448 1
67461 0
67464 0
67479 1
67481 0
67494 0
67495 1
67498 0
67500 1
67502 0
67508 1
67509 1
67514 0
67526 0
67531 1
67537 0
67540 1
67553 0
67559 1
67565 0
67571 0
67586 1
67591 1
67593 0
67599 1
67614 0
67620 0
67633 1
67638 0
67640 1
67647 1
67650 0
67656 1
67661 0
67675 1
67689 1
67691 0
67705 1
67716 1
67719 0
67734 0
67741 1
67750 0
67763 0
67766 1
67771 1
67780 1
67792 0
67798 1
67810 0
67825 0
67840 0
67853 0
67856 1
67871 1
67879 0
67892 1
67905 0
67919 1
67926 1
67938 1
67942 1
67954 1
67963 1
67974 1
67981 0
67985 0
67992 0
67994 0
68007 1
68020 0
68035 1
68040 1
68041 1
68043 0
68058 0
68071 1
68083 1
68091 0
68102 1
68111 0
68126 1
68138 0
68150 1
68156 0
68157 1
68171 1
68175 0
68177 1
68186 0
68199 1
68208 0
68222 0
68233 0
68245 1
68250 1
68255 1
68262 0
68267 1
68279 1
68290 1
68293 0
68295 1
68297 0
68298 0
68302 1
68316 1
68318 1
68329 0
68340 1
68353 1
68365 0
68379 0
68385 0
68400 1
68409 1
68414 1
68416 0
68418 1
68432 0
68440 0
68442 1
68449 0
68461 1
68475 0
68484 1
68491 0
68496 0
68504 0
68512 1
68519 0
68539 1
68541 0
68553 1
68555 0
68556 0
68558 0
68561 0
68568 1
68573 0
68579 0
68590 1
68592 0
68603 1
68620 0
68634 1
68642 0
68651 0
68652 0
68663 1
68674 1
68685 1
68696 0
68700 1
68704 0
68707 1
68719 1
68726 1
68727 0
68740 0
68746 1
68755 1
68758 0
68762 1
68771 0
68773 0
68781 0
68787 0
68795 0
68809 1
68815 0
68830 0
68841 1
68847 1
68860 0
68874 1
68887 1
68901 0
68913 0
68916 1
68929 0
68940 0
68945 1
68949 1
68954 1
68956 1
68962 1
68971 1
68972 0
68973 0
68988 0
69000 1
69012 1
69014 0
69029 0
69033 0
69040 1
69049 0
69055 1
69066 0
69070 1
69079 1
69082 1
69088 0
69089 1
69093 0
69097 0
69110 1
69118 1
69130 1
69145 1
69146 0
69157 0
69170 1
69175 1
69178 1
69183 1
69189 1
69201 0
69205 1
69209 1
69215 1
69227 0
69228 0
69239 0
69241 0
69250 1
69252 1
69267 1
69275 1
69279 0
69294 0
69306 0
69309 0
69318 0
69329 1
69342 0
69349 0
69353 0
69365 0
69376 1
69381 1
69388 1
69394 0
69396 0
69397 0
69399 0
69414 1
69415 1
69426 0
69434 0
69445 0
69449 1
69453 0
69458 1
69465 1
69470 1
69482 1
69488 1
69496 1
69500 1
69502 1
69509 1
69518 1
69525 0
69549 0
69557 0
69571 0
69586 0
69601 0
69602 1
69616 0
69620 0
69624 1
69628 1
69646 0
69654 1
69662 1
69666 1
69671 1
69677 0
69680 1
69681 1
69692 0
69699 0
69707 1
69716 0
69725 1
69746 0
69747 0
69752 1
69763 1
69770 1
69771 1
69774 0
69778 1
69785 1
69799 1
69800 1
69802 1
69821 1
69824 1
69837 0
69841 1
69852 0
69871 0
69874 0
69889 1
69898 0
69904 0
69911 0
69918 1
69925 0
69939 0
69950 0
69955 1
69962 0
69969 0
69972 1
69984 0
69995 0
70001 1
70009 1
70020 0
70022 0
70025 1
70039 1
70052 0
70065 0
70077 0
70081 0
70087 0
70090 1
70103 0
70118 1
70125 1
70140 0
70154 0
70156 1
70159 1
70171 0
70176 0
70191 0
70195 0
70204 0
70213 0
70222 1
70227 0
70238 0
70246 0
70253 0
70256 0
70262 0
70265 1
70271 1
70277 0
70280 0
70284 1
70296 0
70303 0
70314 1
70319 1
70327 0
70335 0
70338 1
70352 0
70361 0
70367 0
70375 1
70380 1
70384 1
70398 1
70401 1
70407 1
70416 0
70421 0
70426 1
70430 1
70449 1
70463 1
70464 0
70468 0
70469 1
70470 0
70472 1
70476 1
70491 0
70500 0
70514 1
70523 1
70529 1
70543 1
70555 1
70564 0
70571 0
70582 0
70593 1
70601 0
70615 0
70627 0
70633 0
70637 1
70650 1
70651 1
70662 1
70664 1
70679 0
70686 1
70690 0
70693 0
70708 1
70721 1
70727 0
70742 1
70743 0
70746 0
70759 0
70760 0
70765 0
70779 0
70788 1
70806 0
70810 1
70811 1
70817 0
70829 1
70838 0
70847 0
70855 1
70866 0
70873 0
70885 1
70897 0
70908 1
70911 0
70922 0
70936 1
70940 1
70941 0
70946 1
70948 0
70951 1
70962 1
70965 1
70980 0
70985 1
70992 0
71013 0
71022 1
71036 0
71045 1
71057 1
71072 1
71075 1
71088 0
71103 0
71104 0
71111 0
71126 1
71133 1
71138 1
71141 0
71146 0
71155 1
71161 1
71176 0
71183 1
71190 0
71201 1
71203 1
71214 0
71228 0
71233 0
71248 0
71251 0
71266 1
71278 0
71292 1
71298 0
71323 1
71324 1
71325 0
71337 0
71346 1
71350 1
71353 1
71364 1
71369 0
71376 0
71388 1
71389 1
71398 1
71411 1
71413 1
71415 0
71430 0
71442 0
71456 1
71469 1
71480 0
71495 1
71504 0
71511 0
71525 1
71538 0
71550 1
71565 0
71574 1
71578 0
71586 1
71592 1
71593 0
71600 0
71613 1
71620 0
71626 0
71628 0
71631 1
71639 0
71647 0
71662 1
71665 1
71680 0
71686 1
71699 1
71711 1
71724 1
71739 1
71748 0
71754 1
71755 0
71766 0
71772 0
71790 1
71801 1
71815 0
71818 1
71833 0
71847 1
71853 0
71856 0
71869 0
71873 1
71876 0
71885 0
71888 0
71900 1
71914 0
71923 0
71926 1
71940 1
71951 0
71954 1
71966 1
71968 1
71982 1
71983 1
71986 0
71988 0
72000 0
72012 1
72026 0
72040 1
72042 0
72055 1
72062 0
72071 0
72075 1
72076 0
72077 1
72079 1
72081 0
72085 1
72092 0
72106 0
72118 1
72129 0
72140 1
72154 0
72168 0
72183 0
72185 1
72190 0
72198 1
72203 1
72212 1
72216 0
72225 1
72229 1
72233 0
72238 0
72253 1
72264 0
72267 1
72272 0
72283 0
72299 1
72301 1
72313 1
72316 0
72318 0
72320 0
72327 0
72333 1
72342 0
72344 1
72346 0
72358 1
72360 1
72367 1
72373 0
72379 0
72393 0
72407 0
72420 0
72434 1
72447 1
72452 0
72459 1
72471 0
72479 0
72493 1
72497 0
72512 0
72519 1
72523 1
72527 0
72532 0
72537 0
72552 0
72554 1
72556 0
72569 0
72570 0
72585 0
72597 1
72608 1
72623 0
72628 0
72643 1
72645 0
72651 1
72666 1
72673 1
72682 0
72686 0
72695 1
72708 1
72722 1
72730 0
72744 0
72748 1
72750 0
72763 1
72776 0
72784 1
72789 1
72800 0
72812 1
72826 0
72840 0
72842 0
72848 0
72855 1
72856 1
72871 0
72876 0
72890 0
72897 1
72898 1
72904 1
72911 1
72924 1
72930 0
72938 1
72945 0
72956 1
72961 0
72964 1
72969 0
72984 0
72985 1
72989 1
72998 0
73002 0
73006 0
73010 1
73011 1
73017 0
73025 0
73028 0
73035 0
73050 0
73057 0
73063 0
73068 0
73081 1
73089 0
73100 0
73106 0
73108 1
73120 0
73131 0
73140 1
73143 1
73152 0
73170 0
73178 0
73186 1
73199 1
73205 0
73218 0
73225 1
73236 0
73249 1
73256 0
73271 1
73278 1
73289 0
73290 0
73291 0
73303 1
73312 0
73315 0
73318 1
73326 1
73341 0
73346 0
73350 1
73354 1
73367 1
73381 1
73385 0
73388 0
73394 1
73402 1
73406 0
73419 1
73423 0
73424 0
73431 1
73439 0
73454 0
73456 1
73469 0
73471 0
73477 0
73492 0
73500 1
73505 1
73506 0
73517 1
73524 1
73533 0
73541 1
73556 0
73558 1
73560 0
73566 1
73574 1
73580 0
73588 0
73601 1
73602 0
73607 1
73619 1
73634 1
73649 0
73657 0
73663 1
73665 1
73674 1
73677 1
73684 1
73686 0
73687 0
73689 0
73697 0
73710 1
73718 1
73731 0
73733 1
73738 1
73740 1
73749 1
73760 0
73768 0
73772 1
73773 0
73776 0
73781 1
73784 0
73799 1
73802 1
73807 0
73821 1
73830 0
73841 1
73848 1
73853 1
73855 0
73870 0
73883 0
73885 0
73889 0
73894 1
73898 1
73913 0
73922 0
73929 1
73940 0
73944 0
73948 1
73953 1
73962 0
73977 0
73983 1
73988 1
73999 0
74007 0
74012 0
74019 0
74034 0
74037 0
74046 0
74048 0
74062 1
74068 0
74084 0
74091 0
74105 1
74108 1
74109 0
74116 0
74130 0
74134 0
74140 0
74155 0
74157 0
74162 0
74176 1
74177 1
74184 1
74199 0
74208 0
74222 1
74231 0
74237 0
74250 0
74255 1
74259 0
74268 1
74281 1
74285 1
74290 1
74301 0
74308 1
74319 0
74345 1
74360 0
74375 0
74383 0
74387 1
74389 0
74394 0
74399 1
74410 0
74419 0
74434 1
74441 1
74442 1
74446 0
74448 1
74463 1
74472 1
74487 1
74498 0
74500 1
74511 1
74515 0
74516 0
74517 1
74532 0
74546 0
74557 0
74560 1
74575 0
74588 0
74591 0
74593 1
74608 1
74621 0
74626 1
74629 0
74632 0
74643 1
74646 0
74651 1
74652 1
74655 1
74657 1
74663 0
74670 0
74683 1
74698 1
74706 1
74715 0
74722 0
74737 1
74746 0
74758 0
74765 1
74770 0
74781 1
74792 1
74800 1
74807 0
74813 1
74826 0
74834 0
74840 1
74852 0
74870 1
74872 0
74884 0
74885 0
74891 1
74906 0
74920 0
74929 1
74942 0
74953 0
74962 1
74970 1
74983 1
74991 1
75004 1
75010 1
75017 1
75031 0
75034 0
75040 1
75049 0
75061 1
75062 1
75066 1
75075 1
75084 0
75087 1
75099 1
75110 0
75115 0
75117 0
75128 1
75130 0
75141 1
75156 0
75157 1
75164 1
75178 1
75183 1
75191 1
75198 1
75199 1
75203 1
75218 1
75233 1
75242 0
75244 0
75248 0
75252 1
75259 1
75273 0
75281 0
75282 0
75288 0
75301 1
75302 1
75315 0
75330 1
75339 1
75343 1
75356 0
75365 0
75371 1
75380 1
75385 0
75399 0
75402 0
75411 1
75436 0
75443 0
75456 0
75468 1
75472 0
75475 0
75482 1
75494 0
75496 1
75500 0
75509 1
75515 0
75524 1
75529 1
75533 0
75537 0
75543 0
75556 1
75562 0
75574 0
75582 0
75586 0
75588 0
75592 1
75604 1
75613 1
75616 1
75628 1
75633 1
75645 0
75653 1
75669 0
75671 1
75676 0
75677 0
75679 0
75688 0
75689 0
75696 0
75705 1
75717 0
75728 1
75740 0
75753 0
75761 0
75776 1
75778 1
75783 0
75797 1
75801 1
75812 1
75814 1
75820 1
75835 1
75842 1
75849 0
75855 1
75868 1
75879 1
75892 0
75903 0
75914 1
75925 0
75927 0
75934 0
75948 0
75957 1
75964 0
75969 0
75978 0
75980 0
75987 1
76006 1
76017 1
76022 0
76023 0
76025 0
76038 0
76046 1
76053 1
76066 1
76079 1
76081 0
76093 0
76108 1
76114 1
76126 0
76135 0
76143 0
76148 0
76149 0
76164 0
76178 0
76186 1
76191 0
76211 1
76212 0
76223 1
76234 1
76242 1
76251 1
76262 1
76270 0
76284 0
76296 1
76299 0
76300 1
76311 0
76326 0
76335 1
76341 1
76353 0
76356 0
76365 1
76378 1
76389 1
76393 0
76397 0
76400 0
76408 0
76414 0
76423 0
76427 0
76435 1
76443 0
76451 0
76459 1
76466 1
76467 0
76479 1
76497 1
76506 1
76513 1
76519 0
76520 0
76529 1
76538 1
76540 0
76547 1
76551 0
76558 1
76565 0
76578 1
76585 0
76593 0
76601 0
76616 1
76625 0
76640 1
76645 1
76650 0
76656 0
76669 1
76670 1
76673 0
76687 1
76699 1
76701 1
76702 1
76706 0
76717 0
76731 1
76732 1
76741 1
76745 1
76751 1
76765 0
76774 0
76787 0
76796 1
76810 0
76816 0
76831 1
76842 1
76846 1
76858 1
76871 1
76882 1
76886 0
76889 0
76891 0
76897 1
76910 0
76911 1
76915 1
76928 0
76935 0
76948 1
76961 0
76965 0
76966 1
76974 0
76982 0
76989 0
76991 0
77002 1
77014 1
77016 0
77027 1
77029 0
77044 0
77050 1
77064 0
77068 0
77070 1
77084 1
77095 0
77097 1
77101 0
77106 1
77119 1
77133 1
77135 0
77144 0
77157 0
77160 1
77173 0
77191 1
77200 0
77206 0
77211 1
77219 1
77227 1
77229 0
77241 1
77253 1
77265 0
77279 0
77288 1
77297 1
77302 0
77314 0
77321 1
77335 0
77336 1
77344 0
77353 1
77367 1
77374 0
77380 0
77388 0
77392 0
77393 0
77404 1
77416 0
77423 0
77429 0
77436 1
77437 0
77438 1
77446 1
77461 1
77469 1
77475 1
77483 1
77498 1
77504 0
77506 0
77514 1
77519 1
77520 1
77529 1
77543 1
77554 1
77558 0
77567 1
77578 0
77590 0
77601 1
77609 1
77621 0
77626 0
77641 0
77655 1
77664 0
77673 0
77678 0
77687 0
77702 0
77703 1
77714 1
77715 1
77719 0
77723 0
77731 0
77738 1
77747 0
77750 1
77756 1
77769 1
77773 0
77782 1
77790 1
77791 0
77798 0
77807 1
77813 1
77821 0
77830 0
77833 0
77842 0
77854 0
77867 0
77872 0
77879 0
77886 0
77889 0
77891 0
77906 1
77919 1
77926 0
77931 0
77936 0
77940 1
77948 1
77956 0
77959 0
77961 1
77974 0
77978 0
77981 1
77986 1
77998 0
78011 1
78014 0
78023 0
78031 0
78035 1
78038 0
78043 0
78047 1
78048 0
78061 0
78075 0
78083 0
78097 0
78102 0
78109 0
78116 0
78117 1
78125 1
78137 1
78141 0
78142 0
78149 0
78164 1
78169 0
78183 0
78198 1
78201 0
78216 1
78225 1
78232 1
78245 0
78253 1
78259 0
78267 1
78278 1
78282 0
78290 1
78302 1
78310 1
78317 0
78331 0
78338 1
78342 1
78353 1
78361 0
78372 1
78378 0
78385 1
78386 0
78392 0
78407 0
78421 0
78436 0
78440 1
78444 1
78451 0
78471 0
78472 1
78480 1
78493 0
78494 0
78498 0
78507 0
78512 0
78516 1
78519 0
78522 1
78531 0
78543 0
78545 0
78559 1
78568 1
78577 0
78585 0
78596 0
78605 1
78618 1
78622 0
78623 1
78627 1
78629 1
78640 1
78651 1
78666 0
78678 1
78686 1
78697 1
78703 0
78705 0
78706 0
78710 1
78725 1
78734 0
78739 1
78750 0
78764 1
78776 1
78779 0
78792 0
78796 0
78808 0
78823 1
78838 1
78846 1
78848 1
78851 0
78862 0
78869 1
78875 1
78887 1
78889 0
78898 0
78912 0
78925 0
78932 1
78937 1
78945 1
78954 1
78962 0
78969 1
78981 1
78994 0
79009 1
79012 1
79024 1
79037 1
79048 1
79050 0
79062 0
79075 1
79079 1
79083 0
79090 0
79096 1
79108 0
79121 1
79124 1
79133 1
79145 0
79148 1
79152 0
79159 1
79165 1
79177 1
79188 0
79200 1
79212 0
79223 0
79225 1
79234 0
79245 0
79251 0
79256 0
79264 1
79273 1
79282 0
