9721
11 0
13 0
16 1
17 1
25 0
39 0
44 0
52 1
61 1
62 0
67 1
80 1
94 0
100 0
103 1
115 1
119 1
131 1
144 0
146 0
160 1
162 0
166 0
178 0
184 1
190 0
204 1
216 0
225 1
234 1
239 0
246 1
259 0
261 0
269 1
277 0
286 0
293 0
299 0
304 0
306 1
313 0
318 0
333 1
342 1
349 0
353 0
361 0
363 0
378 0
383 1
387 1
390 0
404 0
418 1
424 1
432 1
433 1
439 0
444 1
450 1
475 1
478 0
489 0
497 1
512 1
520 1
535 0
537 1
550 1
561 0
565 0
578 1
579 0
585 0
591 0
603 0
607 0
621 0
627 1
640 1
652 1
656 0
660 1
675 0
679 0
691 0
698 1
710 1
725 1
726 1
730 1
732 0
735 0
744 1
753 0
766 1
775 1
790 0
797 0
809 1
820 1
824 1
828 1
833 0
839 0
851 1
855 1
867 1
882 1
884 0
890 0
904 1
918 0
926 0
928 1
935 1
950 1
964 1
978 0
989 1
990 0
992 1
997 0
1006 1
1010 1
1015 1
1019 1
1028 1
1040 1
1047 1
1048 1
1063 0
1074 0
1076 1
1079 1
1085 1
1096 1
1104 0
1120 0
1133 1
1148 0
1156 0
1157 0
1170 0
1181 0
1188 0
1199 0
1200 0
1208 0
1213 0
1227 0
1229 1
1243 1
1247 0
1261 0
1263 0
1270 1
1276 1
1282 1
1296 0
1311 1
1318 0
1332 0
1333 1
1347 0
1351 1
1356 1
1371 1
1382 1
1390 0
1403 0
1405 1
1407 0
1408 1
1415 0
1422 1
1438 1
1449 1
1451 0
1455 0
1460 1
1472 0
1476 1
1484 0
1511 0
1513 1
1518 1
1526 1
1530 0
1534 1
1541 0
1553 0
1565 0
1577 1
1582 0
1586 0
1598 0
1607 1
1612 0
1619 0
1628 1
1637 0
1648 0
1655 1
1669 1
1675 1
1684 0
1689 0
1691 0
1697 1
1702 0
1704 0
1723 0
1726 1
1735 0
1754 0
1769 0
1783 1
1786 1
1790 0
1792 0
1798 0
1805 0
1817 1
1822 1
1828 1
1843 0
1855 0
1867 0
1868 1
1880 0
1885 0
1890 1
1902 0
1916 1
1918 0
1930 1
1943 0
1952 1
1955 0
1957 0
1963 1
1976 1
1984 1
1990 0
2002 0
2007 1
2021 0
2035 0
2048 1
2054 0
2063 1
2070 0
2080 1
2084 1
2090 0
2092 1
2098 1
2102 1
2111 0
2129 1
2136 0
2144 1
2156 1
2165 0
2168 1
2183 1
2185 0
2198 1
2201 0
2216 1
2230 0
2238 0
2251 0
2259 1
2267 0
2282 0
2291 0
2302 0
2310 1
2319 1
2333 1
2341 1
2348 0
2363 1
2377 1
2389 1
2401 0
2407 1
2418 0
2430 1
2438 1
2443 0
2444 1
2451 0
2466 1
2473 1
2485 0
2487 0
2501 0
2502 0
2513 1
2527 0
2532 1
2533 1
2539 1
2547 0
2553 1
2568 1
2572 0
2575 1
2580 0
2593 0
2600 0
2605 0
2614 0
2615 0
2624 1
2633 0
2639 0
2644 1
2647 1
2662 0
2677 0
2681 0
2694 1
2696 1
2702 0
2707 0
2711 1
2719 1
2731 0
2732 0
2738 1
2743 0
2745 1
2746 1
2760 1
2768 0
2772 1
2787 1
2800 1
2806 0
2812 1
2823 1
2832 0
2845 0
2860 1
2867 1
2875 0
2878 0
2892 0
2901 1
2909 1
2920 0
2935 1
2938 1
2950 1
2952 1
2955 0
2967 1
2994 1
3006 1
3018 0
3021 1
3029 1
3036 1
3051 1
3052 0
3055 0
3060 1
3069 0
3077 1
3092 1
3097 1
3106 0
3113 1
3124 0
3138 0
3141 0
3154 1
3166 1
3177 0
3186 1
3199 1
3206 0
3217 1
3228 1
3241 1
3253 1
3262 0
3265 1
3274 1
3276 1
3285 0
3292 1
3301 0
3308 1
3312 1
3324 1
3337 0
3352 1
3355 1
3356 0
3370 0
3384 1
3397 1
3402 0
3414 0
3420 0
3427 0
3438 1
3444 1
3452 0
3458 0
3465 1
3479 1
3490 1
3491 0
3505 0
3511 0
3513 0
3519 1
3524 0
3527 1
3542 1
3549 0
3564 1
3578 1
3583 1
3590 0
3594 1
3606 1
3609 1
3620 0
3627 1
3639 1
3647 1
3648 1
3655 0
3656 0
3662 1
3676 1
3677 0
3688 1
3702 0
3705 0
3721 1
3727 0
3732 0
3738 0
3743 1
3749 1
3750 1
3763 1
3776 1
3785 1
3798 1
3801 1
3809 1
3816 1
3827 1
3834 0
3838 0
3852 0
3855 0
3861 1
3862 1
3874 0
3886 1
3897 1
3898 1
3904 1
3911 0
3925 0
3934 1
3947 1
3953 1
3956 1
3965 1
3971 0
3983 0
3991 1
3999 0
4011 1
4037 1
4039 1
4054 0
4057 1
4068 0
4070 1
4079 1
4082 1
4084 0
4098 0
4111 0
4122 1
4130 0
4133 0
4135 0
4148 0
4151 0
4154 1
4155 1
4169 1
4175 0
4193 0
4201 1
4205 1
4208 0
4213 1
4224 1
4227 1
4231 1
4238 0
4245 0
4250 0
4258 1
4261 0
4273 0
4275 1
4288 1
4296 0
4303 0
4305 0
4316 0
4321 1
4335 0
4342 0
4357 1
4358 0
4364 0
4376 0
4379 0
4390 1
4405 1
4417 0
4425 0
4440 0
4444 0
4446 1
4452 1
4463 0
4465 1
4472 0
4477 0
4478 1
4489 0
4500 1
4513 1
4524 0
4539 0
4553 0
4566 1
4579 1
4594 0
4596 1
4605 1
4619 0
4620 1
4628 1
4642 0
4650 1
4676 0
4682 1
4707 1
4710 1
4722 0
4729 1
4736 1
4744 0
4757 1
4764 0
4773 1
4775 1
4784 1
4785 1
4794 1
4803 0
4815 0
4817 0
4819 0
4820 0
4833 1
4842 1
4846 0
4861 1
4870 1
4876 0
4878 1
4892 0
4904 0
4917 0
4929 0
4938 0
4939 1
4953 1
4966 0
4969 0
4981 1
4995 1
5006 1
5015 0
5020 0
5025 0
5034 1
5038 0
5050 0
5063 0
5074 1
5083 1
5096 1
5105 1
5114 1
5118 0
5132 0
5146 0
5153 1
5168 1
5179 0
5185 1
5198 0
5205 1
5211 0
5224 1
5231 1
5238 1
5245 1
5246 1
5253 1
5258 0
5276 1
5284 0
5293 0
5305 1
5308 0
5309 1
5314 0
5317 0
5331 0
5337 1
5352 1
5353 0
5361 0
5367 0
5373 1
5389 1
5401 1
5409 0
5427 1
5434 1
5438 1
5447 0
5455 1
5470 1
5479 1
5483 1
5487 0
5490 0
5491 0
5505 0
5509 1
5520 1
5531 1
5537 0
5539 1
5553 0
5561 0
5576 0
5588 1
5602 1
5609 0
5615 1
5620 1
5637 1
5644 1
5648 0
5660 0
5667 1
5669 1
5682 1
5695 1
5708 0
5723 0
5725 1
5726 0
5728 0
5741 0
5743 0
5750 1
5761 0
5773 1
5787 1
5793 1
5797 0
5804 1
5819 0
5827 1
5834 1
5837 0
5851 0
5864 1
5876 0
5887 0
5902 1
5905 1
5913 1
5922 1
5933 0
5948 1
5955 1
5961 0
5983 1
5989 0
5998 0
5999 1
6001 1
6016 1
6024 1
6037 1
6049 0
6060 0
6061 1
6064 1
6079 1
6086 1
6099 0
6110 0
6114 1
6128 0
6133 0
6138 1
6150 1
6156 0
6182 0
6190 1
6194 0
6199 0
6214 0
6217 1
6230 0
6242 1
6249 0
6251 1
6252 0
6258 0
6263 1
6277 0
6278 1
6289 0
6296 1
6298 0
6303 0
6304 0
6310 0
6325 1
6336 0
6337 1
6350 1
6363 0
6376 0
6390 0
6399 1
6408 1
6416 0
6427 0
6428 0
6440 1
6453 1
6466 0
6479 0
6490 1
6501 1
6506 0
6514 1
6533 1
6547 0
6554 0
6568 1
6577 1
6586 1
6593 1
6597 1
6605 1
6609 0
6616 0
6622 0
6623 0
6630 0
6641 0
6654 1
6661 1
6674 1
6686 0
6701 0
6707 0
6712 0
6717 0
6721 1
6724 0
6725 1
6731 0
6732 1
6744 1
6756 0
6760 1
6761 1
6767 1
6781 0
6796 1
6804 0
6809 1
6820 0
6841 1
6853 0
6856 1
6862 1
6870 1
6871 1
6874 1
6881 1
6889 0
6914 0
6920 1
6932 1
6936 0
6944 1
6955 0
6965 0
6973 1
6987 1
7000 0
7008 0
7020 0
7024 0
7037 1
7039 1
7051 0
7053 1
7060 1
7073 1
7077 0
7081 0
7089 0
7104 0
7113 0
7120 0
7124 0
7130 1
7155 0
7157 1
7163 0
7174 1
7183 0
7196 0
7209 0
7222 1
7226 0
7237 1
7259 1
7266 0
7270 1
7293 1
7294 0
7299 0
7307 1
7321 0
7322 1
7336 0
7348 1
7354 0
7361 0
7372 0
7385 0
7389 0
7391 1
7405 0
7421 0
7436 1
7451 1
7463 0
7470 1
7479 0
7490 1
7495 0
7507 1
7519 1
7532 0
7534 0
7543 0
7547 1
7552 1
7560 1
7575 1
7577 0
7579 0
7590 0
7598 1
7605 0
7609 0
7613 0
7622 1
7629 1
7636 0
7661 0
7669 0
7682 1
7690 1
7691 0
7698 1
7713 0
7727 1
7736 1
7747 1
7760 0
7765 0
7776 1
7779 1
7788 1
7795 1
7809 0
7820 1
7825 0
7826 1
7839 1
7841 1
7852 0
7857 1
7858 0
7863 0
7865 0
7869 0
7872 0
7885 1
7894 1
7901 0
7905 0
7916 1
7923 1
7926 0
7931 0
7944 0
7959 0
7966 0
7967 0
7979 1
7988 0
8001 0
8012 1
8023 1
8034 1
8037 0
8043 0
8045 0
8060 0
8066 0
8081 1
8093 0
8094 0
8103 0
8111 0
8116 0
8122 1
8131 0
8143 1
8154 0
8157 0
8170 0
8182 0
8184 0
8196 1
8210 0
8223 0
8237 0
8251 0
8252 0
8253 0
8267 1
8271 1
8279 1
8290 1
8301 1
8309 0
8322 0
8329 1
8330 1
8331 1
8343 1
8355 1
8368 0
8372 0
8378 0
8386 0
8394 0
8398 1
8399 1
8402 1
8408 1
8415 1
8418 0
8431 0
8445 1
8454 0
8463 1
8490 1
8499 0
8522 0
8534 0
8535 1
8549 1
8557 0
8568 0
8581 1
8593 0
8598 0
8601 0
8615 0
8619 0
8627 1
8635 0
8636 0
8651 1
8660 0
8672 1
8683 0
8698 0
8703 1
8704 1
8709 1
8712 1
8715 0
8723 0
8735 1
8746 0
8751 0
8764 1
8770 0
8771 1
8779 0
8794 0
8801 1
8826 1
8834 0
8838 1
8842 1
8853 1
8855 0
8858 0
8871 0
8876 0
8890 0
8897 0
8910 1
8925 0
8931 0
8934 0
8939 0
8945 0
8947 0
8958 0
8971 0
8983 1
8997 0
8999 1
9004 1
9013 0
9018 0
9031 0
9037 1
9043 0
9045 1
9059 0
9068 1
9077 1
9080 1
9088 1
9092 1
9107 0
9111 0
9112 1
9115 0
9117 1
9122 1
9137 1
9145 1
9150 1
9156 1
9163 0
9178 0
9189 1
9190 1
9205 0
9209 0
9221 1
9227 1
9238 1
9252 0
9253 1
9256 0
9264 0
9277 0
9282 0
9290 1
9293 0
9297 0
9302 1
9305 1
9319 0
9331 1
9345 1
9348 0
9363 0
9366 0
9380 0
9393 0
9395 1
9396 1
9405 0
9417 1
9428 1
9437 1
9451 1
9464 0
9470 1
9476 1
9485 1
9498 1
9501 0
9506 0
9509 1
9522 0
9535 1
9543 1
9547 1
9560 1
9573 0
9585 0
9586 0
9597 1
9610 1
9611 0
9613 0
9627 1
9628 0
9635 1
9637 1
9652 0
9666 1
9672 0
9685 0
9689 1
9701 0
9713 0
9717 0
9718 0
9725 1
9734 1
9738 1
9752 1
9758 1
9761 1
9776 0
9780 1
9793 1
9795 1
9806 1
9812 1
9820 1
9826 1
9831 0
9843 0
9857 1
9863 0
9870 0
9881 1
9885 0
9893 1
9906 1
9915 0
9919 0
9921 0
9929 0
9937 0
9945 0
9957 0
9968 1
9976 1
9984 1
9996 1
10011 1
10014 1
10026 1
10028 0
10043 0
10051 0
10058 0
10060 1
10061 1
10062 1
10063 0
10069 1
10086 0
10098 1
10106 0
10115 1
10124 0
10131 0
10144 0
10152 0
10153 1
10165 1
10180 1
10182 0
10189 0
10194 0
10202 1
10209 0
10213 1
10224 0
10225 0
10237 0
10239 1
10252 0
10265 0
10280 0
10291 1
10295 0
10306 0
10310 1
10315 0
10324 0
10338 0
10346 0
10350 1
10351 0
10353 0
10362 0
10369 1
10376 1
10389 0
10404 1
10418 0
10431 1
10433 1
10447 1
10453 1
10466 1
10474 0
10477 0
10481 0
10484 1
10490 0
10501 1
10508 1
10522 1
10534 0
10548 1
10561 1
10574 0
10578 1
10591 0
10602 0
10614 1
10619 0
10633 0
10639 1
10646 1
10659 0
10672 0
10686 0
10698 0
10707 1
10721 0
10726 0
10727 1
10738 0
10752 1
10755 1
10760 0
10769 1
10775 1
10791 0
10803 0
10816 0
10828 0
10837 0
10845 1
10854 0
10859 1
10865 1
10868 0
10872 0
10886 0
10900 1
10909 0
10914 1
10918 0
10930 1
10931 1
10944 1
10949 1
10950 0
10952 1
10956 0
10963 1
10978 1
10992 0
11007 0
11020 1
11027 1
11033 1
11046 0
11058 1
11059 1
11073 0
11079 1
11094 0
11107 1
11120 0
11123 0
11130 1
11142 0
11167 0
11175 1
11181 1
11192 1
11198 0
11209 0
11211 1
11225 0
11240 1
11243 0
11254 0
11269 1
11277 0
11285 0
11292 0
11306 0
11307 0
11310 1
11311 0
11312 1
11320 0
11324 1
11332 0
11347 0
11351 1
11360 1
11364 1
11375 1
11383 0
11397 0
11410 1
11421 0
11428 0
11433 1
11442 1
11453 0
11455 0
11460 1
11461 0
11472 0
11487 0
11490 1
11505 0
11531 0
11544 0
11547 0
11554 1
11565 0
11580 1
11593 1
11597 0
11611 0
11612 1
11625 0
11626 0
11635 0
11649 1
11654 1
11657 1
11663 0
11678 0
11685 0
11689 0
11694 1
11703 1
11705 1
11720 0
11725 0
11734 0
11739 0
11750 1
11755 0
11764 1
11773 0
11777 1
11792 0
11801 0
11815 1
11823 1
11824 1
11837 0
11850 1
11861 0
11874 0
11883 1
11895 0
11898 1
11899 1
11914 1
11923 1
11928 0
11937 0
11942 0
11943 0
11944 0
11947 0
11962 0
11969 0
11977 1
11978 1
11991 1
12000 0
12015 0
12018 0
12030 0
12034 0
12035 1
12049 1
12063 0
12069 0
12075 0
12079 0
12087 1
12092 0
12106 1
12110 0
12121 0
12136 1
12147 1
12150 0
12151 0
12164 1
12168 0
12172 0
12184 1
12191 0
12204 1
12218 0
12219 1
12223 0
12225 1
12227 0
12236 0
12251 0
12260 1
12264 0
12266 0
12267 1
12269 1
12284 0
12289 0
12303 0
12309 1
12318 0
12332 1
12345 1
12349 1
12355 0
12368 1
12370 0
12381 0
12388 0
12402 1
12406 0
12418 0
12429 0
12444 1
12447 0
12462 1
12467 0
12479 0
12483 1
12486 0
12487 0
12496 1
12500 0
12508 0
12516 1
12523 0
12536 1
12550 1
12553 0
12568 1
12581 1
12588 0
12595 1
12596 1
12599 1
12602 0
12615 1
12618 1
12626 1
12641 1
12656 0
12662 0
12669 0
12684 0
12692 0
12706 0
12721 1
12735 0
12740 0
12752 0
12765 1
12779 1
12786 1
12793 1
12806 1
12817 1
12824 0
12851 1
12864 0
12879 0
12885 1
12894 0
12901 1
12912 0
12914 0
12927 0
12936 0
12949 0
12958 1
12971 1
12980 0
12994 1
13006 1
13014 1
13018 1
13021 1
13030 0
13032 0
13044 1
13058 0
13072 0
13073 0
13088 0
13103 1
13112 1
13117 1
13120 0
13129 0
13142 0
13143 0
13157 0
13165 0
13169 0
13174 0
13178 0
13182 0
13194 1
13208 1
13219 1
13232 1
13236 1
13245 0
13251 0
13258 1
13259 0
13263 1
13264 0
13279 1
13291 1
13294 1
13300 0
13306 0
13310 1
13318 1
13321 1
13326 0
13338 0
13344 0
13347 1
13351 1
13352 0
13365 0
13380 0
13391 0
13402 0
13416 1
13430 0
13441 0
13454 0
13463 1
13468 0
13482 1
13483 0
13495 1
13502 1
13505 0
13514 1
13527 0
13534 0
13542 1
13547 1
13552 1
13553 0
13566 1
13570 1
13576 0
13583 1
13598 0
13603 1
13617 1
13632 1
13639 0
13653 1
13654 1
13656 1
13661 0
13664 1
13669 1
13678 0
13692 0
13701 0
13713 0
13727 1
13739 1
13745 0
13758 0
13771 1
13779 1
13793 0
13800 1
13817 0
13821 0
13829 0
13832 1
13845 1
13848 1
13853 0
13857 1
13870 0
13882 1
13893 0
13895 1
13901 0
13915 1
13927 0
13938 0
13945 1
13949 1
13950 1
13962 0
13975 1
13977 1
13981 1
13985 0
13996 0
14005 1
14018 0
14021 1
14035 1
14049 1
14058 1
14073 1
14085 0
14090 1
14103 0
14116 0
14121 1
14134 0
14142 0
14153 0
14165 0
14171 1
14180 1
14194 0
14207 0
14208 0
14213 0
14219 0
14231 0
14235 0
14243 0
14245 0
14254 1
14257 0
14266 0
14271 1
14274 0
14285 1
14290 0
14302 1
14311 0
14323 0
14325 1
14340 0
14355 0
14366 1
14381 0
14389 1
14398 1
14410 0
14422 1
14436 1
14448 1
14452 1
14467 0
14469 0
14477 0
14480 1
14484 0
14486 0
14500 0
14509 1
14523 1
14531 0
14534 0
14546 1
14552 1
14557 1
14566 0
14580 1
14583 0
14591 1
14603 0
14615 1
14624 0
14639 1
14645 0
14668 1
14676 1
14684 0
14689 1
14703 0
14711 1
14722 0
14733 0
14745 1
14749 0
14761 0
14767 0
14782 0
14794 0
14795 0
14801 1
14804 1
14816 0
14831 1
14836 1
14847 0
14858 0
14870 1
14872 0
14879 0
14884 0
14885 1
14897 0
14905 0
14919 0
14934 1
14935 1
14944 0
14946 0
14952 1
14974 1
14981 0
14992 0
14993 0
14995 0
15009 1
15010 1
15021 0
15023 1
15024 1
15027 1
15040 0
15053 1
15055 0
15062 0
15075 0
15082 0
15085 1
15099 0
15107 1
15114 0
15128 0
15140 1
15148 0
15152 1
15154 0
15159 1
15166 1
15171 1
15180 1
15194 1
15208 0
15216 1
15225 0
15236 0
15247 1
15251 0
15252 0
15261 0
15273 1
15288 1
15299 1
15313 0
15316 1
15327 0
15339 0
15346 1
15354 0
15380 0
15385 1
15389 0
15403 0
15418 0
15432 1
15443 1
15452 1
15461 1
15475 0
15486 1
15490 0
15499 0
15502 0
15504 1
15511 0
15525 0
15527 0
15532 1
15539 1
15554 0
15566 1
15570 0
15575 1
15576 0
15588 1
15609 1
15613 0
15621 0
15629 1
15633 0
15655 0
15659 1
15662 0
15666 0
15668 0
15679 0
15701 1
15706 1
15710 0
15715 0
15739 0
15747 0
15754 0
15762 0
15777 0
15791 0
15806 1
15808 1
15817 1
15826 0
15835 1
15848 1
15852 1
15864 1
15872 0
15876 1
15890 0
15893 0
15896 1
15898 1
15913 1
15917 1
15924 1
15930 0
15945 1
15949 0
15956 1
15964 1
15977 1
15980 0
15988 1
15991 1
15998 1
16007 0
16026 1
16027 0
16030 0
16033 0
16037 1
16048 0
16053 0
16065 0
16080 0
16087 0
16092 1
16094 0
16109 0
16110 0
16118 0
16132 0
16146 0
16158 0
16169 1
16184 0
16187 0
16189 0
16200 0
16214 1
16223 1
16226 1
16238 1
16243 0
16254 0
16263 1
16280 0
16282 1
16295 0
16309 0
16324 0
16325 1
16331 0
16343 1
16352 1
16361 0
16365 0
16366 1
16368 1
16383 0
16396 0
16402 0
16403 0
16404 1
16418 0
16430 0
16437 0
16451 1
16459 0
16468 0
16476 1
16487 0
16496 1
16504 1
16512 0
16518 0
16532 0
16546 1
16553 0
16562 0
16565 1
16574 0
16581 1
16590 1
16604 0
16619 0
16623 1
16636 1
16650 1
16652 0
16667 0
16668 1
16669 0
16680 1
16689 1
16701 0
16709 1
16714 1
16725 1
16732 1
16734 1
16749 1
16751 1
16753 0
16768 0
16781 0
16793 0
16807 1
16813 1
16827 0
16842 0
16844 1
16848 1
16861 0
16875 1
16876 0
16884 1
16898 0
16903 1
16905 0
16912 0
16924 1
16938 0
16943 1
16945 0
16948 0
16961 1
16963 0
16967 0
16968 0
16980 0
16987 1
16993 1
16998 1
17006 1
17014 1
17015 0
17030 1
17039 1
17050 1
17058 0
17059 0
17068 0
17070 1
17073 0
17087 1
17088 0
17095 0
17100 1
17115 0
17130 1
17132 0
17136 1
17140 0
17144 1
17156 0
17158 0
17171 1
17175 0
17187 0
17198 1
17209 0
17212 1
17215 1
17217 0
17230 1
17241 1
17243 0
17258 0
17259 1
17260 0
17266 1
17274 1
17278 1
17281 0
17286 0
17292 1
17304 0
17315 0
17324 1
17332 1
17337 0
17339 1
17352 0
17353 0
17356 1
17364 1
17368 0
17373 0
17379 0
17380 1
17383 0
17387 0
17396 0
17403 0
17415 0
17421 0
17432 1
17448 0
17452 0
17455 1
17468 0
17473 0
17479 0
17486 1
17493 1
17506 1
17507 1
17514 0
17526 0
17528 1
17539 0
17548 1
17554 0
17560 0
17572 1
17584 0
17596 0
17609 1
17612 0
17623 0
17624 1
17636 1
17640 0
17654 0
17662 1
17663 0
17664 1
17667 0
17668 0
17676 0
17687 0
17702 0
17714 1
17725 1
17726 1
17735 1
17748 1
17753 0
17765 0
17776 1
17778 1
17790 0
17804 0
17818 0
17832 0
17833 1
17845 0
17854 0
17868 0
17882 1
17886 0
17888 1
17890 1
17903 0
17916 1
17924 1
17935 1
17936 0
17939 1
17942 1
17947 1
17950 0
17952 1
17965 1
17968 1
17986 1
17998 1
18005 0
18010 1
18031 0
18046 0
18054 0
18059 0
18060 0
18069 1
18081 1
18082 1
18089 1
18093 1
18102 1
18113 0
18125 0
18131 0
18133 0
18136 1
18142 1
18164 0
18173 1
18175 0
18179 0
18182 1
18193 0
18204 0
18219 0
18226 0
18234 1
18248 1
18259 1
18262 0
18276 0
18291 0
18302 1
18317 1
18323 1
18325 0
18332 0
18341 0
18356 0
18371 1
18380 1
18381 0
18382 0
18396 1
18398 1
18403 0
18424 0
18427 0
18438 0
18442 1
18444 0
18458 0
18472 0
18483 1
18492 1
18501 0
18509 1
18523 1
18526 1
18535 0
18550 0
18563 1
18575 0
18588 0
18589 0
18602 0
18614 1
18628 0
18632 1
18646 0
18649 0
18654 0
18663 1
18671 1
18673 1
18675 1
18676 1
18680 1
18686 1
18693 0
18699 0
18706 1
18711 0
18728 0
18742 1
18745 1
18756 0
18765 0
18769 1
18784 0
18796 0
18807 1
18822 0
18826 0
18838 0
18849 1
18860 0
18873 1
18876 0
18881 0
18895 0
18903 1
18904 1
18910 0
18918 0
18931 1
18936 0
18950 1
18959 1
18965 1
18967 0
18981 1
18984 1
18988 0
18990 1
19005 1
19007 1
19011 1
19024 1
19027 1
19034 1
19045 0
19057 1
19060 0
19071 0
19074 1
19082 0
19088 1
19099 1
19105 1
19113 1
19117 1
19119 1
19127 0
19131 1
19142 1
19147 0
19160 0
19173 0
19187 0
19202 0
19203 0
19218 0
19229 1
19232 1
19239 1
19248 1
19254 1
19268 0
19281 1
19290 0
19304 0
19315 1
19329 1
19342 1
19353 1
19365 1
19373 1
19384 0
19385 1
19399 0
19410 0
19421 1
19433 0
19442 1
19457 1
19460 0
19474 0
19478 0
19486 1
19500 0
19509 1
19511 0
19518 1
19529 0
19533 1
19535 0
19548 0
19556 0
19559 1
19565 0
19572 0
19585 0
19600 0
19601 0
19613 1
19616 1
19619 0
19622 0
19629 1
19640 1
19642 0
19656 0
19657 0
19665 0
19666 1
19677 0
19688 0
19695 0
19706 1
19721 1
19723 0
19737 1
19749 1
19756 0
19762 0
19771 0
19784 0
19792 0
19803 0
19815 0
19819 0
19826 1
19832 1
19838 0
19853 0
19858 1
19866 1
19879 0
19885 0
19888 1
19892 1
19900 1
19903 1
19911 1
19926 0
19941 0
19956 1
19959 1
19968 1
19975 1
19978 1
19989 0
19990 0
20001 0
20013 1
20021 1
20027 1
20041 0
20049 0
20058 1
20060 0
20063 1
20077 1
20095 0
20098 1
20107 0
20116 1
20128 1
20140 0
20146 1
20157 1
20171 0
20185 1
20188 0
20199 1
20204 0
20218 0
20226 1
20230 0
20244 0
20257 1
20272 1
20273 1
20277 0
20288 1
20301 1
20302 1
20309 0
20323 1
20338 1
20343 1
20344 1
20351 1
20364 1
20372 1
20379 0
20390 1
20401 1
20407 1
20412 0
20420 0
20426 1
20427 1
20434 0
20445 1
20457 0
20472 0
20477 0
20482 1
20484 1
20498 1
20507 0
20516 0
20521 0
20535 1
20549 1
20562 0
20571 0
20575 0
20580 0
20587 1
20591 0
20595 1
20608 1
20610 0
20611 1
20622 1
20627 0
20634 0
20639 1
20648 1
20661 1
20663 1
20672 1
20677 1
20678 1
20684 1
20697 1
20709 1
20713 0
20718 0
20725 1
20740 1
20741 0
20752 0
20757 1
20759 0
20760 0
20771 0
20776 0
20785 1
20798 1
20806 1
20819 1
20833 0
20839 0
20842 0
20850 0
20858 1
20875 1
20890 1
20901 1
20903 1
20905 0
20907 0
20920 1
20921 0
20926 0
20932 0
20935 1
20949 1
20953 0
20968 0
20983 0
20989 1
20994 1
20997 1
20998 0
21010 1
21024 1
21025 1
21026 1
21039 1
21043 0
21057 1
21061 0
21075 0
21079 0
21087 1
21096 1
21110 1
21114 1
21115 0
21119 1
21120 1
21128 0
21129 1
21134 0
21140 1
21163 1
21166 1
21179 1
21185 1
21187 0
21188 1
21202 0
21217 1
21221 0
21229 1
21234 0
21238 1
21242 1
21251 1
21259 1
21273 1
21280 0
21288 1
21299 1
21301 0
21306 0
21311 1
21323 1
21325 0
21328 1
21333 0
21340 1
21344 1
21353 0
21362 0
21363 1
21365 1
21380 0
21383 0
21394 1
21409 1
21421 1
21434 0
21440 1
21445 0
21453 1
21456 0
21459 1
21460 1
21465 1
21479 1
21490 1
21494 1
21505 1
21511 0
21530 1
21536 1
21544 1
21557 1
21569 1
21573 0
21577 1
21580 0
21595 0
21609 1
21623 1
21625 1
21633 1
21637 1
21650 1
21659 0
21667 1
21678 1
21690 1
21696 1
21698 0
21700 1
21705 1
21720 1
21733 0
21736 0
21749 1
21754 1
21762 1
21765 1
21768 0
21771 1
21772 1
21774 0
21775 0
21781 0
21794 1
21809 1
21813 0
21818 1
21831 1
21842 1
21846 1
21860 0
21861 1
21863 0
21874 0
21879 0
21891 1
21897 1
21910 0
21913 0
21921 1
21936 1
21945 1
21952 1
21957 1
21961 1
21976 1
21989 0
21992 0
21997 1
22027 1
22040 0
22047 1
22048 1
22061 0
22074 1
22083 1
22092 1
22101 1
22108 1
22113 1
22120 0
22132 1
22145 0
22153 1
22166 0
22179 0
22184 1
22197 1
22198 1
22213 1
22218 1
22219 0
22230 1
22233 0
22247 0
22249 0
22262 1
22265 0
22278 1
22294 1
22308 0
22322 0
22324 1
22335 1
22338 0
22351 0
22366 0
22375 1
22382 1
22394 0
22395 1
22406 0
22421 0
22422 0
22425 1
22431 0
22445 0
22453 0
22467 1
22478 1
22493 1
22507 0
22514 1
22529 0
22538 1
22543 1
22547 0
22550 1
22553 0
22558 0
22566 0
22569 1
22570 1
22572 0
22578 1
22581 0
22595 1
22598 0
22609 0
22611 0
22623 1
22638 1
22644 0
22655 1
22656 1
22660 1
22672 0
22674 1
22676 0
22680 1
22689 0
22692 0
22707 1
22710 1
22714 1
22719 1
22724 0
22730 1
22735 0
22739 1
22741 0
22748 1
22756 0
22770 1
22784 0
22785 1
22793 1
22807 0
22822 1
22833 0
22835 0
22840 0
22845 0
22853 1
22859 0
22866 1
22874 0
22879 0
22882 1
22897 0
22901 0
22903 1
22917 1
22931 1
22933 1
22946 1
22949 1
22962 0
22963 0
22972 1
22977 1
22981 0
22983 0
22988 0
22992 0
23004 1
23013 1
23021 1
23025 0
23039 1
23047 1
23052 1
23064 0
23078 1
23080 0
23089 0
23094 0
23098 0
23113 1
23125 0
23132 0
23138 0
23139 1
23152 0
23159 1
23163 0
23170 1
23179 1
23183 1
23186 0
23199 0
23206 1
23214 0
23221 0
23223 1
23224 1
23229 0
23238 0
23240 1
23251 1
23256 0
23262 1
23273 0
23284 1
23289 1
23295 0
23308 0
23315 1
23327 1
23332 0
23336 1
23339 1
23351 1
23362 1
23367 1
23382 0
23393 0
23408 0
23419 1
23434 0
23443 1
23447 0
23460 0
23465 1
23473 0
23485 0
23499 0
23507 1
23520 0
23535 1
23536 0
23540 0
23552 1
23566 0
23579 0
23587 1
23607 1
23620 1
23632 0
23638 1
23653 0
23657 0
23659 1
23668 1
23672 1
23677 1
23681 0
23684 1
23692 1
23703 1
23717 1
23718 0
23722 0
23729 1
23734 0
23740 1
23753 1
23768 1
23769 1
23784 0
23799 1
23812 0
23827 0
23841 0
23853 1
23861 1
23869 1
23875 1
23879 1
23894 1
23901 1
23914 1
23915 1
23920 0
23927 0
23934 0
23937 1
23948 0
23959 1
23970 1
23985 1
23986 0
23998 1
24013 1
24020 0
24035 1
24036 1
24048 0
24054 0
24055 0
24056 1
24064 0
24065 0
24080 0
24084 0
24099 0
24100 0
24111 0
24117 0
24128 0
24141 0
24143 0
24156 1
24170 0
24172 1
24181 0
24194 0
24209 0
24213 0
24216 0
24228 1
24232 1
24239 0
24253 0
24268 1
24270 1
24279 1
24294 1
24309 1
24317 0
24330 1
24333 0
24337 0
24352 0
24365 0
24369 1
24370 0
24373 1
24377 0
24382 0
24396 0
24404 1
24409 0
24410 0
24417 0
24425 1
24442 0
24457 1
24469 1
24480 1
24481 0
24483 0
24488 1
24499 1
24514 0
24521 1
24523 1
24527 1
24544 1
24556 0
24558 1
24565 0
24577 1
24583 1
24597 1
24598 1
24611 0
24623 1
24624 1
24630 1
24636 0
24649 0
24661 1
24665 1
24672 1
24679 1
24682 0
24690 0
24697 1
24702 1
24717 1
24731 0
24735 1
24743 1
24754 0
24766 0
24769 1
24772 1
24781 0
24789 0
24793 0
24807 0
24812 0
24815 1
24820 1
24825 0
24836 1
24843 0
24854 1
24855 1
24857 1
24880 1
24893 0
24901 1
24912 0
24924 1
24938 1
24943 1
24947 0
24956 0
24957 0
24958 1
24971 0
24982 1
24986 0
24995 1
25002 1
25011 0
25017 0
25019 1
25031 1
25033 1
25048 0
25051 1
25060 1
25061 1
25072 1
25074 0
25078 1
25083 0
25092 0
25103 1
25111 1
25122 0
25130 0
25141 1
25155 1
25163 1
25168 1
25174 0
25181 0
25184 1
25186 1
25197 1
25203 0
25206 1
25215 1
25223 1
25229 1
25235 1
25249 0
25250 0
25259 0
25260 0
25265 1
25291 0
25293 0
25298 1
25304 1
25317 1
25328 1
25329 1
25342 1
25346 1
25350 1
25351 0
25366 1
25368 1
25377 1
25384 1
25393 1
25405 0
25406 0
25417 1
25424 1
25435 1
25437 0
25446 0
25449 0
25458 0
25465 1
25479 1
25494 1
25497 0
25509 1
25513 0
25524 0
25530 1
25533 1
25539 0
25542 1
25547 1
25560 1
25566 1
25580 1
25588 0
25591 0
25594 0
25607 1
25612 0
25618 1
25623 1
25624 0
25635 1
25639 1
25650 0
25658 1
25659 0
25670 0
25676 1
25682 1
25690 0
25711 0
25724 0
25737 0
25741 0
25743 1
25758 0
25767 1
25794 1
25808 0
25812 1
25823 0
25830 1
25845 0
25860 0
25868 1
25871 1
25874 1
25877 1
25885 0
25890 0
25896 0
25897 0
25898 0
25909 0
25910 1
25921 1
25936 1
25943 0
25951 0
25958 1
25972 0
25976 0
25977 1
25985 0
25998 1
26002 0
26005 0
26017 1
26031 0
26033 0
26042 0
26049 1
26058 1
26071 0
26072 0
26079 1
26083 1
26086 0
26098 0
26101 1
26105 1
26116 1
26117 1
26132 0
26143 0
26156 1
26158 1
26170 0
26175 0
26188 1
26202 1
26206 1
26221 0
26224 0
26226 1
26229 1
26237 1
26244 0
26248 1
26260 1
26265 1
26268 1
26275 1
26280 0
26289 1
26292 0
26304 1
26308 0
26317 1
26329 1
26337 0
26348 0
26362 0
26373 0
26375 0
26381 1
26384 1
26390 0
26399 1
26404 1
26419 0
26421 0
26426 1
26440 0
26442 0
26443 0
26454 0
26466 1
26471 0
26475 0
26490 1
26501 1
26509 1
26514 1
26516 1
26522 1
26526 1
26532 0
26539 1
26543 0
26558 1
26567 1
26578 0
26581 0
26588 1
26600 0
26615 0
26622 1
26624 1
26639 1
26646 0
26660 0
26663 1
26678 0
26684 0
26690 1
26696 0
26705 1
26716 0
26723 1
26736 1
26748 0
26755 0
26761 0
26762 0
26765 1
26766 1
26767 0
26771 0
26777 1
26782 0
26794 1
26806 1
26815 1
26818 0
26823 1
26835 1
26847 1
26848 1
26849 0
26853 0
26867 1
26872 1
26884 0
26896 1
26900 0
26907 1
26918 1
26924 1
26927 1
26934 1
26940 0
26951 0
26962 0
26973 1
26980 1
26983 0
26986 0
26997 1
27006 0
27017 1
27018 0
27023 0
27034 0
27045 1
27060 0
27062 1
27069 0
27084 0
27088 0
27099 1
27108 1
27115 1
27128 1
27136 1
27150 1
27156 1
27160 1
27168 1
27179 1
27191 1
27197 1
27211 0
27220 0
27233 1
27247 0
27261 0
27268 0
27281 0
27288 1
27289 0
27292 1
27303 1
27306 0
27308 1
27317 0
27324 0
27327 0
27339 0
27345 0
27356 0
27361 1
27363 1
27370 0
27390 0
27402 1
27408 0
27419 1
27421 1
27427 0
27439 1
27453 1
27459 0
27464 1
27471 0
27479 0
27480 1
27484 0
27493 1
27505 1
27510 1
27518 1
27526 0
27529 0
27536 0
27549 0
27557 1
27564 0
27570 1
27583 1
27586 0
27592 0
27605 1
27618 0
27623 0
27631 0
27633 1
27645 1
27656 1
27658 1
27663 1
27667 0
27675 1
27680 0
27684 1
27697 1
27699 1
27702 1
27710 1
27716 1
27718 0
27724 1
27738 1
27747 1
27750 0
27759 1
27771 0
27776 0
27788 1
27792 1
27797 1
27803 1
27807 0
27812 1
27825 1
27836 0
27845 1
27850 0
27857 1
27865 0
27884 0
27897 1
27909 0
27917 1
27921 0
27924 1
27936 1
27940 1
27948 1
27950 1
27954 1
27956 1
27959 0
27968 0
27973 0
27978 1
27980 0
27984 0
27993 1
28018 0
28026 0
28030 0
28036 1
28045 0
28057 0
28063 1
28064 0
28071 0
28075 0
28090 1
28099 1
28101 0
28108 0
28120 0
28122 1
28129 0
28141 0
28156 1
28160 0
28174 0
28180 1
28192 0
28203 0
28212 0
28224 1
28229 0
28231 0
28243 0
28250 0
28258 0
28265 1
28271 1
28273 1
28288 0
28303 0
28307 1
28321 1
28333 0
28342 1
28346 0
28361 0
28364 0
28375 0
28390 0
28391 0
28405 1
28417 0
28425 0
28430 1
28437 1
28442 1
28454 0
28457 1
28469 0
28478 1
28491 0
28506 0
28515 1
28521 0
28522 0
28528 1
28540 1
28542 1
28556 0
28568 1
28574 1
28580 1
28594 0
28601 0
28603 1
28616 1
28618 0
28627 1
28641 0
28642 1
28647 0
28654 0
28656 0
28670 1
28671 0
28678 0
28679 1
28687 1
28698 1
28701 0
28706 1
28717 1
28726 1
28737 0
28749 1
28756 1
28768 0
28783 1
28791 0
28804 0
28811 1
28817 1
28829 1
28837 0
28851 0
28860 1
28864 1
28870 0
28883 0
28898 0
28901 1
28913 0
28921 0
28934 0
28942 0
28953 0
28965 0
28967 0
28970 0
28974 0
28975 1
28977 1
28979 0
28981 1
28994 1
29000 1
29015 1
29029 0
29036 1
29042 1
29054 1
29056 0
29062 1
29068 1
29076 0
29103 1
29106 1
29113 1
29114 0
29115 1
29130 1
29138 0
29143 0
29162 1
29169 0
29173 0
29182 0
29191 0
29205 0
29220 0
29221 0
29229 1
29234 1
29247 1
29259 1
29271 1
29285 0
29300 0
29312 0
29319 0
29333 0
29337 1
29341 1
29349 0
29350 0
29362 1
29374 1
29381 0
29388 1
29401 1
29409 1
29423 1
29438 0
29442 0
29455 0
29464 1
29467 1
29473 1
29488 0
29495 1
29503 0
29512 1
29523 0
29534 1
29549 0
29563 0
29576 1
29580 0
29592 1
29599 0
29604 1
29606 0
29608 0
29609 1
29622 0
29623 0
29626 0
29629 0
29642 1
29657 0
29661 0
29665 1
29677 0
29690 1
29692 1
29701 0
29707 0
29720 1
29731 1
29737 0
29746 1
29752 1
29758 1
29770 1
29785 0
29792 1
29793 0
29797 0
29800 0
29804 0
29819 0
29820 1
29825 0
29838 0
29843 0
29856 1
29863 1
29874 1
29875 1
29879 0
29890 1
29903 0
29920 0
29931 0
29940 0
29944 1
29952 1
29958 0
29967 1
29981 0
29995 1
29999 0
30013 0
30021 0
30026 0
30032 0
30036 0
30044 0
30055 0
30061 0
30067 0
30080 0
30083 1
30088 0
30103 0
30122 1
30130 0
30137 1
30148 0
30156 0
30161 1
30163 1
30171 0
30175 0
30180 1
30182 1
30194 1
30207 0
30209 0
30222 1
30229 0
30236 1
30247 1
30248 1
30262 1
30271 1
30276 1
30287 0
30302 0
30311 0
30324 1
30332 1
30333 0
30336 0
30339 1
30345 1
30350 0
30359 0
30373 1
30380 1
30383 0
30397 1
30402 1
30414 1
30422 1
30427 1
30440 0
30443 1
30449 1
30472 0
30476 0
30484 1
30487 0
30489 0
30495 0
30510 0
30512 1
30524 1
30525 0
30530 1
30538 1
30542 1
30548 0
30556 1
30571 1
30572 1
30583 1
30592 1
30594 1
30596 1
30607 1
30619 1
30632 0
30635 0
30650 0
30659 1
30666 1
30669 0
30677 1
30680 0
30693 1
30696 1
30702 0
30715 0
30722 0
30737 1
30748 0
30756 0
30770 1
30782 1
30793 1
30794 1
30805 1
30808 0
30817 0
30828 0
30839 0
30850 1
30862 1
30865 0
30873 1
30879 1
30886 0
30898 1
30906 1
30917 0
30922 0
30936 1
30937 1
30941 0
30949 1
30958 1
30960 1
30975 0
30976 0
30979 0
30992 1
30995 1
30998 0
31009 0
31012 0
31019 0
31032 1
31045 1
31053 1
31058 1
31072 1
31081 0
31087 0
31091 0
31106 1
31109 1
31114 1
31129 0
31130 1
31134 0
31136 1
31150 0
31152 0
31167 0
31179 0
31184 0
31189 0
31197 1
31202 0
31214 0
31226 1
31238 1
31244 1
31250 0
31262 1
31265 1
31268 1
31271 0
31273 1
31277 1
31285 0
31300 0
31301 0
31314 0
31326 1
31329 0
31341 0
31354 1
31361 1
31366 0
31373 1
31387 0
31390 1
31398 1
31400 0
31409 1
31421 0
31436 1
31442 0
31445 1
31456 1
31469 0
31470 1
31477 1
31484 0
31485 1
31498 1
31499 0
31505 1
31521 1
31535 0
31542 1
31551 0
31558 0
31567 0
31573 1
31575 0
31581 0
31590 0
31592 1
31594 1
31606 0
31618 1
31619 1
31631 1
31644 0
31653 1
31661 0
31668 1
31670 0
31673 1
31686 0
31688 1
31689 0
31700 0
31706 0
31720 0
31723 1
31737 1
31741 0
31753 0
31765 0
31766 1
31769 0
31784 0
31796 1
31803 0
31815 1
31820 0
31833 0
31846 1
31859 1
31862 0
31875 1
31880 0
31883 0
31888 0
31890 1
31895 0
31902 1
31906 1
31915 1
31923 0
31927 0
31936 0
31947 0
31960 0
31963 1
31969 1
31982 1
31986 1
32000 1
32001 0
32005 0
32017 1
32025 1
32027 1
32035 0
32038 1
32044 1
32050 1
32064 0
32071 0
32082 0
32084 0
32086 1
32097 0
32099 1
32113 1
32125 0
32132 0
32141 1
32167 1
32178 1
32181 1
32187 1
32193 0
32208 1
32222 1
32233 0
32242 1
32254 0
32255 0
32269 0
32282 0
32289 1
32298 0
32303 1
32310 0
32311 1
32314 1
32318 1
32329 1
32333 0
32347 1
32355 1
32362 0
32369 1
32377 0
32383 0
32396 0
32398 0
32406 1
32424 1
32437 0
32443 0
32452 0
32453 1
32460 0
32471 0
32484 1
32499 1
32507 1
32520 1
32523 1
32538 1
32551 0
32565 0
32578 1
32582 0
32591 0
32602 1
32609 0
32611 1
32615 1
32620 0
32629 0
32638 1
32646 1
32650 0
32663 1
32668 0
32682 0
32686 0
32688 0
32697 1
32706 0
32709 0
32710 1
32711 0
32718 0
32733 0
32739 1
32746 0
32755 1
32757 0
32759 1
32770 1
32775 1
32782 0
32796 0
32803 1
32809 1
32820 0
32831 0
32838 1
32850 1
32865 0
32878 1
32891 1
32905 1
32919 0
32922 0
32928 0
32943 0
32946 1
32959 0
32968 0
32976 0
32989 1
32991 1
33005 0
33014 0
33026 1
33027 1
33032 1
33038 1
33050 0
33054 0
33067 1
33073 0
33086 0
33090 1
33092 1
33094 1
33108 1
33112 1
33126 0
33128 1
33137 0
33142 1
33150 0
33158 0
33165 1
33171 0
33183 1
33195 0
33210 1
33219 0
33231 1
33243 1
33247 1
33260 0
33274 1
33282 1
33289 1
33304 1
33315 0
33320 0
33322 1
33335 0
33338 1
33350 0
33363 1
33378 0
33393 1
33395 0
33398 0
33402 1
33403 0
33408 0
33421 0
33424 1
33439 0
33444 0
33446 1
33453 0
33464 0
33465 1
33477 0
33492 1
33505 0
33506 1
33521 1
33527 1
33531 1
33540 1
33541 1
33554 1
33561 0
33576 1
33591 0
33604 0
33605 1
33619 1
33620 1
33627 0
33643 0
33645 0
33652 1
33656 1
33667 0
33680 0
33692 1
33695 0
33701 0
33716 1
33721 1
33727 1
33736 0
33750 0
33757 0
33772 1
33783 1
33786 0
33794 0
33800 0
33807 1
33818 0
33831 0
33843 0
33857 1
33872 1
33886 0
33887 0
33889 0
33893 1
33906 1
33911 1
33925 1
33929 1
33938 1
33942 1
33943 0
33946 0
33953 0
33956 0
33962 0
33965 0
33979 1
33994 1
33996 1
34005 1
34017 1
34021 1
34030 1
34045 1
34054 0
34069 0
34073 1
34085 1
34089 0
34096 0
34098 1
34101 0
34113 0
34118 1
34132 1
34139 0
34150 1
34153 1
34155 1
34163 0
34176 0
34180 1
34183 1
34198 0
34210 1
34222 0
34234 0
34241 0
34253 0
34258 0
34273 1
34274 1
34289 0
34291 1
34304 0
34313 0
34321 1
34329 1
34331 0
34337 0
34350 0
34351 0
34356 0
34364 1
34375 1
34378 1
34385 1
34398 1
34413 0
34417 0
34421 1
34422 0
34433 1
34439 1
34453 1
34460 0
34480 0
34489 1
34515 1
34530 1
34536 0
34548 1
34551 0
34564 1
34566 1
34574 0
34583 0
34587 0
34595 1
34601 0
34620 0
34632 1
34640 0
34647 1
34655 1
34669 0
34676 1
34678 1
34681 0
34686 1
34694 0
34697 0
34705 0
34719 1
34734 0
34743 0
34746 0
34757 0
34759 1
34772 1
34783 0
34791 1
34802 0
34805 1
34808 0
34813 1
34814 1
34832 0
34845 1
34856 1
34865 1
34876 0
34888 1
34903 1
34908 0
34916 1
34921 1
34934 1
34936 0
34938 1
34945 1
34959 0
34963 0
34964 1
34971 0
34976 0
34989 0
35001 1
35007 1
35021 1
35024 1
35027 1
35034 0
35043 1
35056 1
35064 1
35067 1
35069 0
35078 0
35080 1
35089 0
35094 0
35102 1
35116 1
35127 1
35141 1
35156 1
35165 1
35180 1
35189 0
35195 0
35210 0
35218 1
35227 1
35232 1
35233 1
35240 0
35255 0
35266 1
35267 1
35273 1
35275 1
35283 0
35287 0
35290 1
35301 0
35305 1
35308 0
35310 0
35318 0
35324 0
35336 1
35345 1
35351 1
35355 0
35363 1
35366 1
35368 1
35379 1
35393 0
35398 0
35402 1
35403 0
35411 1
35419 1
35434 0
35441 0
35449 1
35450 0
35465 1
35468 1
35482 1
35496 1
35505 0
35512 0
35523 0
35527 0
35541 1
35549 1
35558 1
35563 1
35576 0
35589 0
35595 1
35598 1
35606 0
35613 0
35627 0
35636 0
35639 0
35651 1
35656 0
35657 1
35670 1
35672 1
35681 1
35696 1
35698 0
35710 0
35716 0
35731 0
35744 1
35753 1
35760 1
35766 0
35779 0
35790 1
35802 1
35809 1
35823 0
35836 0
35837 0
35839 0
35846 0
35852 0
35857 0
35866 1
35874 0
35889 1
35891 1
35898 0
35906 1
35920 0
35924 0
35938 0
35946 0
35951 0
35964 1
35970 0
35975 0
35982 0
35990 0
35997 1
36002 1
36009 0
36020 1
36028 0
36039 1
36043 0
36045 1
36046 1
36060 1
36073 0
36080 1
36095 0
36107 0
36121 1
36128 1
36137 1
36148 0
36162 1
36164 1
36176 1
36185 1
36196 1
36209 1
36222 1
36236 0
36241 0
36246 1
36253 0
36275 0
36283 1
36297 1
36304 0
36331 0
36346 1
36360 0
36375 0
36389 0
36396 1
36405 1
36409 1
36414 1
36420 1
36427 0
36439 1
36455 0
36467 0
36476 1
36490 0
36505 1
36513 1
36517 0
36530 0
36532 0
36533 1
36548 1
36552 0
36557 0
36560 1
36575 1
36579 1
36585 0
36598 1
36605 0
36610 0
36617 0
36618 0
36627 0
36638 0
36640 1
36643 0
36646 0
36653 1
36660 1
36673 1
36686 0
36692 0
36693 1
36695 1
36707 0
36716 1
36731 1
36733 0
36742 0
36749 1
36760 0
36766 1
36768 0
36772 1
36780 1
36781 0
36784 0
36787 1
36801 1
36806 0
36809 1
36812 0
36821 0
36826 0
36837 1
36845 1
36847 1
36862 1
36867 1
36879 0
36884 1
36898 0
36903 0
36909 0
36920 1
36923 0
36925 0
36929 0
36935 0
36950 0
36955 0
36968 1
36974 0
36980 1
36994 1
37007 0
37010 0
37025 0
37033 1
37040 1
37048 0
37057 0
37070 0
37077 0
37078 1
37083 1
37096 1
37098 0
37100 1
37104 1
37115 1
37118 0
37127 1
37131 1
37144 0
37145 1
37152 0
37164 1
37172 0
37190 0
37199 0
37201 0
37202 1
37214 1
37225 1
37237 1
37243 0
37245 1
37249 0
37251 0
37252 0
37258 1
37267 0
37281 1
37288 0
37290 0
37303 1
37312 1
37320 1
37334 0
37335 0
37349 0
37362 1
37365 0
37380 0
37395 0
37398 0
37409 1
37420 1
37421 1
37425 0
37428 0
37433 0
37448 0
37460 0
37474 1
37488 1
37497 1
37501 0
37514 1
37518 1
37527 0
37535 1
37544 0
37557 0
37565 1
37570 0
37585 0
37588 0
37589 0
37594 0
37606 0
37620 0
37629 0
37638 1
37647 1
37648 0
37653 1
37656 0
37670 0
37673 0
37685 1
37686 0
37700 1
37713 0
37722 0
37734 0
37738 0
37739 0
37740 1
37743 1
37745 0
37752 1
37759 1
37772 1
37778 0
37781 0
37793 1
37807 1
37809 1
37821 1
37823 1
37834 1
37843 0
37852 1
37863 0
37878 1
37884 1
37886 0
37887 1
37892 1
37906 0
37913 1
37921 0
37932 1
37934 0
37940 1
37951 1
37963 0
37974 1
37987 0
37995 1
37998 0
38018 1
38019 0
38033 0
38034 0
38046 1
38061 1
38066 1
38071 0
38083 1
38088 1
38100 1
38102 1
38108 1
38110 1
38121 1
38123 1
38131 0
38144 1
38158 0
38160 1
38164 0
38168 1
38180 0
38187 1
38200 0
38208 0
38220 1
38231 1
38243 0
38251 1
38265 1
38268 1
38274 0
38286 1
38294 1
38295 0
38298 0
38313 1
38321 1
38335 0
38350 0
38364 1
38367 0
38382 0
38388 0
38401 0
38409 1
38422 1
38437 0
38441 1
38446 1
38460 0
38466 0
38469 0
38471 0
38486 1
38487 1
38496 1
38508 0
38522 1
38525 0
38528 0
38536 1
38543 0
38556 1
38564 1
38570 0
38595 0
38598 0
38599 1
38612 0
38626 0
38632 0
38638 1
38646 1
38654 1
38663 1
38676 0
38678 1
38681 1
38683 1
38695 1
38697 0
38710 1
38734 1
38738 1
38744 0
38745 0
38753 0
38761 0
38772 1
38779 1
38780 1
38782 0
38783 1
38788 0
38794 0
38806 0
38820 1
38828 0
38843 1
38844 0
38858 0
38859 1
38867 0
38882 0
38905 1
38913 0
38921 0
38923 1
38936 1
38939 1
38950 0
38961 0
38966 1
38968 1
38970 1
38984 1
38986 0
38998 0
39011 1
39017 0
39023 1
39038 1
39053 1
39062 0
39065 1
39080 0
39084 0
39093 0
39094 1
39109 0
39116 1
39122 0
39133 0
39144 1
39147 0
39162 0
39176 0
39190 0
39192 1
39204 1
39213 0
39227 1
39232 1
39245 0
39252 0
39256 1
39257 1
39283 0
39292 0
39294 1
39301 1
39325 0
39333 1
39340 1
39344 0
39357 1
39379 1
39385 1
39388 1
39402 1
39405 0
39417 1
39418 1
39433 0
39445 1
39459 1
39470 0
39478 1
39486 0
39491 1
39504 1
39509 0
39517 0
39526 1
39535 1
39541 1
39556 0
39565 0
39580 0
39584 0
39589 0
39596 1
39611 0
39612 1
39614 1
39625 0
39628 1
39634 1
39643 0
39652 0
39663 0
39668 0
39673 1
39674 0
39675 0
39677 1
39686 1
39687 1
39689 1
39703 0
39717 0
39724 1
39731 1
39743 0
39749 1
39760 1
39769 1
39783 0
39784 0
39796 0
39801 1
39802 1
39810 1
39814 1
39823 0
39831 0
39834 1
39847 0
39858 1
39863 0
39865 0
39876 0
39877 1
39888 1
39891 1
39903 1
39918 0
39933 1
39940 0
39955 0
39960 1
39967 1
39982 0
39986 0
39988 0
39989 0
39996 0
40003 0
40009 1
40024 0
40036 1
40037 0
40043 1
40052 1
40057 1
40065 0
40071 1
40074 0
40083 1
40088 1
40091 0
40106 1
40109 1
40122 0
40137 0
40144 0
40159 1
40172 0
40178 1
40206 1
40215 1
40218 1
40227 1
40236 1
40242 0
40245 1
40250 1
40256 0
40265 1
40274 1
40279 0
40280 1
40291 1
40292 1
40304 0
40318 0
40333 1
40337 0
40351 1
40355 0
40364 1
40376 0
40379 1
40388 0
40414 1
40429 0
40437 0
40449 1
40457 0
40468 0
40481 0
40493 1
40502 1
40515 0
40527 0
40528 1
40536 1
40549 1
40561 0
40565 0
40568 0
40576 1
40582 1
40595 0
40603 0
40605 1
40606 1
40609 1
40620 0
40628 0
40634 0
40639 1
40650 0
40656 0
40665 1
40679 1
40681 1
40696 1
40709 1
40723 0
40727 0
40740 1
40753 0
40754 0
40759 0
40760 0
40773 1
40782 1
40791 0
40797 0
40804 0
40810 1
40823 1
40836 0
40843 1
40857 0
40872 0
40877 1
40886 0
40907 0
40911 1
40919 0
40932 1
40933 1
40938 1
40940 1
40944 0
40956 0
40962 1
40973 1
40979 1
40986 1
40995 0
40998 0
41010 0
41025 1
41026 0
41028 1
41030 0
41044 1
41046 1
41052 0
41061 1
41067 1
41070 1
41072 0
41079 0
41092 0
41096 1
41110 1
41125 0
41136 0
41148 1
41155 0
41159 0
41162 1
41163 0
41171 0
41183 1
41195 1
41196 0
41198 1
41209 0
41214 1
41215 0
41218 1
41227 1
41234 0
41241 1
41254 1
41260 1
41261 1
41262 0
41270 1
41282 0
41284 0
41292 1
41293 0
41304 1
41316 1
41331 0
41337 0
41351 1
41366 0
41367 0
41373 1
41390 1
41396 1
41403 0
41407 0
41412 1
41413 0
41419 1
41430 0
41437 1
41441 1
41454 0
41462 1
41476 1
41489 1
41492 1
41498 0
41507 1
41509 0
41510 1
41517 0
41531 0
41532 1
41536 1
41549 0
41557 0
41560 1
41573 0
41579 1
41580 0
41584 0
41592 0
41601 0
41605 1
41612 1
41615 0
41630 1
41637 0
41648 1
41656 1
41661 0
41663 1
41667 0
41679 1
41690 0
41697 1
41706 1
41719 0
41720 1
41723 0
41732 0
41741 0
41753 0
41764 0
41773 0
41788 1
41799 0
41805 1
41814 0
41834 1
41840 1
41849 1
41850 1
41858 1
41869 1
41883 1
41892 0
41897 0
41906 1
41912 0
41918 0
41930 0
41935 1
41944 1
41953 1
41965 1
41970 1
41978 0
41983 1
41995 1
42002 0
42007 0
42010 1
42013 0
42027 0
42039 0
42047 1
42058 1
42060 0
42075 0
42089 1
42104 0
42107 1
42108 0
42110 0
42115 0
42123 1
42124 1
42132 1
42146 0
42161 0
42162 0
42175 0
42183 0
42185 0
42200 0
42203 0
42216 1
42221 0
42247 0
42259 1
42260 1
42262 0
42267 0
42281 1
42294 1
42303 0
42312 0
42327 0
42341 0
42343 0
42347 0
42351 1
42356 1
42371 0
42379 1
42384 0
42393 0
42396 0
42405 0
42413 0
42428 0
42437 0
42443 1
42449 1
42454 1
42466 1
42468 1
42481 0
42484 0
42493 1
42502 1
42503 1
42507 0
42508 1
42521 0
42530 1
42532 1
42544 0
42558 0
42569 0
42572 0
42585 0
42593 1
42612 1
42621 1
42625 0
42632 1
42639 0
42652 0
42660 1
42675 0
42683 1
42698 0
42707 1
42722 0
42736 0
42737 0
42751 0
42752 1
42759 0
42766 0
42774 1
42797 1
42809 1
42810 0
42811 0
42826 0
42832 1
42847 1
42855 1
42857 0
42858 1
42872 1
42876 0
42888 1
42893 1
42894 1
42905 0
42912 0
42914 0
42921 0
42929 0
42931 1
42935 1
42955 1
42969 1
42982 1
42995 0
43003 0
43014 0
43029 0
43034 1
43041 0
43060 0
43069 1
43071 0
43082 1
43093 1
43104 0
43115 0
43124 0
43128 0
43129 1
43141 0
43155 1
43161 1
43165 1
43169 0
43176 0
43189 1
43204 1
43208 0
43216 0
43219 1
43220 1
43224 0
43232 0
43235 0
43240 1
43252 1
43267 0
43278 0
43292 1
43304 1
43305 0
43319 0
43332 0
43337 0
43342 1
43349 1
43353 1
43357 1
43363 1
43367 1
43378 1
43390 0
43391 0
43392 0
43397 1
43400 0
43412 1
43416 0
43421 1
43423 1
43436 0
43437 0
43445 1
43454 0
43465 1
43480 1
43481 1
43482 1
43487 0
43501 0
43510 0
43511 0
43516 0
43531 0
43544 1
43553 1
43558 1
43573 0
43580 1
43604 0
43611 0
43617 1
43629 1
43640 0
43641 0
43644 1
43649 1
43669 0
43674 1
43678 0
43685 0
43696 1
43703 1
43717 0
43718 1
43732 0
43740 0
43745 1
43758 1
43770 0
43772 0
43784 0
43796 1
43804 1
43812 1
43827 0
43828 0
43833 0
43840 1
43855 1
43861 0
43876 1
43885 0
43889 0
43896 1
43920 1
43926 0
43927 0
43929 1
43942 1
43954 1
43957 1
43958 0
43971 0
43980 0
43985 0
43998 1
44010 1
44022 0
44027 0
44032 1
44046 0
44060 1
44061 0
44067 0
44069 1
44074 1
44078 1
44086 1
44099 0
44101 1
44114 1
44127 1
44140 1
44141 0
44152 1
44155 0
44168 1
44173 1
44178 0
44181 0
44182 0
44194 0
44208 1
44223 0
44227 0
44240 0
44242 1
44251 0
44265 1
44276 0
44277 1
44281 0
44290 1
44302 1
44307 0
44315 1
44320 1
44335 0
44346 0
44348 0
44356 0
44363 1
44370 1
44374 0
44376 0
44391 1
44400 1
44415 1
44424 1
44426 1
44438 0
44439 0
44447 1
44461 1
44465 1
44478 1
44493 1
44495 0
44498 0
44499 1
44511 0
44523 1
44526 0
44540 0
44555 1
44562 1
44577 1
44591 0
44596 1
44610 0
44623 1
44634 1
44637 0
44648 1
44668 1
44682 0
44690 1
44694 0
44707 1
44716 1
44717 0
44724 0
44728 1
44747 1
44760 1
44764 1
44778 0
44790 0
44798 1
44799 0
44800 1
44811 0
44814 0
44816 0
44824 1
44835 0
44848 1
44857 0
44870 0
44877 0
44891 1
44895 1
44896 0
44897 0
44906 0
44914 1
44922 1
44924 0
44938 0
44951 0
44958 0
44965 1
44969 0
44981 1
44995 0
45014 1
45019 1
45021 0
45032 1
45046 1
45052 0
45063 1
45070 0
45072 0
45081 1
45085 0
45087 1
45094 1
45096 0
45100 0
45107 1
45114 0
45123 0
45136 0
45140 0
45146 0
45158 0
45161 1
45173 0
45176 1
45178 0
45190 0
45205 0
45218 1
45229 0
45243 1
45257 0
45272 1
45286 1
45301 0
45313 1
45324 1
45327 1
45336 0
45345 0
45347 1
45361 0
45364 1
45366 1
45381 0
45390 1
45393 1
45395 1
45396 0
45401 1
45415 1
45429 0
45444 0
45447 1
45461 0
45467 1
45472 0
45473 1
45485 0
45499 0
45500 1
45514 1
45515 1
45529 1
45530 0
45532 0
45541 1
45553 1
45566 1
45572 1
45578 0
45587 0
45594 1
45603 1
45610 0
45622 0
45637 0
45638 0
45646 0
45651 1
45664 0
45669 1
45678 1
45687 0
45690 0
45691 0
45696 1
45704 1
45707 1
45712 1
45724 1
45735 0
45742 1
45753 0
45756 0
45759 0
45770 0
45785 0
45788 0
45796 1
45805 1
45808 0
45814 1
45825 0
45836 0
45849 0
45853 1
45860 1
45863 1
45878 0
45887 0
45899 0
45907 0
45909 1
45913 1
45922 0
45931 0
45944 0
45953 1
45968 0
45972 1
45973 1
45979 1
45988 0
45991 0
45995 0
45997 0
46002 0
46004 1
46009 0
46023 0
46025 0
46028 1
46041 1
46047 0
46062 1
46067 1
46081 0
46088 0
46096 1
46097 1
46111 0
46115 0
46119 0
46131 0
46138 0
46140 1
46146 0
46151 0
46157 0
46166 0
46173 1
46177 0
46192 0
46206 1
46221 1
46235 0
46239 0
46253 0
46268 1
46276 0
46285 1
46297 1
46300 1
46311 0
46323 1
46338 1
46350 1
46364 0
46376 0
46380 1
46389 0
46403 0
46408 1
46415 1
46430 1
46441 1
46446 0
46458 0
46469 0
46480 1
46487 1
46494 0
46506 1
46519 1
46531 0
46534 1
46536 0
46545 1
46551 0
46553 1
46568 1
46585 0
46591 1
46597 0
46602 0
46614 1
46621 1
46624 1
46636 0
46642 1
46647 1
46652 1
46658 0
46669 1
46670 1
46677 0
46681 0
46693 0
46698 1
46705 0
46714 1
46725 0
46739 1
46746 0
46754 1
46760 0
46765 1
46767 1
46773 1
46779 0
46786 1
46801 1
46816 1
46829 1
46841 1
46846 0
46850 0
46855 1
46870 0
46875 0
46884 1
46889 0
46902 0
46910 0
46923 1
46936 0
46942 0
46947 1
46959 1
46970 0
46982 0
46989 0
46995 0
46997 1
47012 1
47014 0
47019 1
47031 1
47044 1
47053 1
47064 0
47075 0
47087 0
47099 1
47107 1
47114 0
47140 1
47144 1
47146 0
47150 0
47169 1
47171 0
47186 0
47192 0
47204 1
47217 1
47232 1
47247 1
47250 1
47263 1
47272 1
47277 1
47282 0
47289 1
47290 1
47305 0
47309 1
47325 0
47328 0
47330 1
47345 1
47358 0
47366 0
47372 0
47375 0
47381 0
47384 1
47395 1
47409 1
47421 0
47422 0
47427 1
47430 0
47442 0
47456 1
47467 1
47468 0
47480 0
47482 0
47485 1
47491 1
47500 0
47511 0
47526 1
47532 1
47540 1
47546 0
47553 0
47556 0
47560 1
47569 1
47570 0
47571 0
47584 1
47598 0
47604 1
47617 0
47621 1
47642 1
47653 1
47667 1
47679 0
47680 1
47688 0
47694 0
47696 0
47701 1
47713 0
47728 1
47733 0
47746 1
47749 0
47760 0
47765 0
47778 1
47793 1
47805 1
47819 1
47830 0
47837 0
47842 0
47843 0
47858 1
47859 0
47874 1
47882 1
47889 1
47892 1
47906 0
47911 0
47922 1
47937 1
47950 1
47963 1
47965 1
47978 0
47989 0
48002 1
48013 0
48014 0
48029 0
48036 1
48041 0
48050 0
48061 1
48074 0
48082 1
48091 0
48096 0
48099 1
48100 0
48102 0
48106 0
48108 1
48121 0
48124 1
48129 1
48132 1
48141 1
48143 1
48146 0
48151 1
48155 1
48169 1
48177 1
48192 0
48203 1
48218 1
48233 0
48235 1
48249 0
48254 0
48261 1
48268 1
48272 1
48273 1
48284 1
48290 1
48298 1
48311 1
48322 1
48336 1
48348 1
48351 1
48355 1
48359 1
48367 1
48369 1
48377 1
48389 1
48396 0
48405 0
48411 1
48433 1
48434 1
48446 0
48450 1
48463 1
48476 0
48485 0
48493 0
48506 0
48518 1
48524 1
48532 0
48533 0
48538 1
48545 0
48558 1
48562 0
48566 0
48571 1
48574 0
48587 0
48588 1
48603 0
48612 1
48620 0
48635 1
48648 0
48662 1
48663 0
48666 1
48674 1
48680 0
48681 0
48687 1
48695 1
48702 0
48710 0
48714 1
48718 1
48725 1
48739 1
48744 0
48758 1
48764 1
48770 0
48771 0
48779 0
48780 1
48786 1
48787 1
48796 1
48810 0
48822 1
48824 1
48835 1
48850 0
48854 0
48869 1
48878 0
48891 1
48903 0
48917 0
48924 0
48929 1
48943 1
48952 1
48959 1
48971 1
48979 0
48992 0
48996 1
49003 0
49016 1
49017 0
49022 1
49023 1
49025 0
49030 1
49042 0
49044 0
49049 0
49061 0
49062 1
49067 1
49078 0
49087 1
49100 1
49112 0
49127 1
49131 0
49134 1
49135 0
49139 0
49142 1
49155 1
49156 1
49157 0
49163 0
49168 0
49182 1
49187 1
49190 0
49193 1
49198 0
49207 1
49212 1
49227 1
49228 1
49234 1
49235 0
49250 0
49254 1
49266 1
49277 0
49292 0
49307 0
49312 0
49318 1
49325 0
49340 1
49346 1
49357 1
49369 1
49370 1
49373 1
49384 1
49391 1
49394 1
49395 1
49397 0
49398 1
49399 0
49401 0
49405 0
49433 1
49436 1
49437 1
49439 0
49451 1
49464 0
49465 1
49471 1
49476 1
49481 1
49485 1
49487 1
49488 1
49497 1
49511 1
49523 1
49538 0
49541 1
49552 1
49563 1
49572 0
49581 0
49592 0
49600 0
49613 0
49625 0
49628 0
49632 0
49640 0
49644 1
49647 0
49656 1
49670 1
49681 0
49695 0
49708 1
49721 1
49735 0
49744 1
49750 1
49761 0
49768 1
49774 1
49778 0
49790 1
49796 0
49803 1
49804 0
49811 0
49825 1
49828 1
49834 0
49839 1
49845 1
49854 0
49867 0
49871 0
49876 1
49883 0
49887 0
49890 1
49891 1
49893 0
49896 1
49910 1
49925 1
49940 0
49946 1
49947 1
49966 1
49971 1
49984 0
49990 1
50005 1
50018 1
50033 1
50035 1
50047 1
50059 1
50063 0
50077 0
50086 1
50101 0
50114 0
50118 1
50129 0
50136 1
50137 1
50148 1
50162 1
50175 0
50182 0
50191 0
50197 1
50200 0
50208 0
50217 0
50219 1
50233 1
50234 1
50238 0
50243 0
50248 1
50252 0
50253 0
50266 1
50269 0
50274 1
50276 1
50283 0
50288 1
50302 1
50304 0
50309 1
50312 1
50320 0
50335 0
50336 0
50349 1
50351 0
50354 0
50356 0
50363 0
50375 1
50381 1
50395 1
50402 1
50406 1
50421 0
50436 1
50448 1
50453 1
50460 0
50467 0
50476 0
50481 1
50489 1
50490 1
50503 0
50517 1
50529 1
50536 0
50542 1
50553 0
50564 1
50583 0
50590 0
50595 0
50603 1
50616 0
50620 1
50621 0
50622 1
50634 0
50643 1
50649 1
50663 0
50666 1
50674 1
50678 0
50689 0
50701 0
50705 1
50716 1
50729 1
50734 0
50738 0
50753 0
50755 0
50764 0
50769 0
50781 1
50795 1
50802 1
50813 0
50824 1
50827 1
50831 0
50845 1
50860 1
50868 0
50873 0
50880 1
50881 1
50895 1
50907 1
50909 0
50911 0
50916 1
50924 0
50939 1
50945 1
50959 1
50961 1
50966 1
50968 1
50982 0
50986 1
50995 0
51000 0
51004 0
51008 1
51012 1
51027 1
51030 0
51034 1
51043 0
51058 1
51059 0
51063 0
51070 0
51079 0
51088 1
51092 0
51101 1
51106 1
51113 1
51128 1
51137 1
51148 0
51162 0
51171 1
51178 0
51179 1
51182 1
51190 1
51205 1
51214 0
51228 0
51233 0
51240 1
51247 0
51260 0
51272 1
51287 1
51301 0
51309 0
51317 1
51318 0
51333 0
51335 0
51344 0
51346 0
51351 0
51360 1
51365 1
51376 0
51378 0
51383 0
51395 1
51397 1
51401 0
51410 1
51418 0
51421 1
51436 0
51449 1
51464 0
51473 0
51480 0
51491 0
51495 1
51508 1
51509 0
51517 0
51521 1
51530 0
51544 1
51552 0
51567 1
51574 0
51582 1
51595 1
51608 1
51614 0
51626 1
51627 0
51638 1
51645 0
51649 1
51664 0
51673 0
51687 0
51700 1
51715 0
51719 1
51726 1
51740 0
51748 1
51762 0
51773 1
51781 0
51785 0
51787 0
51801 0
51805 0
51811 1
51813 0
51825 1
51838 0
51851 1
51857 0
51864 0
51872 0
51885 0
51899 1
51911 1
51916 0
51928 0
51929 0
51943 1
51945 0
51947 0
51954 0
51958 0
51963 1
51975 0
51990 0
51998 0
52003 0
52015 0
52021 0
52036 1
52050 1
52063 0
52071 1
52085 0
52088 1
52094 0
52100 0
52104 0
52115 0
52127 1
52132 0
52135 1
52148 0
52160 0
52163 0
52171 0
52183 0
52198 1
52207 0
52213 0
52216 1
52229 1
52243 1
52252 1
52259 0
52270 0
52276 0
52278 1
52290 0
52305 0
52310 1
52312 1
52327 1
52328 1
52342 1
52345 1
52354 0
52357 0
52369 1
52373 1
52387 0
52388 0
52400 1
52411 0
52423 1
52424 0
52437 1
52450 1
52454 1
52461 1
52467 0
52490 0
52492 1
52506 0
52512 0
52520 0
52534 0
52535 0
52537 1
52540 1
52567 1
52580 0
52584 0
52597 0
52609 0
52611 1
52613 0
52618 1
52619 1
52631 1
52635 1
52636 1
52644 1
52656 1
52668 1
52681 0
52682 0
52685 0
52698 0
52706 1
52710 0
52721 1
52735 0
52742 0
52753 1
52762 0
52767 1
52782 1
52786 1
52797 0
52811 1
52818 1
52827 1
52829 1
52837 0
52843 1
52856 1
52863 1
52871 0
52884 0
52892 0
52903 0
52908 0
52912 0
52919 1
52927 0
52931 0
52957 0
52958 0
52960 1
52965 0
52968 0
52979 1
52991 0
52992 1
53006 0
53015 0
53019 0
53030 1
53031 0
53037 1
53050 0
53064 0
53078 0
53083 0
53094 0
53102 0
53114 1
53118 0
53122 1
53127 1
53138 0
53140 0
53155 0
53160 1
53163 0
53165 1
53180 1
53191 0
53206 0
53207 0
53220 0
53235 1
53241 1
53256 0
53257 0
53264 1
53271 0
53279 0
53292 1
53305 0
53306 0
53319 0
53330 1
53344 1
53357 1
53360 1
53373 1
53386 0
53387 1
53395 1
53404 1
53408 0
53421 0
53436 1
53445 1
53449 1
53461 0
53468 0
53470 0
53479 1
53485 0
53502 1
53508 0
53517 0
53525 0
53528 1
53532 1
53544 1
53551 1
53558 0
53559 1
53566 0
53572 1
53575 0
53580 1
53608 0
53623 0
53637 1
53642 1
53647 0
53649 0
53660 0
53667 0
53674 0
53681 1
53687 1
53688 0
53691 1
53697 1
53708 0
53722 0
53736 1
53749 1
53760 0
53764 1
53766 0
53777 0
53782 0
53787 0
53789 1
53803 1
53809 0
53811 1
53815 1
53817 0
53832 1
53847 0
53854 1
53861 0
53876 1
53888 0
53892 0
53903 0
53917 1
53931 1
53936 1
53951 0
53953 1
53964 1
53979 0
53983 1
53990 1
53994 0
54007 0
54014 0
54021 0
54024 0
54028 1
54043 0
54046 0
54048 1
54061 0
54062 1
54063 0
54070 1
54078 1
54093 1
54105 0
54106 0
54110 1
54111 0
54114 1
54116 0
54118 0
54119 1
54121 0
54127 0
54134 1
54138 0
54149 0
54163 0
54169 0
54184 0
54191 0
54198 0
54209 0
54212 0
54226 1
54233 0
54247 0
54255 1
54264 1
54279 1
54285 1
54300 0
54311 1
54315 1
54321 0
54333 1
54334 1
54338 0
54343 1
54347 0
54355 1
54372 0
54378 1
54385 1
54388 0
54394 1
54400 0
54409 1
54426 0
54440 0
54454 0
54461 1
54463 0
54474 0
54476 0
54490 1
54499 1
54513 0
54528 0
54539 1
54542 1
54554 1
54566 1
54569 1
54570 0
54584 1
54592 1
54593 1
54605 0
54607 0
54608 0
54611 0
54620 1
54627 1
54634 0
54646 0
54650 1
54664 0
54668 1
54671 1
54684 0
54685 1
54693 0
54708 0
54710 1
54719 1
54725 1
54733 0
54736 1
54744 0
54745 1
54747 1
54759 0
54765 1
54766 0
54773 1
54792 1
54806 0
54813 1
54820 1
54821 1
54825 1
54837 1
54839 0
54851 0
54854 1
54859 1
54865 1
54871 0
54874 1
54878 0
54893 1
54901 1
54907 0
54915 1
54916 1
54925 0
54930 0
54937 1
54957 0
54969 1
54975 1
54979 1
54994 0
55003 1
55007 1
55020 0
55025 0
55032 0
55041 1
55055 0
55058 0
55061 0
55069 1
55084 1
55091 1
55103 1
55117 0
55125 0
55126 1
55129 0
55131 1
55134 0
55142 0
55143 0
55145 0
55154 1
55166 1
55172 0
55183 1
55188 1
55192 0
55199 0
55212 1
55213 1
55220 1
55228 0
55232 1
55244 0
55245 0
55249 1
55253 0
55265 0
55274 1
55281 0
55287 1
55292 0
55300 1
55308 0
55316 1
55323 1
55334 0
55337 1
55340 1
55355 1
55361 0
55369 0
55371 0
55382 0
55388 0
55402 1
55411 0
55418 1
55431 0
55435 0
55439 0
55452 1
55465 0
55477 0
55491 1
55502 0
55514 1
55528 0
55533 1
55534 0
55542 1
55557 0
55566 0
55575 1
55580 1
55588 0
55589 0
55596 1
55604 0
55615 1
55616 1
55629 1
55638 0
55651 0
55663 1
55674 1
55680 1
55684 0
55692 1
55707 1
55709 0
55724 0
55732 0
55734 1
55747 0
55759 0
55764 1
55775 0
55783 0
55787 0
55789 0
55803 1
55804 0
55811 0
55812 1
55819 0
55823 0
55830 1
55837 0
55844 1
55846 1
55859 0
55867 1
55870 1
55877 0
55890 0
55893 0
55907 0
55914 1
55923 0
55935 0
55949 1
55951 1
55952 0
55964 1
55976 1
55978 0
55979 1
55990 0
56002 1
56013 0
56019 0
56024 0
56025 0
56036 0
56042 0
56043 1
56057 0
56059 1
56071 0
56083 1
56089 0
56092 1
56094 1
56095 0
56101 0
56106 1
56117 0
56125 0
56136 1
56145 0
56157 0
56165 1
56178 0
56183 1
56190 0
56204 1
56206 1
56211 1
56214 0
56216 0
56218 1
56219 0
56230 0
56241 0
56246 1
56254 0
56268 1
56273 1
56278 0
56286 1
56295 1
56302 0
56304 1
56307 1
56315 1
56327 0
56329 0
56343 0
56346 1
56360 0
56374 1
56380 1
56387 1
56392 1
56405 0
56411 1
56429 0
56437 0
56450 0
56463 1
56470 1
56479 0
56491 1
56502 0
56506 1
56520 0
56523 1
56535 0
56547 0
56555 1
56566 0
56590 1
56595 0
56602 0
56616 0
56624 0
56636 0
56641 0
56645 1
56660 1
56668 0
56683 0
56684 1
56697 1
56706 1
56718 0
56725 1
56726 0
56738 0
56753 0
56765 1
56767 1
56770 0
56774 1
56783 1
56792 0
56798 1
56812 0
56820 1
56826 0
56840 1
56855 1
56860 1
56872 0
56876 0
56891 1
56897 1
56909 1
56915 1
56927 1
56941 1
56949 1
56951 1
56966 1
56977 1
56984 0
56996 1
57001 1
57013 1
57019 0
57024 0
57029 0
57037 0
57051 1
57055 0
57057 1
57069 1
57078 1
57084 0
57087 1
57099 1
57105 0
57114 0
57126 1
57139 1
57141 1
57153 1
57158 0
57188 0
57199 1
57211 0
57214 1
57225 1
57228 0
57236 1
57251 0
57263 0
57274 1
57287 1
57288 1
57301 0
57303 0
57317 1
57326 1
57335 0
57344 0
57358 0
57363 0
57367 1
57372 0
57386 0
57401 1
57403 0
57404 1
57410 1
57423 1
57428 0
57431 0
57440 0
57452 0
57454 1
57456 1
57463 1
57465 0
57472 1
57484 0
57495 1
57507 0
57515 1
57519 0
57520 0
57523 0
57530 1
57534 0
57541 0
57543 1
57545 1
57559 0
57562 1
57568 0
57580 1
57583 1
57594 0
57596 1
57608 0
57620 1
57623 1
57638 0
57652 0
57666 1
57681 0
57695 1
57699 0
57700 0
57703 0
57708 0
57723 1
57736 0
57742 0
57746 1
57749 0
57757 0
57762 0
57768 1
57780 1
57795 0
57797 0
57805 1
57820 0
57829 0
57831 0
57838 1
57840 1
57847 1
57856 0
57861 0
57868 1
57886 0
57888 1
57901 0
57902 0
57913 1
57935 1
57940 0
57941 0
57943 0
57951 0
57956 1
57958 1
57959 0
57974 0
57982 1
57987 1
57994 1
58003 1
58004 0
58017 1
58026 0
58028 0
58037 1
58050 1
58053 0
58065 0
58068 0
58073 0
58085 0
58089 1
58103 0
58130 1
58138 0
58161 1
58164 1
58170 1
58172 0
58187 1
58208 0
58211 0
58215 1
58226 0
58228 1
58242 0
58246 1
58257 0
58277 1
58283 1
58289 0
58300 1
58314 0
58325 0
58338 0
58341 0
58354 0
58368 0
58376 1
58391 1
58397 0
58403 0
58416 0
58424 1
58435 1
58439 0
58450 0
58451 0
58457 0
58465 0
58470 1
58482 0
58494 1
58508 1
58512 1
58520 1
58533 1
58545 1
58551 1
58566 1
58570 0
58578 1
58593 1
58598 0
58611 1
58618 0
58622 0
58630 1
58641 1
58647 0
58648 1
58660 0
58661 1
58663 0
58678 0
58690 0
58701 0
58707 1
58712 0
58732 1
58741 1
58753 0
58764 1
58777 1
58784 1
58799 0
58810 0
58823 0
58831 0
58844 0
58848 1
58856 1
58869 0
58876 1
58890 0
58902 0
58909 1
58911 1
58918 0
58923 1
58934 1
58943 0
58956 0
58958 0
58971 1
58978 0
58990 1
58993 0
59008 1
59012 1
59018 1
59030 0
59034 0
59042 1
59046 0
59057 1
59060 1
59072 0
59079 0
59088 1
59095 0
59102 1
59111 1
59115 0
59124 1
59128 1
59146 0
59149 0
59154 1
59167 0
59172 1
59187 1
59190 0
59202 1
59209 1
59210 0
59211 0
59217 1
59230 1
59244 1
59247 0
59256 0
59263 0
59266 0
59275 1
59283 1
59290 1
59291 1
59292 1
59295 0
59306 0
59315 1
59318 1
59325 0
59352 1
59357 0
59371 1
59375 0
59377 0
59385 0
59388 1
59401 1
59405 0
59418 1
59425 1
59432 1
59435 1
59436 0
59442 0
59444 1
59456 1
59457 0
59468 1
59473 0
59476 0
59485 1
59496 1
59498 1
59513 1
59518 0
59531 1
59536 1
59547 0
59553 0
59555 0
59561 1
59576 0
59578 1
59579 1
59582 0
59585 0
59593 1
59594 1
59603 1
59614 1
59615 1
59621 1
59623 1
59630 1
59635 0
59657 1
59662 0
59664 1
59673 0
59680 1
59686 1
59692 0
59698 0
59703 1
59709 1
59718 0
59733 1
59739 0
59747 1
59748 1
59759 1
59767 1
59778 1
59789 1
59798 0
59806 1
59820 1
59831 0
59833 1
59835 0
59839 0
59851 0
59857 1
59860 0
59869 1
59876 1
59884 1
59887 1
59889 0
59890 0
59891 0
59904 0
59916 1
59924 0
59927 0
59930 0
59939 1
59951 0
59960 1
59963 0
59966 0
59968 0
59973 0
59977 1
59992 1
59999 0
60008 1
60011 1
60024 1
60025 0
60033 1
60040 1
60047 1
60053 0
60059 1
60060 1
60061 0
60064 0
60069 0
60075 1
60082 1
60088 0
60096 1
60109 0
60123 1
60137 1
60146 0
60150 0
60164 0
60167 0
60172 0
60180 1
60181 1
60189 1
60200 1
60214 0
60227 0
60229 0
60231 0
60243 0
60244 0
60250 0
60254 0
60259 0
60270 1
60276 0
60289 0
60290 1
60296 0
60309 1
60321 0
60327 0
60329 0
60341 1
60345 1
60353 1
60355 1
60362 1
60374 1
60377 1
60390 0
60391 1
60392 1
60394 0
60400 1
60401 1
60408 0
60423 1
60449 1
60452 0
60464 0
60472 0
60484 0
60498 1
60512 0
60525 0
60540 0
60548 1
60561 0
60576 0
60590 1
60602 1
60607 1
60611 0
60620 1
60622 1
60631 0
60636 0
60648 1
60660 1
60666 1
60681 0
60686 1
60695 0
60699 0
60707 0
60721 0
60729 1
60734 1
60746 1
60760 0
60765 1
60773 0
60776 1
60782 1
60791 1
60802 1
60803 0
60818 0
60829 0
60844 1
60845 0
60853 0
60858 0
60869 1
60872 0
60884 0
60892 1
60900 1
60908 0
60915 0
60923 1
60932 0
60951 0
60966 1
60981 1
60988 1
60990 0
60994 1
61007 1
61011 0
61012 0
61015 1
61029 1
61041 0
61055 0
61056 1
61070 1
61085 1
61089 1
61096 1
61104 0
61107 1
61115 1
61129 1
61141 1
61154 1
61158 0
61173 1
61187 0
61199 0
61204 1
61205 0
61217 0
61232 0
61233 1
61247 0
61249 1
61250 1
61256 1
61259 0
61261 0
61272 0
61275 1
61276 1
61283 1
61286 0
61297 0
61303 1
61321 1
61329 1
61331 0
61338 0
61346 1
61353 1
61366 1
61377 0
61391 0
61404 0
61405 1
61408 0
61422 0
61437 1
61441 0
61450 0
61465 1
61478 0
61481 0
61494 0
61495 1
61497 0
61506 1
61511 1
61526 1
61540 1
61547 0
61555 1
61566 1
61571 1
61580 1
61586 1
61594 0
61598 1
61609 1
61611 1
61622 1
61634 0
61637 0
61638 1
61653 0
61666 0
61674 0
61683 1
61685 1
61686 1
61688 0
61695 0
61709 0
61712 1
61724 0
61735 0
61739 1
61742 1
61754 1
61758 1
61771 1
61773 1
61788 0
61790 0
61799 0
61813 0
61815 0
61826 1
61841 1
61843 0
61856 0
61869 0
61878 0
61890 0
61903 0
61905 0
61908 1
61920 0
61940 0
61955 0
61959 1
61960 0
61965 0
61979 0
61986 0
61993 0
62000 1
62015 0
62028 1
62033 1
62035 0
62048 0
62052 1
62055 1
62057 1
62065 1
62076 0
62080 0
62083 1
62098 0
62106 0
62112 0
62116 0
62124 1
62130 1
62139 1
62150 0
62162 1
62164 0
62178 0
62179 1
62192 1
62203 1
62210 0
62221 0
62224 1
62233 1
62242 1
62250 0
62256 1
62263 0
62277 0
62290 0
62295 1
62299 0
62302 1
62307 1
62315 0
62326 1
62327 1
62340 0
62349 0
62353 1
62366 0
62377 0
62379 0
62384 0
62390 1
62396 0
62408 0
62413 0
62419 0
62426 0
62435 0
62446 1
62455 0
62463 1
62472 0
62489 0
62492 0
62496 0
62510 1
62522 1
62531 1
62543 0
62557 1
62562 0
62563 1
62565 1
62573 0
62578 0
62582 1
62591 1
62603 1
62604 0
62611 1
62618 0
62626 0
62629 1
62632 1
62641 0
62650 0
62654 0
62666 1
62675 1
62679 0
62682 1
62686 1
62691 1
62704 0
62706 0
62710 1
62723 0
62735 1
62741 1
62743 1
62749 0
62761 1
62775 0
62790 0
62798 0
62802 1
62813 1
62827 0
62836 0
62847 1
62858 1
62860 0
62865 1
62878 1
62884 0
62896 0
62903 1
62911 0
62917 1
62928 0
62942 1
62955 1
62968 0
62976 1
62981 0
62982 1
62987 0
63000 0
63008 1
63017 1
63032 1
63041 1
63055 1
63060 1
63063 0
63068 1
63077 0
63086 0
63092 0
63101 0
63102 0
63117 0
63125 0
63131 0
63139 0
63150 1
63154 0
63159 1
63171 0
63186 1
63195 0
63207 0
63209 0
63222 1
63226 1
63232 0
63234 1
63239 1
63252 0
63255 1
63267 0
63273 0
63282 0
63287 0
63289 0
63295 1
63304 0
63321 0
63328 0
63331 0
63333 1
63348 0
63356 0
63371 1
63376 0
63390 1
63397 1
63402 1
63411 1
63420 1
63429 0
63432 1
63446 1
63447 0
63459 0
63463 0
63469 1
63478 1
63485 0
63494 0
63503 1
63508 0
63511 0
63518 1
63523 1
63529 0
63543 0
63546 1
63558 1
63567 0
63572 0
63584 0
63586 1
63595 1
63601 0
63613 1
63617 0
63620 0
63629 0
63643 1
63649 0
63660 0
63675 0
63679 1
63683 1
63696 0
63707 1
63722 1
63726 1
63731 0
63754 1
63767 0
63780 1
63793 0
63808 1
63809 1
63811 0
63824 0
63835 1
63840 1
63849 0
63857 0
63858 0
63863 1
63869 1
63871 0
63876 1
63877 1
63892 1
63894 1
63908 1
63922 0
63927 1
63940 0
63945 0
63957 0
63963 1
63975 0
63978 0
63987 0
64000 1
64002 1
64005 0
64018 1
64031 0
64033 0
64034 1
64047 1
64051 1
64066 0
64075 0
64078 0
64087 0
64101 1
64106 1
64119 0
64134 0
64138 0
64149 0
64154 1
64162 0
64170 0
64183 1
64188 1
64194 0
64217 0
64221 0
64223 0
64231 0
64243 1
64250 1
64265 0
64268 0
64271 0
64278 0
64293 1
64301 1
64307 0
64319 0
64324 0
64339 0
64341 1
64355 1
64368 1
64382 1
64386 1
64388 0
64401 1
64408 0
64422 0
64429 0
64433 0
64436 0
64448 1
64450 1
64451 1
64455 1
64468 1
64480 1
64487 0
64488 0
64497 1
64525 0
64527 1
64534 1
64537 0
64542 0
64556 1
64559 1
64564 1
64573 1
64576 1
64591 0
64605 1
64620 1
64622 1
64628 0
64630 0
64645 1
64658 0
64671 1
64683 1
64689 1
64690 0
64701 0
64712 1
64724 0
64732 0
64740 1
64753 0
64764 1
64779 1
64790 0
64795 0
64802 0
64810 0
64815 0
64822 1
64823 1
64832 0
64846 1
64859 0
64873 1
64885 0
64887 0
64901 1
64916 0
64925 0
64929 0
64937 1
64946 1
64951 0
64953 0
64964 0
64976 1
64991 1
64992 1
65005 1
65016 0
65031 0
65042 0
65043 0
65055 0
65064 0
65065 0
65070 0
65074 0
65089 1
65096 1
65104 1
65105 1
65120 1
65122 1
65134 0
65136 0
65143 1
65151 0
65157 0
65172 0
65178 0
65193 1
65196 0
65199 0
65200 0
65214 0
65220 1
65223 1
65237 1
65250 0
65263 0
65278 0
65280 1
65293 0
65300 0
65312 0
65316 0
65319 0
65326 0
65335 1
65339 1
65344 0
65353 0
65366 0
65373 1
65382 0
65395 0
65408 1
65417 1
65429 1
65431 0
65436 1
65442 0
65445 0
65450 1
65458 1
65470 0
65479 0
65494 0
65506 0
65509 1
65524 1
65531 1
65537 0
65544 0
65548 1
65559 0
65570 0
65572 1
65574 0
65587 1
65593 0
65622 0
65625 0
65640 0
65653 1
65664 0
65668 0
65673 1
65687 0
65690 1
65692 1
65694 0
65707 1
65715 1
65720 0
65724 1
65731 0
65738 1
65743 1
65747 1
65759 1
65774 1
65776 1
65790 1
65803 1
65809 1
65823 0
65824 1
65827 1
65829 0
65838 1
65842 1
65855 1
65859 1
65860 0
65874 1
65890 0
65894 1
65901 1
65916 0
65921 1
65924 1
65927 1
65929 0
65944 0
65955 1
65966 1
65972 1
65987 0
66000 1
66003 1
66018 0
66026 1
66032 1
66047 1
66056 1
66061 1
66065 0
66076 0
66077 0
66091 1
66094 1
66098 0
66099 0
66118 0
66124 1
66136 0
66137 1
66142 1
66148 1
66161 1
66172 0
66173 0
66180 1
66184 1
66186 0
66191 1
66193 0
66202 0
66214 1
66222 1
66227 1
66238 0
66250 1
66261 0
66264 1
66265 1
66277 1
66284 1
66296 0
66302 0
66303 1
66317 0
66345 1
66351 0
66360 0
66369 1
66372 0
66376 0
66387 1
66391 0
66403 0
66408 0
66422 0
66434 1
66436 0
66450 1
66453 0
66466 0
66477 1
66488 1
66489 0
66500 0
66513 0
66515 0
66530 1
66539 0
66546 0
66557 1
66572 1
66576 0
66587 1
66593 1
66597 1
66609 1
66612 1
66627 1
66642 0
66657 0
66671 1
66684 1
66693 1
66699 1
66703 0
66706 0
66710 1
66722 0
66734 0
66748 1
66763 0
66767 1
66771 1
66776 1
66782 0
66794 0
66802 1
66822 0
66833 0
66839 0
66847 1
66850 1
66858 0
66861 1
66866 1
66875 0
66879 1
66880 0
66887 0
66888 1
66894 0
66895 0
66900 1
66904 0
66911 0
66922 1
66930 0
66939 1
66947 0
66951 0
66964 1
66977 1
66989 1
67001 0
67003 0
67010 1
67016 1
67024 1
67032 0
67047 1
67061 1
67063 1
67065 0
67080 0
67093 0
67104 0
67105 1
67107 0
67109 0
67121 0
67125 1
67126 1
67129 0
67141 1
67144 0
67157 0
67165 1
67169 1
67196 0
67208 1
67220 1
67234 0
67243 1
67258 1
67271 0
67286 0
67287 1
67295 1
67308 0
67310 1
67325 1
67340 1
67355 0
67369 1
67378 0
67385 1
67387 1
67394 0
67402 0
67403 0
67412 1
67425 0
67437 0
67439 1
67451 1
67452 1
67463 1
67468 0
67481 0
67493 1
67505 0
67519 0
67523 1
67531 0
67552 1
67566 1
67572 1
67581 1
67584 1
67588 0
67601 0
67610 0
67616 1
67625 1
67629 1
67632 0
67638 0
67644 1
67658 1
67659 1
67662 1
67665 1
67679 1
67680 0
67682 1
67687 0
67713 0
67719 0
67723 1
67724 1
67730 0
67735 1
67750 1
67759 1
67762 0
67773 0
67782 0
67787 0
67794 0
67805 1
67816 1
67828 1
67830 1
67838 1
67849 0
67863 1
67875 0
67888 0
67903 0
67918 0
67921 1
67933 1
67942 0
67948 1
67978 1
67981 0
67994 1
68000 0
68003 0
68009 0
68012 0
68020 0
68028 1
68036 1
68040 1
68049 1
68052 1
68057 1
68065 1
68079 0
68091 0
68104 1
68113 0
68115 1
68127 0
68130 0
68133 1
68136 0
68140 1
68141 1
68155 0
68162 1
68164 0
68176 0
68182 1
68189 0
68210 0
68223 0
68230 0
68232 1
68236 1
68241 0
68244 1
68246 1
68260 0
68263 0
68266 1
68281 0
68289 0
68300 0
68312 1
68316 0
68318 0
68327 1
68330 0
68344 0
68361 0
68370 0
68373 1
68386 1
68391 1
68403 1
68411 1
68426 1
68431 1
68434 1
68443 1
68446 0
68458 0
68472 1
68483 1
68484 0
68492 1
68499 0
68511 0
68524 0
68525 0
68537 0
68544 0
68548 0
68557 0
68566 0
68578 1
68579 0
68592 1
68601 0
68607 0
68610 1
68625 1
68626 0
68631 1
68632 1
68641 0
68645 1
68658 0
68665 0
68671 1
68690 1
68699 0
68707 1
68711 0
68724 0
68739 0
68743 1
68745 1
68756 1
68767 1
68781 0
68785 1
68790 1
68793 0
68799 1
68802 0
68815 1
68826 1
68832 0
68839 1
68859 1
68868 1
68877 1
68885 1
68893 1
68902 0
68909 0
68911 1
68926 1
68927 1
68942 1
68946 1
68949 1
68958 0
68966 0
68972 1
68999 0
69003 0
69010 1
69022 1
69029 1
69036 0
69045 0
69046 1
69047 0
69052 0
69067 1
69081 1
69088 0
69103 1
69105 0
69108 0
69110 1
69124 1
69142 1
69143 1
69145 1
69156 0
69160 0
69165 1
69172 0
69178 1
69185 1
69189 0
69198 1
69213 0
69218 1
69226 0
69238 0
69253 1
69261 1
69276 0
69288 1
69295 1
69299 0
69302 0
69304 0
69308 1
69323 1
69338 1
69352 1
69353 1
69356 0
69358 0
69370 1
69377 1
69389 1
69396 1
69405 0
69410 1
69425 0
69430 1
69444 1
69447 1
69448 0
69460 0
69462 0
69475 0
69487 1
69500 0
69514 1
69521 1
69524 1
69528 1
69533 1
69539 0
69542 0
69544 1
69546 0
69551 1
69560 0
69580 1
69587 1
69595 1
69602 1
69615 1
69630 1
69634 0
69641 0
69650 1
69658 0
69659 0
69663 0
69664 0
69676 0
69683 0
69698 1
69700 1
69707 1
69711 0
69714 0
69726 1
69732 0
69735 1
69740 1
69744 0
69752 0
69753 0
69759 1
69774 0
69789 1
69793 0
69794 1
69798 0
69812 1
69819 0
69828 1
69840 1
69854 1
69865 1
69878 1
69884 0
69893 0
69894 0
69895 1
69908 0
69920 0
69928 1
69929 1
69934 1
69937 0
69941 1
69950 1
69964 1
69966 1
69975 0
69981 1
69989 1
70003 0
70017 0
70032 0
70047 1
70053 1
70066 0
70067 1
70072 0
70076 0
70080 1
70094 0
70109 1
70121 1
70127 1
70138 1
70142 1
70150 0
70165 1
70178 1
70179 1
70181 1
70186 1
70194 1
70195 0
70202 1
70217 0
70222 0
70223 0
70229 0
70233 1
70246 0
70255 0
70261 0
70269 0
70282 0
70290 1
70294 1
70307 1
70313 1
70320 1
70331 1
70337 1
70349 0
70361 0
70374 0
70388 0
70400 0
70407 1
70421 0
70435 0
70448 1
70451 1
70460 0
70468 0
70474 1
70489 0
70494 0
70495 1
70496 1
70509 0
70529 1
70538 0
70546 0
70551 1
70560 0
70568 0
70573 1
70584 1
70596 0
70597 1
70604 1
70618 1
70627 1
70633 1
70636 0
70644 1
70647 0
70659 1
70663 0
70671 1
70686 1
70694 1
70703 0
70705 0
70719 0
70725 1
70740 0
70754 0
70756 1
70769 0
70782 1
70786 0
70798 0
70813 1
70817 1
70832 0
70840 0
70851 0
70852 1
70867 1
70878 1
70889 0
70893 0
70897 0
70902 0
70906 1
70921 0
70934 0
70937 0
70941 1
70949 1
70961 0
70968 1
70985 0
70993 0
71001 0
71004 0
71009 0
71018 0
71030 0
71033 0
71048 0
71060 0
71062 1
71069 1
71073 1
71088 1
71100 1
71102 1
71111 0
71124 1
71133 0
71147 0
71162 0
71164 1
71177 1
71180 0
71191 0
71206 0
71207 0
71218 1
71221 1
71235 0
71237 1
71250 0
71252 1
71256 0
71271 1
71286 1
71295 1
71309 1
71310 1
71324 0
71325 1
71327 0
71331 1
71346 0
71358 1
71367 1
71373 1
71386 1
71399 0
71401 0
71407 0
71409 0
71420 1
71427 1
71441 1
71444 1
71452 0
71456 0
71460 1
71463 0
71468 1
71481 0
71488 0
71493 0
71499 0
71505 0
71510 0
71512 0
71524 0
71535 1
71542 1
71554 0
71568 1
71571 1
71578 0
71586 0
71594 0
71596 1
71608 0
71622 0
71637 1
71644 0
71655 0
71657 0
71661 0
71669 1
71674 1
71676 0
71691 0
71694 1
71696 1
71710 1
71716 0
71728 0
71742 1
71745 0
71754 0
71765 1
71778 1
71792 1
71800 0
71801 1
71813 1
71824 0
71830 0
71838 0
71847 1
71854 0
71866 1
71874 0
71879 1
71891 0
71900 0
71915 0
71923 0
71924 1
71926 0
71930 0
71936 1
71949 1
71952 0
71955 0
71977 0
71980 1
71994 0
72005 0
72009 1
72013 0
72024 1
72029 1
72033 0
72048 0
72053 0
72068 0
72079 0
72088 0
72101 1
72105 0
72106 1
72118 1
72121 0
72134 1
72141 1
72148 0
72154 1
72166 1
72174 1
72189 1
72197 0
72201 0
72202 1
72204 0
72217 0
72222 0
72233 1
72240 1
72252 0
72267 0
72273 0
72288 0
72303 1
72310 1
72321 0
72332 1
72333 1
72341 1
72352 1
72367 0
72371 0
72384 0
72388 1
72395 0
72418 1
72426 0
72439 1
72441 1
72449 0
72462 0
72476 0
72487 1
72500 1
72505 1
72508 0
72522 0
72526 1
72541 1
72553 0
72561 0
72566 0
72569 0
72573 0
72575 1
72584 1
72599 1
72612 0
72614 0
72628 0
72640 1
72649 0
72655 0
72668 1
72672 1
72687 0
72699 0
72714 1
72729 0
72732 1
72738 1
72752 1
72757 0
72766 0
72768 1
72771 1
72782 1
72797 0
72803 0
72808 0
72817 1
72819 1
72833 0
72836 0
72851 1
72866 1
72879 1
72893 0
72900 0
72912 0
72927 0
72942 0
72950 0
72962 0
72970 1
72985 0
72986 1
72997 1
72998 0
72999 1
73004 1
73012 0
73027 0
73035 0
73043 1
73048 1
73049 0
73061 1
73065 1
73066 0
73071 0
73082 0
73083 1
73085 0
73092 1
73104 1
73116 0
73123 1
73125 0
73134 0
73136 0
73143 1
73154 0
73177 0
73185 0
73197 1
73200 1
73205 1
73217 1
73222 0
73233 0
73238 0
73243 1
73252 0
73261 0
73272 1
73274 0
73275 0
73289 0
73293 1
73306 1
73321 1
73327 1
73338 0
73350 0
73363 0
73376 0
73377 1
73385 0
73391 1
73392 1
73398 1
73402 0
73404 0
73407 0
73410 0
73423 1
73429 0
73432 1
73446 0
73447 1
73459 1
73467 0
73480 1
73489 0
73496 1
73504 0
73515 0
73520 0
73531 1
73546 1
73558 0
73563 1
73577 1
73586 0
73598 1
73601 0
73604 0
73615 1
73630 1
73639 1
73641 1
73646 1
73661 1
73664 1
73671 1
73674 0
73687 0
73694 1
73696 1
73701 1
73704 1
73709 0
73713 1
73727 1
73730 1
73732 0
73744 0
73747 1
73750 1
73764 0
73765 1
73776 0
73778 1
73783 1
73792 0
73806 1
73820 0
73828 0
73843 1
73858 1
73866 0
73880 0
73885 1
73899 1
73907 0
73912 1
73913 1
73921 0
73936 1
73937 1
73944 0
73964 1
73967 1
73982 0
73987 1
73991 0
74005 1
74007 1
74009 1
74017 0
74023 0
74035 1
74036 1
74047 0
74059 1
74066 1
74074 0
74087 1
74102 1
74105 1
74116 1
74129 1
74140 1
74147 1
74153 0
74156 1
74165 0
74188 0
74194 1
74195 1
74200 1
74205 1
74208 1
74220 0
74232 1
74244 1
74251 1
74256 0
74285 0
74298 1
74305 0
74310 1
74325 1
74338 0
74353 0
74362 1
74364 1
74377 1
74379 1
74380 0
74383 1
74394 0
74396 0
74409 0
74423 0
74427 1
74432 0
74438 1
74467 0
74472 1
74485 0
74493 1
74504 0
74511 1
74525 0
74549 0
74563 1
74576 1
74578 1
74590 0
74594 0
74598 0
74613 1
74617 0
74631 1
74646 0
74654 0
74659 1
74672 1
74686 1
74700 1
74703 0
74707 1
74716 0
74725 0
74738 0
74749 1
74752 1
74756 0
74760 1
74775 0
74784 0
74789 1
74796 0
74800 0
74807 0
74819 1
74823 0
74827 1
74836 1
74837 1
74840 0
74852 1
74853 1
74861 1
74865 1
74876 0
74885 0
74896 1
74897 0
74909 0
74914 1
74915 0
74929 1
74937 0
74950 0
74955 1
74966 1
74968 1
74982 0
74996 1
74997 0
75010 1
75024 0
75029 0
75030 0
75041 1
75052 1
75056 0
75067 0
75070 1
75073 1
75081 0
75092 1
75106 0
75113 0
75122 0
75128 0
75139 0
75142 1
75155 0
75170 0
75175 1
75179 1
75204 0
75208 1
75223 1
75234 0
75243 1
75252 1
75258 1
75271 1
75274 0
75289 1
75294 1
75299 0
75306 1
75319 1
75320 1
75327 1
75328 1
75340 0
75346 1
75357 1
75371 0
75373 1
75380 0
75384 1
75392 0
75396 1
75407 1
75419 0
75437 0
75443 0
75458 1
75472 0
75483 1
75484 1
75486 1
75492 0
75520 1
75528 1
75537 1
75548 0
75552 0
75566 1
75572 0
75587 1
75598 1
75606 0
75614 1
75629 0
75642 1
75654 0
75668 0
75675 0
75688 0
75700 0
75704 1
75711 0
75726 0
75737 0
75748 0
75749 0
75750 0
75762 0
75769 0
75781 1
75796 1
75802 0
75817 1
75829 0
75834 0
75837 0
75843 0
75845 0
75849 1
75862 0
75877 0
75884 1
75893 0
75908 0
75923 1
75935 1
75942 0
75956 1
75970 1
75985 1
75992 1
76007 0
76020 1
76031 0
76042 1
76051 1
76055 1
76066 1
76080 1
76087 1
76100 1
76102 0
76115 0
76124 1
76131 0
76140 1
76170 1
76172 1
76185 0
76187 1
76193 0
76204 0
76210 0
76218 0
76225 1
76236 1
76238 0
76244 0
76258 1
76271 0
76273 1
76280 0
76292 1
76306 1
76315 0
76324 0
76338 0
76341 1
76356 1
76363 0
76377 1
76391 1
76406 1
76412 0
76419 1
76430 0
76445 1
76450 0
76465 0
76467 0
76479 1
76485 0
76492 1
76500 1
76513 0
76520 0
76524 1
76526 0
76528 0
76530 1
76535 0
76544 0
76548 1
76553 1
76568 1
76577 1
76592 0
76593 0
76608 1
76611 0
76617 1
76622 0
76633 0
76648 0
76652 0
76653 0
76660 0
76672 1
76681 0
76684 0
76686 0
76700 0
76706 1
76714 1
76727 1
76739 1
76741 1
76743 1
76754 1
76755 1
76757 0
76768 0
76770 1
76773 1
76774 1
76783 0
76792 1
76794 1
76806 0
76819 1
76827 1
76838 0
76851 1
76859 0
76870 1
76883 1
76890 1
76901 1
76904 1
76917 0
76924 0
76937 1
76940 0
76951 0
76954 0
76962 0
76969 0
76974 0
76981 1
76989 0
76995 1
76998 1
77007 1
77022 0
77027 0
77034 1
77041 0
77042 0
77050 0
77055 1
77069 1
77082 1
77084 1
77099 1
77110 1
77112 1
77113 0
77121 1
77125 0
77132 0
77135 1
77146 0
77155 1
77169 1
77180 1
77184 0
77186 1
77200 0
77212 1
77215 1
77227 1
77235 1
77247 1
77262 0
77275 0
77288 1
77293 0
77315 1
77327 0
77341 1
77355 1
77367 0
77368 0
77372 0
77387 0
77396 0
77399 0
77411 1
77418 0
77426 1
77440 1
77442 0
77448 0
77453 1
77464 0
77479 1
77481 0
77496 0
77499 0
77505 0
77513 0
77519 0
77521 0
77529 0
77540 1
77541 1
77547 0
77550 0
77563 1
77569 0
77580 1
77582 0
77586 1
77594 0
77607 0
77614 1
77618 1
77623 1
77629 0
77657 1
77665 1
77667 0
77671 1
77676 0
77679 1
77681 1
77685 1
77700 1
77704 0
77706 0
77707 1
77719 0
77730 0
77738 0
77742 0
77747 1
77750 0
77763 1
77777 0
77792 0
77805 0
77814 1
77823 1
77828 1
77836 1
77840 1
77851 1
77866 0
77881 0
77886 0
77891 0
77897 1
77902 0
77910 0
77914 1
77928 1
77935 0
77939 1
77944 0
77957 0
77961 0
77962 0
77970 1
77976 0
77977 0
77983 1
77988 1
78002 0
78008 1
78016 1
78018 1
78022 1
78030 0
78048 1
78055 0
78060 1
78071 1
78083 0
78087 0
78093 0
78107 1
78120 0
78132 0
78140 1
78149 0
78158 0
78172 0
78180 1
78194 1
78197 1
78204 1
78209 0
78216 0
78223 0
78232 1
78246 1
78252 0
78273 1
78288 1
78293 0
78296 0
78305 1
78316 1
78323 1
78334 1
78339 0
78345 1
78347 0
78353 0
78357 0
78364 1
78370 1
78372 1
78385 0
78389 0
78400 0
78401 0
78402 0
78405 1
78416 0
78423 1
78430 1
78446 0
78457 1
78460 0
78469 1
78482 1
78487 1
78498 1
78504 0
78515 1
78517 1
78520 1
78522 1
78537 1
78550 1
78562 0
78576 1
78587 1
78592 1
78594 1
78596 1
78603 0
78615 1
78622 0
78634 1
78637 1
78646 1
78660 1
78673 1
78680 1
78695 0
78703 1
78708 1
78709 1
78711 1
78716 0
78744 0
78753 1
78768 0
78782 1
78788 1
78799 1
78807 0
78816 1
78825 0
78840 1
78853 0
78868 1
78877 0
78890 1
78892 0
78901 0
78906 0
78912 1
78918 1
78921 0
78926 1
78932 1
78939 1
78952 1
78957 0
78966 0
78968 0
78982 1
78995 1
78997 1
79012 0
79013 0
79028 0
79037 1
79050 0
79063 1
79067 1
79078 0
79081 1
79082 0
79093 0
79108 0
79121 0
79135 0
79139 1
79143 0
79158 1
79161 1
79168 1
79171 0
79185 0
79199 0
79207 0
79218 0
79223 1
79231 1
79246 0
79259 1
79263 0
79268 0
79274 0
79283 0
79297 1
79312 0
79320 1
79331 0
79345 1
79352 0
79357 0
79359 0
79364 1
79373 1
79380 0
79384 0
79393 0
79406 0
79408 0
79423 0
79427 1
79436 0
79449 0
79463 1
79470 0
79497 1
79508 0
79521 0
79526 1
79533 0
79547 1
79556 1
79570 0
79578 0
79593 0
79595 1
79600 0
79607 1
79622 0
79633 0
79638 1
79641 1
79647 0
79661 0
79667 1
79676 1
79688 0
79693 0
79706 1
79720 1
79721 1
79725 0
79732 0
79739 1
79740 1
79751 1
79760 0
79766 1
79772 0
