9736
2 1
13 1
15 1
27 1
39 1
41 1
56 0
65 1
69 1
81 1
88 1
95 1
101 0
113 1
124 0
138 0
144 0
158 0
166 1
187 0
198 1
213 0
217 0
226 0
229 0
240 0
243 1
246 1
252 0
253 0
266 1
281 0
296 0
311 0
314 0
316 1
330 1
333 1
344 0
345 1
357 1
361 0
368 0
376 0
381 0
387 0
389 0
404 0
407 0
422 0
427 0
428 0
429 1
435 0
449 1
450 1
465 0
472 1
487 0
491 1
500 0
508 1
512 0
523 0
535 0
543 1
546 1
552 0
561 1
563 0
572 0
576 1
577 1
604 1
606 1
621 1
625 0
630 1
642 0
644 0
659 0
668 1
682 0
686 1
693 0
699 0
704 1
713 0
727 0
728 1
741 1
742 0
744 1
758 0
772 0
778 1
789 0
801 0
809 1
824 0
825 0
837 0
849 0
853 1
858 0
866 0
881 1
889 1
891 1
905 0
908 0
917 1
933 0
948 1
962 0
974 1
980 1
989 1
1004 0
1011 1
1018 0
1025 1
1033 0
1042 0
1049 0
1056 0
1069 1
1072 1
1079 0
1093 1
1102 0
1104 0
1119 0
1133 1
1138 1
1151 1
1163 1
1170 1
1182 0
1187 1
1205 1
1218 1
1222 0
1230 0
1233 1
1237 0
1242 1
1249 1
1256 1
1271 0
1275 0
1280 1
1283 0
1288 1
1290 1
1294 0
1299 0
1324 1
1327 1
1333 1
1336 0
1349 0
1356 1
1367 1
1382 1
1389 0
1400 1
1414 1
1428 0
1431 0
1438 1
1463 0
1466 1
1474 0
1482 1
1483 1
1492 0
1507 0
1513 0
1524 1
1539 0
1553 0
1567 1
1582 1
1591 1
1606 1
1612 0
1613 0
1620 1
1629 0
1637 1
1652 1
1664 0
1676 1
1689 1
1695 0
1700 1
1711 0
1712 0
1726 1
1752 0
1767 0
1780 0
1788 0
1794 1
1805 1
1818 1
1820 1
1826 0
1833 0
1844 1
1856 0
1867 0
1878 0
1893 0
1896 1
1909 0
1915 0
1920 0
1921 0
1932 0
1944 0
1953 0
1959 0
1963 1
1964 1
1978 1
1983 0
2011 1
2014 0
2020 1
2023 0
2026 0
2033 1
2038 1
2039 1
2047 1
2055 1
2067 0
2080 0
2091 1
2105 0
2112 1
2120 0
2133 0
2144 0
2151 1
2165 0
2173 0
2177 1
2189 1
2203 0
2216 1
2229 1
2231 0
2233 1
2242 1
2243 1
2249 1
2260 0
2263 1
2274 1
2283 0
2292 1
2295 1
2306 0
2309 0
2317 1
2332 1
2346 0
2353 0
2366 0
2374 0
2375 1
2379 0
2392 1
2400 1
2415 0
2426 1
2431 0
2450 1
2464 1
2475 1
2489 0
2494 0
2500 1
2501 1
2515 0
2522 1
2527 1
2541 0
2544 0
2550 0
2563 1
2568 0
2575 1
2582 0
2596 1
2598 0
2604 0
2613 1
2629 1
2640 0
2654 1
2663 0
2668 1
2680 0
2695 1
2700 1
2715 0
2730 0
2735 1
2748 0
2763 1
2764 0
2777 1
2782 0
2784 0
2789 1
2795 1
2796 0
2811 0
2826 1
2838 1
2850 0
2864 0
2879 0
2893 0
2907 0
2908 1
2914 1
2915 0
2922 0
2928 0
2943 1
2949 0
2956 0
2957 1
2959 0
2970 0
2983 1
2985 0
2999 0
3006 1
3017 1
3031 0
3039 1
3044 0
3058 0
3067 1
3076 0
3085 1
3096 0
3100 0
3105 1
3113 0
3117 1
3130 1
3141 0
3145 1
3160 0
3172 1
3184 1
3192 0
3200 1
3208 0
3217 0
3221 1
3223 1
3251 1
3256 1
3262 0
3264 0
3275 1
3283 0
3298 1
3304 0
3309 1
3324 1
3337 0
3349 1
3355 0
3360 0
3363 1
3365 0
3378 0
3384 1
3392 0
3398 0
3413 0
3422 1
3434 0
3436 1
3440 0
3444 1
3457 0
3476 1
3490 0
3501 1
3504 0
3509 1
3513 0
3515 1
3522 1
3527 1
3528 0
3535 1
3540 1
3555 1
3558 0
3563 1
3569 1
3576 0
3591 0
3594 0
3608 1
3615 0
3617 1
3623 0
3631 0
3639 0
3651 1
3656 1
3664 1
3667 0
3668 0
3675 0
3681 0
3682 0
3683 1
3697 1
3704 1
3712 0
3716 1
3719 0
3730 0
3731 1
3744 0
3752 0
3759 0
3771 0
3779 0
3784 1
3798 1
3800 0
3806 1
3813 1
3815 1
3821 1
3823 0
3825 0
3830 0
3835 0
3839 1
3848 0
3857 1
3870 1
3872 0
3887 0
3895 0
3902 0
3909 1
3911 0
3917 0
3930 1
3943 1
3945 0
3956 1
3968 0
3976 0
3982 0
3997 0
4012 0
4027 1
4039 1
4046 1
4061 1
4076 1
4079 0
4084 1
4095 0
4098 0
4102 1
4114 1
4125 1
4140 1
4143 1
4147 1
4159 1
4174 0
4181 0
4195 0
4200 0
4213 1
4218 1
4219 1
4226 1
4233 1
4246 0
4260 1
4265 0
4266 0
4279 1
4281 1
4288 0
4293 0
4302 0
4309 1
4328 1
4337 1
4341 0
4354 0
4367 1
4379 1
4390 0
4396 1
4408 0
4413 1
4415 1
4419 1
4425 1
4433 0
4444 1
4452 1
4467 1
4475 1
4478 0
4484 0
4493 1
4496 1
4508 0
4519 1
4530 1
4542 1
4550 0
4554 0
4566 0
4571 0
4584 0
4590 0
4601 0
4604 1
4607 1
4612 0
4619 1
4623 1
4634 0
4647 0
4661 0
4673 0
4688 0
4689 1
4702 1
4704 0
4715 0
4726 1
4740 0
4754 1
4766 1
4773 1
4780 1
4781 1
4790 1
4798 1
4813 1
4822 1
4831 0
4844 0
4856 1
4867 0
4882 0
4896 1
4897 0
4911 0
4924 0
4933 0
4939 0
4943 1
4956 0
4964 0
4965 1
4979 1
4990 0
5005 0
5007 1
5008 1
5011 0
5012 0
5021 0
5026 1
5040 1
5047 1
5060 1
5071 1
5077 1
5089 1
5102 0
5109 1
5113 1
5127 1
5142 0
5149 1
5155 1
5167 1
5182 0
5193 1
5201 1
5207 0
5222 0
5234 1
5239 1
5246 1
5255 0
5269 1
5271 0
5272 1
5280 1
5284 0
5298 1
5309 1
5323 1
5332 1
5340 1
5345 1
5356 0
5359 0
5362 1
5364 1
5375 1
5376 0
5388 0
5393 0
5402 1
5406 1
5410 1
5421 1
5422 0
5424 0
5428 1
5432 0
5441 1
5447 1
5456 0
5465 0
5469 0
5472 0
5483 0
5485 0
5496 0
5499 0
5511 0
5524 1
5535 1
5550 0
5555 0
5558 1
5561 0
5564 0
5570 0
5577 0
5580 0
5589 1
5607 1
5616 1
5619 0
5633 0
5639 1
5644 1
5646 1
5650 1
5659 0
5673 0
5687 1
5700 1
5715 0
5729 0
5734 0
5745 0
5747 0
5760 0
5766 1
5768 1
5783 0
5790 0
5796 1
5804 0
5819 1
5833 0
5835 0
5849 1
5861 0
5869 1
5882 0
5888 1
5903 1
5906 0
5920 0
5926 0
5934 0
5936 0
5945 1
5952 0
5965 1
5967 1
5979 0
5982 1
5987 1
5998 1
6007 0
6012 1
6015 1
6024 0
6039 0
6047 0
6050 0
6063 0
6070 0
6078 0
6080 0
6093 1
6107 0
6113 0
6122 0
6134 0
6146 0
6150 1
6154 0
6159 1
6167 1
6173 0
6179 0
6180 1
6192 1
6205 0
6218 0
6220 1
6229 0
6242 0
6248 0
6254 1
6260 1
6263 0
6268 0
6282 1
6288 0
6296 1
6299 1
6311 1
6322 0
6323 1
6324 1
6333 0
6341 1
6348 0
6357 1
6378 0
6393 1
6405 0
6419 1
6434 1
6447 1
6450 0
6452 0
6468 0
6475 0
6489 1
6496 0
6508 1
6513 1
6525 0
6532 0
6543 0
6544 0
6557 0
6566 1
6579 0
6593 0
6608 1
6609 1
6624 0
6638 0
6653 1
6665 0
6676 1
6688 0
6689 0
6694 0
6707 1
6711 0
6724 0
6735 1
6741 1
6750 0
6755 0
6762 0
6766 1
6779 0
6805 0
6808 0
6816 1
6824 0
6836 1
6841 0
6854 0
6855 0
6870 1
6881 0
6888 0
6889 0
6893 1
6895 1
6907 0
6908 0
6912 0
6917 1
6931 0
6934 1
6944 1
6953 0
6959 1
6968 0
6976 0
6990 0
6996 1
7002 0
7014 1
7027 0
7032 1
7045 0
7048 0
7051 1
7066 0
7069 0
7073 1
7088 0
7097 0
7110 0
7117 0
7130 1
7144 0
7151 1
7163 0
7176 0
7178 1
7181 1
7195 0
7200 0
7205 0
7206 1
7214 0
7228 1
7234 0
7236 0
7239 1
7253 0
7265 0
7277 1
7283 1
7295 1
7297 1
7298 0
7313 1
7324 0
7333 0
7338 0
7343 1
7373 1
7385 1
7394 0
7397 0
7406 0
7415 1
7429 1
7442 1
7457 1
7471 0
7478 0
7482 0
7484 1
7487 0
7498 0
7503 0
7514 0
7520 1
7522 1
7523 0
7528 0
7531 0
7536 0
7547 0
7551 1
7555 1
7562 0
7569 1
7583 0
7588 0
7596 1
7607 0
7611 0
7618 0
7631 1
7636 0
7637 0
7644 1
7655 0
7658 0
7673 1
7677 1
7686 1
7687 0
7695 1
7707 1
7721 0
7736 0
7751 0
7759 0
7760 0
7771 0
7779 1
7787 0
7796 0
7802 1
7809 1
7815 1
7823 0
7831 0
7845 0
7858 1
7869 0
7874 0
7885 0
7894 1
7899 1
7910 0
7915 0
7926 0
7938 1
7947 1
7962 0
7964 0
7978 1
7980 0
7989 0
7993 1
8002 1
8006 0
8008 1
8012 1
8020 1
8022 0
8025 1
8037 1
8039 0
8045 0
8049 1
8064 0
8076 1
8082 0
8091 0
8093 0
8107 1
8111 0
8115 0
8124 0
8129 1
8135 1
8143 1
8144 0
8152 0
8155 0
8168 1
8170 0
8177 1
8182 0
8189 0
8204 0
8219 1
8223 1
8238 1
8253 1
8254 0
8265 0
8266 1
8278 0
8280 1
8289 1
8291 1
8298 0
8303 1
8306 1
8319 0
8333 0
8344 1
8352 0
8358 0
8360 1
8362 0
8373 0
8378 0
8391 0
8405 1
8419 0
8434 1
8446 1
8458 0
8463 0
8467 1
8468 0
8469 1
8473 0
8481 1
8496 0
8509 1
8521 0
8532 0
8540 0
8549 0
8561 0
8564 1
8577 1
8584 1
8587 1
8602 0
8603 1
8609 1
8611 1
8618 1
8627 1
8632 1
8638 1
8651 0
8657 1
8670 0
8674 1
8688 1
8692 0
8701 1
8705 0
8716 0
8719 0
8722 1
8734 0
8741 1
8755 1
8758 1
8771 1
8777 1
8785 0
8790 0
8793 0
8802 1
8809 1
8823 0
8836 0
8841 1
8849 1
8861 1
8868 1
8883 0
8892 0
8895 1
8910 0
8917 1
8931 0
8935 0
8948 1
8953 0
8957 0
8966 1
8977 1
8984 0
8990 1
9005 1
9013 0
9021 1
9028 1
9043 0
9045 0
9052 1
9063 1
9078 0
9093 0
9101 1
9124 1
9133 0
9136 1
9151 1
9156 0
9158 1
9165 1
9178 1
9184 1
9190 1
9192 0
9193 0
9194 0
9201 1
9202 1
9209 0
9218 1
9222 0
9231 1
9243 0
9258 1
9260 0
9271 1
9283 0
9295 1
9298 1
9311 1
9314 1
9322 1
9337 1
9343 0
9346 0
9366 0
9374 1
9377 1
9379 1
9382 1
9389 0
9401 0
9413 0
9424 0
9436 0
9447 0
9448 0
9453 1
9460 1
9464 0
9465 0
9469 1
9471 1
9486 1
9492 1
9504 1
9507 0
9515 0
9516 1
9521 1
9533 1
9535 0
9537 0
9552 0
9553 1
9557 0
9568 1
9576 0
9590 0
9602 1
9603 0
9617 0
9620 1
9621 1
9626 0
9634 1
9635 1
9649 1
9657 0
9674 0
9681 0
9688 1
9697 1
9712 0
9719 1
9728 1
9736 1
9744 0
9747 1
9751 0
9766 1
9780 1
9792 0
9805 1
9817 0
9829 1
9833 0
9840 1
9855 0
9868 1
9875 1
9889 0
9893 1
9895 0
9897 1
9899 1
9913 1
9920 1
9929 1
9930 0
9932 1
9945 1
9947 0
9948 1
9960 1
9961 0
9969 0
9971 0
9972 0
9983 1
9985 0
9986 0
9994 1
10007 1
10012 1
10014 1
10028 0
10030 1
10042 0
10056 1
10059 1
10060 0
10071 0
10080 1
10085 1
10091 1
10105 0
10114 1
10122 1
10131 0
10143 0
10157 1
10165 0
10169 0
10172 0
10174 1
10185 1
10194 1
10205 1
10211 0
10212 1
10217 1
10223 1
10228 1
10231 0
10245 1
10260 0
10273 1
10285 0
10298 0
10305 1
10314 1
10321 0
10323 0
10330 1
10337 1
10352 1
10366 0
10372 0
10373 1
10375 1
10390 1
10402 1
10417 0
10425 0
10440 0
10443 1
10457 0
10463 1
10475 0
10481 1
10486 1
10487 1
10488 0
10489 1
10493 1
10502 1
10506 1
10508 0
10509 0
10522 1
10535 1
10542 1
10546 0
10548 1
10551 0
10557 0
10561 1
10572 0
10593 0
10600 0
10603 0
10618 1
10632 1
10633 1
10645 0
10653 1
10660 1
10666 1
10680 0
10691 1
10704 1
10706 1
10721 0
10736 1
10741 1
10750 0
10776 1
10784 1
10798 1
10806 0
10824 0
10832 1
10843 0
10858 0
10872 0
10875 0
10886 1
10895 1
10906 0
10917 1
10926 0
10929 1
10940 0
10941 0
10950 0
10954 0
10965 0
10966 0
10980 1
10992 1
10997 0
11005 0
11016 0
11029 0
11031 0
11044 0
11046 0
11061 0
11076 0
11091 0
11099 0
11105 0
11114 0
11120 1
11148 0
11159 0
11162 1
11163 0
11176 0
11187 1
11208 0
11213 0
11218 1
11221 1
11225 1
11227 0
11233 1
11247 1
11248 0
11253 1
11260 0
11276 1
11280 0
11281 0
11293 1
11294 1
11301 0
11302 0
11306 0
11332 0
11343 0
11350 0
11352 0
11356 1
11369 1
11370 1
11383 1
11387 0
11391 1
11404 0
11406 1
11415 0
11422 0
11427 1
11433 0
11444 0
11452 1
11458 1
11464 1
11476 1
11488 1
11496 1
11497 0
11499 1
11506 0
11512 1
11527 1
11533 0
11535 0
11553 0
11556 1
11571 0
11582 0
11597 1
11605 1
11611 0
11619 1
11633 1
11646 1
11654 0
11655 1
11658 1
11665 1
11674 1
11682 0
11695 1
11709 1
11710 0
11721 1
11722 1
11725 0
11733 1
11747 0
11753 0
11759 1
11760 1
11761 0
11762 0
11769 1
11777 0
11788 1
11799 1
11802 1
11815 1
11817 0
11830 1
11838 1
11853 0
11858 0
11861 1
11874 0
11890 1
11904 0
11918 1
11924 0
11933 1
11942 1
11943 1
11957 1
11968 0
11972 0
11986 1
12000 1
12004 1
12018 1
12027 1
12032 1
12035 1
12043 1
12051 1
12062 0
12076 0
12081 1
12083 0
12089 1
12091 0
12104 0
12123 1
12132 1
12137 1
12141 0
12155 1
12166 0
12172 0
12185 1
12200 1
12203 0
12206 1
12221 1
12241 0
12250 1
12252 1
12258 1
12273 0
12287 0
12292 1
12301 0
12310 0
12317 0
12328 0
12342 0
12350 1
12354 0
12357 0
12370 1
12376 1
12390 0
12404 0
12418 0
12430 1
12434 0
12439 0
12452 0
12458 0
12472 0
12474 0
12479 1
12509 0
12523 1
12525 1
12531 1
12539 0
12552 0
12563 0
12564 1
12579 1
12593 1
12607 1
12612 0
12628 0
12635 1
12647 0
12651 1
12666 1
12670 0
12684 1
12691 0
12700 1
12705 0
12712 0
12713 1
12721 1
12743 1
12752 0
12757 1
12764 1
12770 1
12779 0
12785 1
12799 1
12804 1
12813 1
12814 1
12815 1
12823 1
12834 0
12847 1
12848 1
12856 1
12865 0
12874 1
12880 1
12883 0
12885 0
12886 0
12888 1
12900 0
12915 0
12930 1
12937 1
12940 0
12953 0
12956 0
12963 1
12974 1
12976 0
12981 1
12992 0
13000 0
13004 0
13016 1
13031 1
13037 0
13049 1
13064 1
13079 1
13092 1
13105 1
13119 0
13131 0
13139 1
13154 0
13161 1
13166 0
13180 1
13195 0
13204 0
13208 0
13214 0
13222 0
13226 1
13231 1
13244 0
13251 0
13259 1
13262 0
13285 1
13298 0
13307 1
13309 0
13314 0
13330 1
13333 1
13334 0
13348 0
13362 1
13368 1
13376 0
13381 1
13383 0
13392 0
13403 1
13408 0
13415 0
13423 0
13431 1
13438 0
13439 0
13446 0
13461 1
13466 0
13478 0
13486 1
13497 1
13508 1
13510 1
13518 0
13527 1
13531 1
13546 0
13549 0
13553 1
13561 0
13568 0
13573 1
13577 0
13591 0
13600 1
13606 1
13618 0
13627 0
13635 0
13647 0
13654 1
13663 1
13668 1
13669 0
13670 1
13678 0
13681 1
13693 1
13697 1
13709 0
13715 1
13724 1
13739 1
13741 1
13744 1
13758 1
13767 0
13774 1
13779 0
13791 1
13802 1
13815 0
13829 1
13842 1
13846 1
13852 1
13856 0
13864 1
13876 1
13888 0
13900 0
13909 0
13916 0
13920 1
13933 1
13937 0
13951 1
13960 1
13968 0
13982 1
13987 0
13998 1
14000 0
14015 1
14027 1
14035 1
14043 1
14048 0
14065 1
14072 0
14079 0
14084 1
14088 1
14110 0
14115 0
14124 0
14126 0
14129 1
14141 1
14154 0
14159 1
14172 1
14183 0
14188 1
14202 0
14217 0
14228 1
14234 0
14241 1
14246 0
14257 0
14262 1
14273 0
14285 1
14300 0
14314 0
14323 0
14328 0
14329 1
14330 0
14338 0
14340 1
14347 1
14353 1
14357 0
14368 1
14370 1
14377 1
14389 1
14392 0
14405 0
14417 1
14422 1
14431 1
14439 0
14454 0
14466 0
14477 1
14490 0
14491 1
14503 0
14504 0
14519 0
14530 0
14537 0
14552 1
14563 1
14575 0
14578 0
14579 1
14583 1
14587 1
14594 0
14605 1
14611 1
14622 0
14634 0
14637 1
14648 0
14663 1
14668 0
14675 0
14688 1
14697 0
14705 1
14712 1
14726 0
14737 0
14744 0
14747 0
14761 0
14763 0
14778 0
14785 0
14797 0
14799 1
14802 1
14813 1
14814 0
14818 1
14821 1
14829 0
14832 1
14834 1
14837 0
14838 1
14849 0
14864 0
14875 1
14877 0
14882 1
14885 1
14900 1
14902 1
14910 0
14919 1
14928 1
14936 1
14943 0
14944 1
14957 0
14964 1
14966 0
14980 0
14983 0
14989 1
14995 0
14998 0
15012 0
15015 1
15028 0
15036 1
15043 0
15045 0
15059 1
15062 0
15076 0
15091 0
15096 1
15104 0
15112 1
15113 0
15124 1
15135 1
15141 1
15150 0
15153 1
15154 1
15157 0
15166 1
15180 1
15181 0
15182 0
15196 1
15203 0
15216 0
15231 0
15243 0
15254 0
15258 1
15267 1
15268 1
15279 0
15294 0
15299 0
15304 1
15305 0
15309 0
15324 0
15333 0
15348 0
15363 0
15369 1
15372 1
15376 1
15384 0
15397 1
15401 1
15409 1
15416 1
15423 1
15429 1
15436 1
15447 1
15460 0
15475 1
15483 0
15484 0
15496 1
15507 1
15520 0
15534 1
15538 0
15547 0
15561 0
15567 0
15578 1
15583 0
15587 1
15596 1
15608 1
15625 0
15639 0
15650 0
15651 1
15655 0
15659 1
15663 1
15667 1
15671 0
15686 0
15688 1
15703 1
15707 1
15710 0
15719 1
15732 1
15745 1
15754 0
15760 1
15773 0
15787 0
15798 0
15802 1
15803 1
15807 0
15815 1
15830 0
15834 0
15848 0
15853 0
15857 0
15868 1
15883 0
15889 0
15901 1
15904 0
15919 1
15932 1
15947 0
15949 1
15964 1
15967 0
15976 1
15978 1
15987 1
15995 1
16001 1
16015 0
16022 0
16035 0
16042 1
16046 1
16047 0
16059 1
16071 1
16080 1
16088 0
16101 1
16114 0
16123 1
16147 0
16154 1
16165 0
16174 0
16182 0
16183 1
16186 0
16199 1
16214 0
16222 1
16235 1
16236 1
16245 1
16252 0
16257 0
16270 1
16276 0
16289 0
16301 1
16302 1
16311 0
16324 1
16338 1
16339 1
16342 0
16346 0
16352 1
16366 1
16373 1
16384 1
16391 0
16398 1
16412 0
16418 1
16425 1
16436 1
16449 0
16450 0
16452 0
16459 0
16462 0
16476 1
16477 0
16480 0
16481 0
16492 0
16506 0
16514 0
16526 0
16540 1
16546 1
16547 0
16553 1
16554 0
16566 1
16575 0
16590 0
16597 0
16610 1
16613 0
16622 1
16627 1
16641 1
16649 1
16662 0
16670 0
16674 0
16685 0
16697 0
16703 1
16711 0
16716 0
16731 1
16740 0
16746 1
16748 1
16749 0
16755 0
16761 0
16767 0
16774 1
16782 0
16795 0
16798 0
16800 0
16814 1
16820 1
16825 0
16836 0
16844 1
16869 0
16876 0
16891 1
16893 1
16900 1
16912 0
16927 1
16932 0
16936 0
16938 0
16944 0
16956 1
16958 0
16967 1
16981 0
16985 0
16988 0
16996 1
17002 1
17017 0
17030 1
17034 1
17042 0
17049 1
17050 0
17053 0
17054 1
17068 1
17082 0
17088 0
17095 1
17100 0
17102 1
17103 1
17112 0
17114 1
17130 0
17131 1
17143 1
17154 1
17161 1
17163 1
17176 1
17177 0
17189 0
17195 1
17204 1
17213 1
17221 0
17234 0
17240 0
17244 0
17245 0
17258 1
17260 0
17266 0
17279 0
17290 0
17303 1
17315 1
17329 0
17344 0
17347 0
17355 1
17366 0
17369 1
17380 1
17384 1
17399 0
17413 0
17417 1
17419 0
17420 0
17423 1
17434 0
17441 0
17445 0
17459 0
17463 0
17476 1
17477 0
17492 0
17501 0
17508 1
17523 0
17529 0
17538 1
17553 0
17556 1
17565 0
17580 0
17592 0
17604 1
17609 0
17623 0
17629 1
17644 1
17653 1
17664 1
17679 1
17693 0
17695 1
17710 0
17719 1
17731 1
17739 1
17748 1
17756 1
17763 0
17777 1
17792 1
17805 0
17819 0
17824 0
17829 0
17841 1
17855 0
17866 1
17872 1
17884 1
17897 0
17900 0
17905 0
17909 0
17910 0
17919 0
17933 0
17937 0
17951 1
17957 0
17960 1
17971 0
17984 1
17991 1
17993 1
18000 1
18013 0
18014 0
18020 0
18024 0
18031 1
18042 1
18057 1
18060 1
18075 0
18089 1
18101 1
18112 0
18113 0
18124 0
18125 0
18131 1
18142 1
18146 0
18155 1
18159 1
18168 1
18181 1
18189 1
18195 0
18204 0
18205 0
18214 1
18222 0
18237 0
18246 1
18248 0
18262 0
18271 0
18276 1
18299 1
18302 0
18313 0
18316 0
18319 0
18334 1
18342 0
18343 1
18347 0
18352 1
18356 0
18371 0
18384 0
18390 1
18402 1
18409 1
18410 0
18411 1
18425 0
18431 1
18438 0
18446 0
18461 1
18475 1
18477 0
18489 0
18502 1
18507 0
18509 1
18522 1
18531 1
18546 1
18558 0
18559 1
18561 0
18568 1
18582 1
18583 1
18585 1
18596 0
18605 1
18609 1
18624 1
18633 1
18642 0
18656 1
18659 1
18671 1
18686 0
18700 0
18709 0
18715 0
18727 0
18729 1
18742 0
18748 1
18756 1
18764 0
18778 0
18780 0
18789 1
18797 1
18801 1
18812 1
18814 1
18817 0
18828 0
18840 1
18846 1
18851 0
18854 0
18867 0
18871 1
18879 0
18883 0
18889 0
18890 1
18895 0
18908 1
18920 0
18932 1
18937 0
18939 1
18943 0
18948 1
18962 1
18966 0
18980 1
18994 1
18999 1
19004 0
19007 0
19008 0
19017 0
19028 0
19037 1
19046 1
19060 1
19068 1
19074 1
19080 1
19081 0
19089 1
19100 0
19102 0
19117 0
19124 0
19135 0
19150 1
19154 1
19165 1
19169 0
19180 0
19185 1
19194 0
19205 0
19217 1
19222 1
19230 0
19243 1
19255 0
19262 0
19274 0
19279 0
19280 1
19295 0
19303 1
19312 0
19317 1
19324 1
19333 0
19338 0
19341 0
19344 1
19356 0
19370 0
19383 1
19392 0
19407 1
19420 1
19426 1
19440 1
19454 0
19455 0
19459 0
19468 0
19473 1
19500 0
19508 1
19523 0
19532 0
19537 0
19548 0
19557 1
19566 1
19580 1
19594 1
19609 0
19618 0
19621 1
19622 0
19636 0
19645 0
19648 1
19649 1
19650 0
19665 1
19673 1
19677 1
19681 1
19692 1
19703 1
19709 0
19720 0
19729 0
19736 1
19742 1
19749 1
19753 1
19756 1
19771 1
19774 1
19789 1
19795 0
19808 0
19813 1
19816 0
19822 1
19837 1
19845 0
19851 0
19863 0
19876 1
19883 1
19885 1
19889 0
19896 0
19909 0
19914 1
19917 1
19923 1
19924 0
19930 0
19942 0
19953 0
19959 1
19967 1
19969 0
19984 0
19991 0
19997 1
20012 1
20018 0
20020 1
20026 1
20029 0
20038 1
20040 0
20042 1
20055 1
20067 1
20082 1
20090 0
20095 0
20096 0
20097 0
20111 1
20117 0
20124 0
20125 0
20128 0
20134 0
20139 1
20151 1
20162 0
20167 1
20181 1
20194 0
20208 0
20215 1
20223 1
20229 1
20241 1
20243 0
20247 1
20251 1
20257 1
20260 0
20269 0
20283 1
20289 1
20304 1
20312 0
20316 1
20330 1
20343 1
20349 0
20352 0
20354 1
20355 0
20363 1
20367 0
20381 0
20388 0
20403 1
20412 0
20416 1
20430 1
20433 1
20444 1
20445 0
20453 1
20461 0
20472 0
20475 0
20478 1
20484 1
20496 1
20511 0
20513 1
20528 1
20536 0
20541 0
20550 1
20563 0
20570 1
20578 0
20592 0
20599 1
20604 0
20619 1
20624 1
20630 0
20641 0
20649 0
20664 1
20677 1
20678 0
20691 0
20698 0
20700 0
20708 0
20715 0
20716 1
20731 1
20742 0
20755 1
20762 0
20763 0
20777 1
20783 1
20797 1
20799 0
20800 0
20801 1
20802 0
20813 0
20828 1
20829 0
20834 1
20837 0
20838 1
20844 0
20850 0
20857 1
20862 0
20877 1
20878 0
20882 1
20895 0
20906 1
20915 0
20939 1
20952 0
20965 1
20966 1
20978 0
20979 1
20986 0
20997 1
21012 0
21026 1
21032 0
21047 1
21059 0
21064 0
21072 1
21073 1
21076 1
21078 1
21082 1
21085 1
21096 0
21103 0
21110 0
21121 0
21129 1
21130 0
21133 0
21138 0
21149 0
21160 0
21162 0
21176 1
21182 0
21190 1
21201 0
21213 1
21219 1
21224 1
21237 1
21243 1
21258 1
21264 1
21267 0
21272 0
21287 0
21302 1
21315 1
21316 0
21324 0
21333 1
21339 0
21352 1
21363 0
21370 1
21377 1
21380 0
21393 1
21408 0
21413 1
21424 0
21431 1
21435 0
21439 1
21453 0
21464 0
21473 1
21479 0
21480 0
21487 0
21492 0
21499 1
21503 1
21515 0
21529 1
21531 1
21538 1
21553 1
21562 1
21570 1
21575 1
21583 1
21597 1
21609 1
21620 0
21634 1
21645 0
21657 0
21663 1
21676 0
21694 0
21709 1
21714 1
21720 0
21721 0
21733 0
21734 0
21743 0
21745 1
21748 0
21753 0
21754 0
21760 0
21765 0
21776 1
21781 0
21798 1
21802 0
21804 1
21805 0
21820 1
21826 1
21837 1
21841 1
21853 0
21862 1
21868 0
21881 0
21882 1
21888 0
21896 0
21898 0
21902 0
21917 1
21926 0
21930 1
21938 0
21943 1
21956 0
21971 1
21984 0
21992 1
22007 1
22009 0
22010 1
22016 0
22022 1
22028 1
22039 0
22043 1
22055 1
22070 1
22079 1
22085 1
22086 0
22091 0
22108 1
22116 0
22125 0
22133 1
22138 0
22147 1
22159 1
22168 1
22179 1
22186 0
22190 0
22203 0
22218 0
22226 1
22241 0
22253 0
22254 1
22260 0
22271 1
22277 0
22290 1
22292 1
22307 0
22322 0
22337 1
22345 0
22350 0
22361 0
22363 1
22369 1
22372 1
22383 1
22396 0
22410 1
22416 1
22427 0
22438 0
22452 1
22453 0
22458 1
22471 1
22474 1
22480 1
22493 0
22506 1
22509 1
22513 1
22526 0
22531 1
22554 0
22559 1
22567 0
22570 1
22581 0
22583 1
22587 0
22588 1
22589 1
22602 0
22606 0
22619 0
22633 0
22647 1
22655 0
22669 0
22677 1
22685 1
22696 1
22701 0
22703 1
22706 0
22712 0
22714 1
22716 1
22725 1
22737 1
22750 0
22764 1
22777 0
22785 0
22794 1
22802 1
22803 0
22814 1
22826 1
22840 1
22849 0
22861 0
22862 1
22877 1
22885 1
22899 1
22907 0
22921 0
22933 1
22940 0
22952 0
22953 1
22960 1
22968 0
22980 0
22986 1
22988 0
22991 0
23006 1
23013 1
23022 0
23029 1
23042 0
23045 0
23060 0
23065 0
23071 1
23077 0
23086 0
23100 1
23109 1
23114 1
23119 0
23123 0
23126 0
23130 0
23142 0
23154 0
23161 0
23170 0
23181 0
23192 0
23199 1
23214 1
23221 0
23232 0
23240 0
23251 1
23260 0
23264 0
23273 1
23280 0
23291 1
23295 0
23306 0
23311 0
23315 0
23328 0
23335 1
23349 0
23354 0
23359 0
23362 0
23368 0
23382 1
23383 0
23395 1
23397 1
23410 0
23421 1
23435 1
23440 1
23442 1
23445 1
23448 1
23454 0
23460 1
23472 1
23479 1
23486 1
23491 0
23494 0
23495 0
23500 0
23508 1
23516 1
23519 1
23530 0
23533 1
23545 1
23560 0
23573 1
23586 0
23587 1
23598 0
23601 1
23606 1
23609 1
23618 1
23620 1
23621 0
23626 1
23632 0
23645 0
23660 1
23663 0
23671 0
23684 0
23686 1
23692 1
23697 0
23709 1
23717 1
23726 1
23739 0
23745 0
23749 1
23751 0
23757 0
23763 1
23764 0
23769 0
23783 0
23798 1
23806 0
23820 1
23831 1
23845 0
23860 1
23869 0
23884 1
23891 1
23903 1
23915 0
23917 1
23929 1
23932 0
23943 0
23945 1
23951 1
23960 1
23962 0
23971 0
23976 0
23989 0
23992 0
24005 0
24009 1
24021 0
24024 0
24033 0
24048 0
24049 0
24058 1
24060 1
24074 0
24088 1
24099 0
24105 0
24120 0
24133 1
24135 1
24146 1
24150 1
24154 1
24157 1
24159 0
24171 0
24175 0
24179 1
24193 1
24207 0
24210 1
24225 1
24229 1
24243 1
24249 0
24258 1
24271 0
24286 1
24291 0
24293 0
24298 1
24299 1
24313 1
24314 0
24321 0
24325 0
24329 0
24333 1
24347 0
24348 0
24353 0
24368 1
24375 1
24380 0
24408 0
24409 1
24423 1
24427 1
24433 0
24441 0
24454 1
24465 0
24473 0
24474 1
24475 0
24482 1
24494 0
24512 0
24513 1
24525 1
24532 0
24534 0
24536 1
24550 1
24563 0
24569 0
24571 0
24586 1
24593 1
24601 1
24604 0
24608 1
24611 0
24623 0
24628 1
24630 1
24631 1
24636 0
24647 0
24652 1
24660 0
24661 1
24663 0
24667 1
24674 1
24686 1
24688 0
24690 1
24704 0
24707 1
24710 1
24721 1
24729 1
24733 0
24744 0
24756 0
24757 1
24769 0
24773 1
24786 0
24795 0
24802 1
24813 0
24821 1
24824 0
24828 0
24833 0
24834 0
24838 0
24850 0
24859 1
24867 1
24871 0
24875 1
24876 0
24891 1
24899 1
24910 0
24923 0
24936 1
24951 1
24952 1
24961 1
24974 0
24982 0
24994 1
25008 0
25023 1
25034 1
25047 1
25049 0
25055 0
25058 0
25069 0
25077 0
25091 0
25092 0
25099 1
25113 0
25119 1
25130 0
25139 0
25147 1
25156 0
25170 0
25173 0
25178 0
25189 0
25190 0
25193 0
25200 0
25204 1
25206 1
25211 1
25212 1
25227 1
25235 1
25237 1
25251 1
25266 1
25273 0
25285 0
25292 0
25299 0
25307 0
25322 0
25324 0
25337 0
25348 1
25349 0
25357 0
25361 0
25364 0
25373 0
25381 1
25396 0
25405 0
25411 1
25423 1
25435 0
25439 0
25443 1
25454 1
25462 0
25473 1
25487 1
25502 0
25516 0
25530 0
25535 0
25540 1
25553 0
25557 0
25560 1
25564 0
25567 0
25575 1
25580 0
25594 1
25606 1
25609 0
25612 1
25620 1
25623 1
25636 0
25639 1
25643 0
25645 0
25651 1
25654 1
25660 0
25668 1
25669 0
25671 1
25685 1
25694 1
25705 0
25714 1
25718 1
25729 1
25742 0
25757 1
25761 1
25773 0
25780 0
25794 0
25796 1
25800 1
25815 1
25820 1
25833 1
25838 1
25846 0
25850 0
25859 0
25864 0
25869 0
25884 0
25888 0
25889 0
25894 1
25895 0
25898 0
25902 0
25911 1
25924 1
25939 1
25947 0
25948 1
25955 0
25957 1
25962 0
25978 0
25984 1
25986 1
26001 0
26006 1
26009 1
26020 0
26035 1
26039 1
26043 1
26052 0
26065 1
26071 1
26080 0
26092 1
26101 0
26113 1
26120 1
26135 1
26147 1
26148 0
26150 1
26165 0
26177 1
26181 0
26182 1
26188 1
26203 1
26206 1
26207 1
26213 1
26214 1
26218 0
26219 0
26222 1
26226 1
26240 0
26241 0
26249 1
26260 1
26272 1
26280 0
26294 0
26308 1
26316 1
26318 1
26327 0
26342 0
26357 1
26361 0
26362 1
26370 0
26384 0
26398 1
26413 0
26414 0
26423 0
26437 0
26449 1
26460 0
26474 0
26476 0
26488 1
26500 1
26506 1
26514 1
26523 0
26537 1
26540 1
26552 1
26557 0
26569 0
26572 1
26577 0
26592 0
26601 1
26604 0
26608 0
26613 1
26620 0
26633 1
26634 0
26635 0
26646 1
26660 0
26669 0
26682 1
26687 0
26688 1
26700 0
26706 0
26713 0
26716 0
26730 1
26733 0
26737 1
26745 0
26756 0
26771 1
26783 0
26797 1
26808 0
26815 0
26828 1
26837 0
26850 0
26864 1
26867 0
26869 0
26882 1
26888 0
26900 1
26913 0
26921 0
26932 1
26944 1
26959 1
26962 1
26964 0
26975 0
26981 0
26983 0
26987 1
26995 1
27001 1
27009 0
27012 0
27023 1
27024 1
27030 0
27037 0
27040 1
27041 0
27055 0
27069 0
27083 1
27098 1
27100 1
27106 0
27119 0
27126 0
27132 0
27137 0
27150 0
27158 0
27166 1
27170 1
27171 1
27172 1
27174 1
27181 0
27192 1
27206 0
27213 1
27214 0
27217 0
27228 1
27236 1
27237 0
27240 1
27246 1
27253 0
27261 0
27274 1
27275 1
27282 0
27291 0
27298 0
27300 1
27314 0
27317 0
27319 1
27332 1
27333 0
27335 0
27337 1
27350 0
27359 1
27366 0
27374 1
27375 1
27379 1
27381 1
27385 0
27400 0
27403 1
27409 0
27422 0
27426 1
27428 1
27436 1
27448 1
27454 0
27456 0
27463 1
27469 0
27484 0
27490 0
27498 1
27502 0
27515 1
27521 0
27523 1
27525 0
27539 1
27546 1
27557 0
27566 1
27572 0
27581 1
27593 1
27600 0
27605 1
27616 1
27627 0
27631 1
27645 1
27654 0
27662 1
27666 0
27669 1
27682 1
27685 1
27700 0
27708 1
27726 0
27741 1
27750 1
27753 1
27767 1
27770 1
27785 0
27793 1
27800 1
27813 0
27815 1
27817 0
27829 0
27842 1
27845 0
27857 0
27861 0
27868 1
27881 1
27883 0
27892 1
27896 1
27919 0
27930 0
27932 0
27940 0
27951 1
27958 1
27963 0
27965 0
27966 1
27980 0
27983 0
27984 0
27988 1
27993 1
28000 1
28004 0
28013 0
28020 1
28032 1
28046 1
28061 0
28067 1
28089 0
28095 1
28100 0
28103 1
28112 0
28126 1
28128 0
28132 1
28137 1
28145 1
28149 1
28152 1
28159 1
28162 0
28165 0
28171 0
28184 0
28193 0
28204 0
28219 1
28223 0
28227 0
28236 1
28254 1
28255 1
28262 0
28271 1
28280 0
28284 0
28298 0
28307 1
28312 1
28324 0
28332 0
28346 1
28352 1
28360 0
28368 1
28369 0
28381 0
28382 1
28397 1
28418 0
28433 0
28448 0
28453 1
28466 1
28470 1
28471 0
28483 1
28491 0
28503 0
28516 1
28525 0
28533 1
28537 0
28549 1
28558 1
28559 0
28561 1
28567 0
28582 0
28593 0
28602 0
28607 0
28619 0
28621 1
28624 1
28638 1
28642 1
28656 1
28668 0
28674 0
28675 1
28677 1
28685 1
28687 1
28698 0
28707 0
28716 1
28724 0
28739 0
28748 1
28761 0
28770 0
28782 0
28796 1
28808 0
28812 1
28824 1
28828 1
28843 1
28846 0
28859 0
28864 1
28865 0
28877 1
28878 0
28893 1
28906 1
28918 1
28919 1
28930 1
28932 0
28933 0
28946 0
28958 0
28965 1
28967 1
28971 0
28976 1
28983 1
28985 1
28986 0
28994 0
29000 1
29013 0
29022 1
29036 0
29050 0
29056 1
29057 0
29059 1
29074 1
29077 1
29092 0
29099 1
29110 0
29125 0
29137 1
29150 0
29155 1
29166 1
29180 0
29192 0
29204 1
29217 0
29221 0
29235 1
29239 1
29240 0
29254 1
29267 0
29280 0
29289 0
29304 0
29313 0
29318 0
29332 1
29335 0
29337 1
29352 1
29355 0
29370 0
29378 0
29386 0
29392 1
29407 0
29420 0
29434 1
29439 1
29445 1
29451 1
29463 1
29466 0
29477 0
29484 1
29485 1
29500 0
29501 0
29515 1
29529 0
29537 1
29551 1
29557 0
29579 0
29590 0
29592 0
29605 0
29610 1
29622 0
29637 1
29652 0
29661 1
29664 1
29666 1
29675 0
29681 0
29696 1
29702 0
29704 1
29719 1
29731 1
29740 1
29742 0
29748 1
29754 0
29765 1
29773 1
29785 0
29796 0
29798 1
29811 1
29820 1
29823 0
29836 0
29840 0
29853 1
29858 0
29859 1
29864 1
29876 0
29885 0
29894 1
29907 1
29908 0
29922 1
29936 0
29948 1
29960 1
29963 1
29977 1
29985 0
29989 0
29998 0
30000 1
30009 0
30014 0
30029 0
30032 1
30045 0
30058 0
30073 1
30076 0
30080 1
30094 1
30096 0
30102 1
30114 0
30123 1
30125 0
30139 0
30141 1
30145 1
30154 0
30160 0
30167 0
30174 0
30189 0
30194 1
30201 1
30209 1
30212 0
30225 1
30230 1
30242 1
30248 0
30260 0
30268 1
30269 1
30273 1
30276 1
30288 1
30295 1
30300 0
30314 1
30322 0
30333 1
30338 0
30346 1
30352 0
30364 1
30377 0
30384 1
30398 1
30405 1
30407 1
30421 0
30436 1
30445 1
30449 0
30461 0
30476 0
30482 1
30484 0
30491 1
30505 0
30507 1
30516 1
30517 0
30519 1
30530 1
30533 0
30539 1
30542 0
30544 0
30558 0
30569 0
30580 0
30592 0
30605 0
30609 1
30624 1
30635 1
30641 1
30646 1
30658 0
30666 1
30670 0
30685 0
30697 1
30700 1
30711 0
30725 0
30736 0
30741 1
30748 0
30763 0
30778 1
30781 1
30783 1
30788 0
30800 0
30806 0
30809 1
30818 1
30819 0
30831 0
30846 0
30861 1
30865 1
30869 1
30880 0
30888 0
30893 1
30901 0
30909 1
30921 0
30924 0
30933 1
30946 0
30951 1
30965 0
30977 0
30988 1
30994 1
31002 1
31009 0
31023 0
31028 1
31040 1
31041 1
31047 1
31052 1
31059 0
31065 0
31066 1
31078 0
31091 1
31100 1
31105 1
31117 1
31124 1
31136 0
31141 1
31148 0
31152 1
31161 1
31167 0
31182 1
31193 0
31204 0
31212 0
31217 1
31219 1
31223 0
31236 1
31241 1
31250 1
31264 0
31266 1
31275 0
31278 0
31279 0
31291 1
31292 0
31306 1
31312 1
31318 0
31333 0
31347 1
31349 1
31351 1
31362 0
31363 0
31374 0
31389 0
31396 1
31405 0
31413 1
31427 0
31434 1
31441 1
31456 0
31460 0
31475 1
31478 0
31479 1
31487 1
31500 1
31506 1
31511 0
31518 0
31530 1
31531 0
31542 1
31564 1
31572 0
31586 0
31601 1
31614 0
31625 1
31638 0
31653 1
31662 0
31669 0
31678 0
31680 1
31682 1
31697 0
31704 1
31719 1
31730 1
31738 1
31743 1
31754 0
31760 0
31771 0
31773 0
31788 1
31803 0
31808 1
31810 1
31827 0
31829 0
31843 0
31847 1
31859 1
31870 1
31874 0
31878 1
31880 1
31885 1
31898 0
31900 0
31905 0
31906 0
31913 0
31926 0
31940 0
31955 1
31958 0
31970 0
31978 1
31981 0
31985 1
31988 0
31993 0
31996 1
32010 0
32011 0
32024 1
32027 1
32031 1
32040 0
32055 1
32064 1
32071 0
32075 1
32088 1
32101 1
32110 1
32114 1
32121 0
32126 1
32132 1
32146 1
32153 1
32154 0
32157 0
32171 1
32188 1
32191 1
32198 0
32200 1
32212 0
32216 0
32229 0
32230 1
32245 0
32256 1
32258 1
32264 0
32272 0
32286 1
32290 0
32302 0
32307 0
32308 1
32310 0
32319 1
32333 1
32337 0
32338 0
32349 0
32351 1
32365 1
32372 1
32383 1
32396 0
32401 1
32402 1
32417 1
32430 1
32442 1
32446 1
32453 0
32464 0
32478 0
32491 0
32493 0
32504 0
32517 1
32521 0
32535 1
32536 0
32544 1
32559 1
32566 0
32577 0
32590 1
32591 0
32603 0
32606 1
32615 0
32618 0
32619 0
32628 0
32633 0
32634 0
32635 1
32643 1
32649 1
32656 0
32671 0
32674 0
32689 0
32703 0
32704 1
32712 1
32720 1
32724 0
32729 0
32733 1
32742 1
32746 0
32761 1
32783 1
32785 0
32799 0
32806 0
32810 1
32814 1
32815 0
32822 1
32830 0
32836 0
32850 1
32858 1
32870 0
32884 0
32887 0
32899 1
32906 0
32917 0
32929 1
32931 1
32935 1
32940 0
32944 0
32959 1
32970 0
32982 1
32989 1
32992 0
32996 1
33005 1
33019 0
33033 1
33048 1
33049 0
33053 1
33055 1
33069 1
33078 1
33079 0
33083 0
33094 0
33106 0
33111 0
33112 1
33117 1
33128 1
33143 0
33144 0
33148 1
33157 1
33160 1
33167 1
33181 1
33193 0
33204 1
33217 1
33219 1
33233 1
33234 0
33246 0
33253 1
33264 0
33265 1
33272 1
33275 1
33282 1
33294 0
33309 1
33324 1
33327 0
33335 0
33341 0
33349 1
33350 1
33373 0
33386 1
33395 1
33404 0
33411 1
33422 1
33425 0
33437 0
33445 1
33458 0
33463 0
33470 0
33471 0
33477 0
33478 0
33480 1
33487 1
33494 1
33509 1
33510 1
33519 1
33533 1
33541 0
33556 0
33559 1
33565 0
33566 1
33573 0
33585 0
33591 1
33594 0
33606 0
33611 1
33625 0
33630 1
33641 0
33655 0
33664 0
33668 0
33683 1
33691 1
33699 1
33701 0
33712 0
33721 1
33725 1
33738 0
33741 1
33750 1
33764 1
33778 0
33782 0
33786 1
33788 0
33795 0
33802 1
33806 0
33818 1
33824 1
33830 0
33843 1
33854 0
33872 0
33876 0
33891 1
33898 1
33907 1
33908 1
33922 0
33929 0
33934 0
33937 0
33945 0
33946 1
33948 1
33950 0
33963 1
33975 0
33977 1
33988 0
34002 1
34011 0
34014 1
34015 0
34022 0
34031 1
34042 1
34049 1
34060 0
34066 1
34079 0
34101 1
34102 0
34110 1
34115 1
34117 1
34129 1
34133 0
34137 1
34139 0
34145 1
34153 1
34164 1
34166 0
34169 0
34180 0
34187 1
34195 0
34204 1
34218 1
34231 0
34232 1
34236 1
34240 0
34241 1
34248 0
34257 1
34269 1
34271 1
34277 0
34278 1
34289 1
34304 0
34310 1
34323 1
34335 0
34340 0
34342 1
34351 1
34366 1
34377 0
34382 1
34395 0
34398 0
34407 0
34416 1
34436 0
34448 0
34459 1
34464 1
34469 1
34481 1
34489 1
34493 1
34494 0
34495 1
34500 1
34512 0
34516 1
34523 1
34530 0
34531 1
34534 0
34547 0
34550 0
34555 1
34562 0
34573 0
34574 1
34578 0
34579 0
34591 1
34597 0
34599 0
34604 1
34613 1
34627 0
34641 0
34646 0
34651 1
34653 1
34658 0
34659 0
34667 0
34681 1
34688 1
34694 0
34699 0
34707 1
34730 0
34739 0
34740 0
34746 0
34755 1
34763 0
34774 1
34778 0
34787 0
34795 1
34801 0
34806 0
34820 1
34834 0
34839 1
34861 1
34867 1
34881 1
34889 1
34896 1
34905 1
34912 1
34923 1
34925 0
34939 0
34948 0
34963 0
34971 1
34975 1
34984 1
34995 0
34996 1
35007 0
35014 0
35018 0
35024 0
35030 1
35032 1
35033 0
35040 0
35046 0
35047 0
35061 0
35064 1
35068 0
35075 1
35077 0
35088 1
35103 1
35106 0
35117 1
35120 0
35124 0
35135 1
35150 0
35165 1
35176 1
35178 1
35185 1
35191 0
35206 0
35220 0
35234 1
35249 0
35253 1
35258 0
35259 0
35265 1
35274 0
35290 1
35292 0
35306 0
35308 1
35321 1
35333 0
35348 1
35357 0
35361 0
35372 1
35375 0
35386 1
35398 1
35412 0
35423 1
35429 0
35435 0
35448 1
35463 1
35469 1
35476 0
35477 1
35482 1
35490 1
35504 1
35506 0
35508 0
35522 1
35530 0
35544 1
35550 1
35558 1
35570 1
35576 1
35582 1
35589 0
35595 1
35604 1
35619 0
35630 0
35637 1
35646 1
35650 0
35662 1
35667 0
35681 0
35693 1
35700 1
35715 1
35722 1
35734 0
35746 0
35761 0
35768 1
35789 0
35793 0
35806 0
35807 0
35819 1
35821 0
35827 0
35841 1
35854 1
35863 1
35864 0
35879 1
35884 0
35898 0
35905 1
35912 1
35924 0
35932 0
35944 1
35953 1
35961 1
35964 0
35978 0
35985 0
35990 0
36001 0
36016 0
36027 1
36033 0
36034 1
36040 0
36053 0
36055 1
36068 1
36082 0
36083 0
36087 0
36090 1
36092 1
36099 1
36112 1
36117 0
36129 1
36134 1
36135 1
36149 1
36163 1
36166 1
36167 0
36181 0
36187 1
36198 0
36200 0
36212 1
36224 1
36236 0
36240 0
36252 0
36264 0
36276 0
36288 1
36293 0
36319 1
36331 0
36342 0
36354 1
36363 0
36375 1
36377 0
36386 0
36388 1
36401 1
36407 1
36414 0
36418 1
36433 1
36436 1
36439 0
36451 0
36459 1
36467 0
36482 1
36491 1
36505 0
36506 0
36519 0
36524 1
36528 0
36531 0
36543 1
36558 1
36573 0
36585 0
36588 1
36603 0
36612 0
36615 0
36618 0
36621 1
36634 1
36643 0
36647 0
36658 1
36667 0
36675 0
36687 1
36698 0
36711 1
36717 0
36718 0
36720 1
36735 1
36749 1
36761 0
36765 0
36777 0
36791 0
36792 1
36794 0
36806 0
36810 0
36815 0
36818 0
36820 0
36835 1
36850 1
36856 1
36860 1
36875 0
36886 0
36900 0
36912 1
36918 1
36922 0
36936 1
36945 1
36960 1
36965 0
36973 0
36977 1
36989 1
36997 0
37013 1
37026 0
37040 0
37048 0
37055 0
37060 1
37069 0
37074 1
37075 0
37080 1
37081 1
37092 1
37094 1
37097 1
37105 0
37118 0
37122 0
37129 1
37146 0
37159 1
37160 1
37165 1
37180 0
37182 1
37187 1
37188 1
37193 1
37196 1
37201 0
37225 1
37230 0
37238 1
37246 1
37259 1
37271 1
37272 0
37276 0
37288 0
37303 0
37310 0
37318 1
37332 1
37337 0
37366 0
37371 0
37373 1
37387 1
37401 1
37408 1
37413 1
37420 0
37426 1
37434 1
37437 1
37440 1
37442 0
37445 0
37457 0
37459 0
37470 1
37483 0
37497 1
37503 0
37510 0
37517 1
37526 1
37538 0
37552 1
37558 1
37570 0
37575 1
37588 1
37592 0
37606 1
37615 0
37635 1
37650 0
37663 0
37665 0
37670 1
37676 1
37685 0
37699 0
37707 1
37708 1
37712 1
37714 1
37717 1
37728 0
37731 0
37746 1
37751 1
37753 1
37764 1
37771 0
37786 0
37798 0
37807 0
37810 1
37825 1
37830 1
37834 1
37842 0
37856 0
37868 1
37880 0
37884 1
37887 1
37902 1
37915 0
37916 1
37918 1
37933 0
37947 1
37955 1
37964 1
37978 1
37990 0
37993 1
38007 0
38034 1
38038 1
38050 1
38058 1
38063 1
38076 1
38082 1
38088 1
38093 1
38104 0
38119 0
38128 1
38136 1
38143 1
38154 1
38158 1
38172 0
38183 0
38186 1
38187 0
38193 1
38199 0
38200 1
38204 1
38213 0
38215 0
38229 0
38242 1
38246 0
38258 1
38266 1
38267 0
38275 1
38290 1
38301 1
38315 0
38330 1
38331 1
38343 0
38345 0
38346 1
38353 0
38366 1
38368 1
38383 0
38388 1
38399 1
38411 0
38413 1
38424 1
38431 0
38446 0
38455 0
38458 0
38467 0
38468 0
38475 0
38488 0
38493 1
38505 1
38509 1
38520 0
38522 1
38537 1
38544 0
38556 1
38560 1
38565 0
38573 0
38586 1
38590 0
38591 1
38592 0
38607 0
38618 1
38630 1
38636 1
38647 0
38659 1
38671 1
38680 0
38682 1
38697 0
38704 0
38717 0
38721 0
38723 0
38725 0
38727 1
38733 1
38741 1
38747 0
38752 0
38757 0
38760 0
38762 1
38763 1
38769 0
38777 1
38800 0
38811 0
38813 1
38824 1
38833 1
38841 0
38855 1
38857 0
38860 1
38861 0
38864 0
38868 0
38883 0
38892 0
38901 0
38903 1
38914 1
38925 0
38929 0
38941 0
38952 1
38964 0
38968 0
38982 0
38986 0
38992 1
39003 0
39007 1
39019 1
39026 1
39033 1
39045 1
39049 0
39056 0
39071 1
39084 1
39087 1
39094 0
39102 1
39118 0
39133 0
39141 0
39143 0
39147 0
39152 0
39167 1
39171 1
39185 1
39190 0
39204 1
39213 1
39226 1
39237 0
39241 1
39248 0
39259 1
39261 1
39264 0
39273 0
39284 0
39288 1
39289 0
39304 0
39317 1
39325 0
39336 0
39345 0
39358 0
39363 0
39365 1
39371 1
39376 1
39380 1
39381 0
39388 0
39401 1
39416 0
39430 1
39438 1
39442 0
39445 0
39459 1
39466 0
39472 1
39483 0
39485 0
39491 1
39503 1
39515 1
39520 1
39531 0
39542 0
39550 0
39557 0
39563 0
39574 1
39589 1
39594 1
39595 0
39607 1
39611 0
39612 1
39627 1
39640 0
39655 0
39658 0
39659 1
39662 0
39668 1
39696 1
39701 0
39708 1
39710 1
39717 0
39718 1
39725 0
39733 0
39734 0
39747 1
39750 0
39755 1
39757 1
39772 0
39773 1
39776 1
39777 0
39790 0
39802 0
39804 1
39819 1
39831 1
39846 0
39847 1
39853 1
39865 0
39868 0
39872 1
39884 1
39890 1
39895 0
39899 1
39900 1
39904 1
39918 1
39931 0
39933 1
39942 0
39948 1
39971 1
39978 1
39991 1
39997 0
40005 1
40006 0
40017 1
40028 1
40042 1
40045 0
40059 0
40070 1
40075 1
40076 0
40081 1
40084 0
40098 0
40112 0
40120 1
40127 0
40136 1
40154 0
40167 1
40173 1
40186 1
40188 1
40200 0
40206 1
40232 0
40245 0
40252 0
40257 0
40264 1
40266 1
40272 1
40287 0
40295 1
40306 0
40320 0
40328 1
40333 0
40336 1
40342 1
40355 1
40368 0
40375 0
40388 1
40392 1
40403 0
40405 1
40409 1
40421 1
40425 1
40430 1
40434 0
40449 0
40450 0
40456 0
40467 1
40480 0
40488 0
40503 0
40516 0
40528 1
40534 1
40547 1
40560 1
40574 0
40575 1
40576 1
40579 1
40587 0
40599 0
40600 1
40614 0
40616 1
40623 0
40635 1
40661 0
40666 1
40673 1
40677 1
40681 1
40683 1
40685 1
40686 1
40689 0
40695 1
40702 1
40703 0
40716 0
40725 1
40740 0
40747 0
40748 1
40751 0
40766 1
40769 1
40780 1
40781 0
40784 1
40797 1
40799 0
40810 0
40812 1
40814 1
40818 0
40819 0
40831 1
40833 1
40837 0
40841 1
40848 1
40861 1
40864 1
40873 1
40882 1
40895 0
40904 0
40906 0
40910 0
40911 1
40916 1
40917 1
40918 0
40930 0
40941 1
40956 1
40958 0
40969 1
40975 0
40986 0
40994 1
40999 0
41012 0
41014 1
41021 1
41035 1
41043 0
41054 0
41055 1
41063 1
41078 1
41080 0
41087 0
41094 1
41109 0
41115 1
41127 0
41147 0
41160 0
41174 0
41178 0
41180 0
41184 0
41197 1
41210 0
41217 1
41229 1
41236 0
41237 0
41246 0
41257 1
41266 1
41279 0
41291 0
41297 1
41314 0
41329 0
41340 0
41354 1
41357 0
41372 0
41387 0
41391 1
41404 0
41409 0
41414 1
41423 1
41426 0
41439 0
41444 1
41455 0
41461 1
41466 1
41474 0
41486 0
41500 0
41504 1
41506 0
41515 0
41527 0
41530 1
41541 0
41556 0
41560 0
41575 1
41587 0
41600 1
41601 1
41607 0
41633 1
41641 1
41654 1
41657 0
41669 1
41672 0
41686 0
41689 0
41696 1
41706 1
41712 0
41724 1
41731 1
41743 1
41744 1
41748 0
41749 1
41754 1
41755 1
41769 0
41771 0
41772 0
41786 0
41800 1
41806 0
41819 1
41831 1
41843 1
41854 1
41862 1
41865 1
41873 0
41880 0
41894 0
41900 1
41907 0
41908 1
41922 1
41936 1
41944 1
41958 0
41966 0
41973 1
41984 0
41998 1
42011 1
42024 1
42027 0
42040 0
42055 0
42068 0
42076 1
42080 1
42086 0
42094 0
42102 0
42109 1
42121 0
42134 1
42149 1
42152 1
42167 0
42179 0
42191 0
42204 1
42208 1
42214 1
42222 1
42235 0
42242 1
42250 1
42253 0
42259 0
42267 1
42274 1
42283 1
42287 0
42289 0
42294 0
42307 1
42319 1
42332 0
42334 0
42339 1
42341 0
42347 1
42350 1
42357 0
42366 0
42380 1
42381 0
42395 1
42401 1
42405 0
42407 1
42408 1
42422 0
42436 0
42448 1
42457 0
42465 1
42479 1
42485 0
42492 0
42504 0
42518 1
42523 0
42535 0
42536 1
42544 0
42557 0
42578 1
42579 0
42583 0
42596 0
42608 1
42621 0
42625 0
42626 1
42633 1
42638 1
42640 1
42649 1
42658 0
42666 0
42670 1
42677 1
42683 0
42685 1
42696 0
42702 0
42716 0
42723 1
42729 0
42741 1
42754 1
42755 1
42761 0
42767 1
42769 1
42773 1
42776 1
42780 1
42795 0
42798 1
42804 1
42806 0
42828 1
42832 1
42836 1
42840 0
42854 0
42866 0
42881 0
42893 0
42898 0
42900 0
42904 0
42917 1
42918 1
42931 1
42932 0
42946 1
42953 0
42962 1
42970 1
42996 0
43011 1
43014 0
43018 1
43025 0
43039 0
43044 1
43074 0
43085 1
43096 1
43098 0
43103 1
43111 0
43119 0
43128 0
43133 1
43144 0
43146 1
43160 1
43168 0
43173 1
43186 1
43188 0
43189 0
43204 1
43217 0
43229 0
43230 1
43245 0
43256 1
43267 1
43274 0
43279 1
43293 0
43296 0
43302 0
43316 0
43331 1
43334 1
43340 0
43349 0
43361 1
43363 1
43368 1
43373 1
43377 0
43388 0
43402 0
43416 0
43428 0
43441 0
43444 1
43448 1
43453 0
43464 1
43467 0
43469 1
43480 1
43491 1
43494 1
43501 0
43512 0
43513 0
43526 0
43528 1
43534 0
43548 0
43563 0
43578 0
43584 1
43586 1
43605 0
43620 0
43629 1
43644 0
43650 0
43651 1
43658 1
43663 1
43678 1
43689 1
43694 0
43701 0
43710 1
43712 1
43716 1
43724 1
43737 1
43750 0
43757 0
43772 0
43784 1
43795 0
43807 1
43809 1
43814 0
43822 1
43836 0
43848 1
43853 0
43854 1
43866 1
43875 1
43884 0
43886 1
43890 1
43893 0
43902 0
43907 1
43914 0
43937 0
43943 0
43951 1
43954 0
43956 1
43958 0
43973 0
43985 0
43988 0
43994 0
44000 0
44007 1
44014 0
44022 1
44039 1
44053 1
44055 0
44059 0
44074 1
44087 0
44094 0
44099 0
44104 0
44116 0
44117 1
44130 0
44137 1
44145 0
44152 1
44153 0
44161 0
44168 0
44183 0
44185 0
44199 0
44208 1
44214 1
44225 0
44238 0
44251 0
44259 1
44263 0
44276 1
44277 1
44286 1
44295 0
44310 0
44324 1
44337 0
44341 0
44345 0
44346 1
44353 1
44368 0
44379 1
44388 1
44397 0
44402 1
44404 0
44413 1
44427 0
44429 0
44433 0
44436 1
44447 0
44461 1
44464 0
44472 0
44479 1
44481 0
44483 1
44496 0
44503 1
44510 1
44514 1
44516 1
44521 1
44529 1
44533 0
44542 1
44545 1
44560 0
44568 1
44574 0
44582 0
44584 1
44587 1
44595 1
44597 0
44598 1
44610 1
44624 1
44628 0
44642 1
44657 0
44669 1
44683 0
44696 0
44705 0
44709 1
44711 1
44713 1
44721 0
44736 1
44741 0
44754 1
44769 0
44776 1
44785 1
44793 1
44797 1
44798 1
44803 0
44823 1
44830 0
44842 0
44843 1
44857 1
44859 1
44871 1
44879 1
44883 1
44888 0
44905 0
44919 1
44934 1
44939 0
44950 1
44965 1
44978 1
44987 0
44990 0
44995 0
45001 0
45010 0
45011 0
45012 1
45019 0
45024 0
45029 1
45037 1
45038 1
45053 0
45060 1
45067 0
45081 1
45085 0
45100 1
45104 1
45106 1
45112 1
45127 0
45134 1
45142 0
45143 1
45157 0
45170 0
45171 0
45174 0
45175 0
45181 0
45188 0
45202 1
45207 1
45212 0
45226 0
45237 1
45252 1
45260 0
45273 0
45274 0
45275 1
45282 0
45291 0
45302 1
45310 1
45322 1
45331 1
45337 1
45340 1
45355 1
45361 0
45363 1
45369 0
45377 1
45397 0
45403 1
45414 0
45429 0
45441 0
45452 1
45453 1
45456 1
45464 0
45469 1
45481 0
45493 1
45497 0
45500 0
45512 0
45513 1
45520 1
45521 1
45544 1
45549 0
45560 1
45573 1
45586 0
45594 1
45605 1
45611 0
45620 0
45631 1
45638 0
45649 0
45651 0
45663 1
45675 1
45682 1
45689 1
45696 1
45698 0
45712 0
45717 0
45729 1
45740 0
45755 1
45766 0
45779 0
45790 0
45804 0
45809 1
45817 1
45824 1
45839 1
45852 0
45867 1
45875 1
45881 1
45887 1
45891 0
45902 1
45906 1
45915 0
45921 1
45928 0
45934 1
45941 0
45947 0
45962 0
45975 0
45988 1
46001 1
46010 1
46014 0
46015 1
46028 1
46043 0
46056 1
46070 0
46076 1
46079 1
46085 0
46087 1
46101 0
46107 1
46118 0
46119 0
46132 0
46146 0
46157 1
46164 0
46169 0
46184 1
46185 0
46187 0
46188 1
46193 0
46195 1
46200 0
46213 0
46227 1
46228 0
46233 0
46250 0
46255 0
46261 0
46268 1
46274 0
46283 1
46295 1
46310 1
46321 1
46329 0
46342 0
46356 0
46368 1
46377 1
46380 1
46389 0
46394 1
46397 1
46409 1
46415 1
46426 0
46431 1
46435 0
46438 1
46452 0
46466 1
46469 1
46480 0
46494 1
46506 1
46510 0
46511 0
46514 0
46523 1
46531 1
46537 1
46542 0
46555 0
46564 1
46566 0
46570 1
46575 0
46576 1
46589 1
46593 1
46598 0
46611 1
46618 1
46621 1
46624 0
46633 0
46639 0
46648 0
46649 0
46651 1
46657 0
46662 1
46668 0
46673 0
46675 0
46680 1
46694 0
46696 0
46702 1
46721 0
46733 0
46739 0
46742 1
46757 1
46765 1
46780 1
46785 0
46789 0
46803 1
46815 1
46823 0
46836 0
46843 0
46847 1
46856 1
46865 0
46870 1
46881 1
46888 1
46894 1
46902 1
46906 0
46911 0
46923 1
46925 0
46929 0
46944 1
46952 1
46959 0
46964 0
46970 0
46977 0
46978 1
46985 1
46986 1
46999 1
47000 1
47011 0
47013 0
47015 0
47016 1
47017 1
47024 1
47031 0
47043 1
47056 0
47065 0
47077 0
47084 1
47099 1
47110 0
47122 1
47135 0
47144 1
47153 0
47161 1
47173 0
47187 1
47192 0
47198 1
47212 0
47213 0
47218 1
47219 0
47234 0
47242 1
47263 0
47276 0
47288 0
47295 0
47299 0
47310 0
47316 0
47318 1
47323 0
47327 0
47333 0
47342 0
47357 1
47359 1
47366 1
47374 0
47388 1
47399 0
47411 1
47417 1
47430 1
47441 1
47442 1
47445 1
47452 0
47454 1
47455 1
47469 1
47473 1
47481 0
47487 0
47501 0
47504 1
47519 1
47528 0
47542 0
47549 0
47562 1
47563 1
47577 0
47590 1
47603 1
47612 0
47616 0
47618 1
47625 0
47637 0
47646 1
47654 1
47657 1
47672 1
47673 1
47681 0
47682 1
47695 0
47699 1
47714 1
47728 1
47742 0
47744 0
47751 1
47760 1
47772 1
47779 0
47793 1
47807 1
47822 1
47831 0
47835 1
47844 1
47845 0
47846 1
47860 0
47869 1
47884 0
47897 1
47898 1
47899 1
47911 1
47917 0
47924 0
47936 0
47950 0
47956 0
47970 1
47981 0
47988 0
48000 0
48002 1
48017 0
48031 1
48039 0
48054 0
48065 1
48067 0
48082 0
48087 1
48096 0
48104 0
48115 1
48130 0
48142 0
48144 1
48151 1
48155 0
48159 1
48162 0
48167 0
48176 1
48183 1
48189 1
48192 1
48207 1
48215 0
48218 1
48222 0
48227 1
48234 1
48240 1
48247 1
48262 1
48275 0
48283 0
48288 0
48290 1
48304 0
48309 1
48315 0
48320 0
48324 1
48332 1
48335 0
48337 0
48341 0
48356 0
48365 0
48370 0
48375 1
48388 1
48403 1
48409 1
48421 1
48426 1
48429 1
48430 0
48437 0
48445 1
48450 1
48456 0
48468 0
48472 1
48484 0
48485 1
48499 0
48512 1
48515 1
48521 0
48536 0
48549 0
48551 0
48559 1
48570 0
48578 1
48590 0
48608 1
48617 0
48632 0
48644 0
48647 0
48660 0
48668 1
48676 0
48689 1
48703 0
48717 1
48720 0
48734 0
48745 0
48754 1
48767 1
48772 1
48774 1
48787 1
48798 1
48809 0
48817 1
48830 1
48836 0
48844 1
48858 1
48873 0
48874 0
48875 1
48888 0
48890 1
48894 1
48897 0
48908 1
48909 1
48912 1
48926 0
48928 0
48930 0
48935 1
48947 1
48960 0
48972 1
48984 0
48986 1
48987 1
48989 1
48995 0
49001 1
49009 0
49013 0
49018 0
49027 1
49033 1
49048 0
49062 1
49066 1
49070 1
49072 1
49086 1
49087 0
49099 1
49107 1
49114 1
49128 1
49139 1
49148 0
49155 0
49166 1
49167 0
49169 0
49175 0
49182 0
49186 1
49201 1
49202 1
49211 0
49216 1
49231 1
49233 0
49242 0
49248 0
49262 0
49267 1
49278 0
49290 0
49292 0
49301 1
49310 0
49319 0
49325 0
49330 0
49343 1
49356 0
49371 1
49379 0
49382 1
49394 1
49395 1
49407 1
49415 1
49426 1
49439 1
49447 1
49454 0
49455 0
49460 1
49472 1
49478 0
49479 0
49486 0
49492 0
49494 0
49502 1
49516 1
49519 1
49522 1
49530 0
49543 0
49550 0
49553 0
49566 0
49580 0
49586 1
49595 1
49604 1
49612 0
49617 1
49625 0
49636 0
49641 1
49670 0
49677 0
49690 1
49704 1
49711 1
49723 1
49729 0
49731 0
49736 1
49739 1
49762 1
49777 0
49783 1
49785 0
49794 1
49808 1
49815 0
49824 1
49833 1
49842 1
49847 1
49848 0
49850 1
49852 0
49855 1
49863 1
49878 0
49893 1
49898 1
49900 1
49912 0
49917 0
49931 1
49937 1
49943 1
49957 1
49969 1
49976 1
49980 0
49991 0
49999 1
50012 1
50026 0
50028 0
50036 1
50040 1
50054 0
50057 0
50064 1
50073 0
50086 1
50101 0
50104 1
50112 0
50124 0
50126 1
50128 0
50139 1
50143 1
50146 0
50157 0
50161 0
50162 0
50170 0
50179 0
50185 0
50192 0
50194 1
50201 1
50210 1
50211 1
50220 0
50227 1
50245 1
50252 0
50263 0
50271 1
50279 0
50295 1
50303 1
50309 0
50318 0
50325 1
50336 1
50344 0
50351 1
50378 1
50392 1
50398 1
50411 0
50426 0
50435 0
50447 0
50451 0
50452 0
50456 0
50463 1
50474 1
50486 0
50495 1
50497 0
50504 1
50509 0
50516 1
50523 1
50525 0
50540 0
50547 0
50550 1
50565 0
50571 0
50575 0
50578 0
50584 0
50589 1
50602 0
50605 1
50617 1
50623 0
50631 0
50633 0
50637 1
50651 0
50657 1
50669 1
50677 0
50684 1
50688 0
50697 1
50701 0
50713 0
50722 0
50727 0
50741 1
50744 0
50759 1
50768 1
50781 0
50783 1
50792 1
50806 1
50807 1
50815 0
50828 1
50841 0
50849 0
50858 0
50864 1
50870 0
50873 0
50877 1
50891 0
50893 0
50897 0
50911 1
50916 1
50930 1
50941 0
50949 0
50955 1
50967 1
50970 1
50972 0
50986 0
50989 0
50996 0
51005 1
51018 0
51032 0
51035 1
51037 1
51051 1
51055 0
51060 1
51063 0
51071 1
51079 0
51087 0
51088 0
51099 1
51106 1
51119 1
51127 0
51134 1
51142 0
51143 1
51150 1
51164 0
51169 1
51178 0
51180 1
51181 1
51185 0
51190 1
51193 0
51204 1
51209 1
51215 0
51223 0
51227 1
51232 1
51241 0
51247 1
51254 0
51261 0
51275 0
51278 0
51281 0
51289 0
51294 0
51298 1
51299 1
51318 0
51323 0
51334 1
51349 0
51363 1
51369 0
51380 1
51396 0
51402 1
51405 0
51407 1
51416 1
51421 0
51438 0
51443 1
51451 1
51463 1
51477 1
51480 1
51484 0
51491 1
51505 0
51519 0
51530 1
51545 0
51546 0
51550 0
51565 1
51567 0
51580 0
51594 1
51598 0
51605 0
51616 1
51621 0
51645 1
51659 1
51662 1
51668 0
51687 0
51699 0
51703 1
51705 1
51720 0
51724 1
51725 1
51729 1
51738 1
51750 1
51761 1
51769 1
51774 1
51785 1
51800 1
51813 0
51819 0
51820 1
51828 0
51835 1
51850 1
51865 0
51880 0
51895 1
51906 1
51921 0
51930 0
51941 0
51946 1
51947 0
51950 1
51954 0
51957 0
51962 1
51973 0
51975 0
51979 0
51980 1
51992 0
51997 1
52011 1
52023 0
52028 1
52043 0
52044 0
52055 1
52059 0
52066 1
52078 1
52089 1
52094 1
52098 0
52099 0
52112 0
52121 0
52126 0
52132 0
52136 1
52147 0
52159 0
52164 0
52171 1
52172 0
52176 1
52178 0
52181 0
52182 0
52197 0
52224 0
52233 1
52238 0
52245 0
52248 1
52250 0
52263 0
52269 1
52270 1
52275 0
52282 1
52286 1
52301 0
52302 0
52316 1
52322 0
52333 1
52344 0
52345 0
52350 0
52353 0
52357 0
52361 0
52375 0
52389 0
52401 0
52413 0
52417 1
52426 1
52430 1
52438 1
52442 1
52457 0
52470 1
52479 1
52494 1
52502 1
52511 1
52512 1
52527 0
52542 0
52545 1
52557 1
52560 1
52572 0
52586 1
52592 0
52593 1
52599 1
52600 0
52615 0
52616 1
52624 0
52636 1
52648 0
52655 1
52666 1
52680 0
52685 0
52699 1
52711 1
52716 0
52728 0
52730 1
52745 1
52751 1
52757 1
52769 1
52784 1
52799 0
52806 0
52817 1
52826 1
52834 1
52845 1
52860 0
52863 0
52865 1
52871 1
52877 0
52891 0
52893 0
52905 1
52908 0
52912 1
52916 0
52927 0
52940 1
52947 1
52949 1
52956 1
52970 0
52976 0
52985 1
52997 1
53008 0
53011 1
53024 0
53032 0
53040 1
53053 1
53062 1
53065 0
53076 0
53085 1
53100 0
53107 1
53119 1
53121 1
53125 1
53126 1
53141 0
53142 1
53150 0
53161 0
53164 1
53175 0
53190 0
53205 0
53219 1
53228 1
53243 0
53245 1
53249 0
53262 1
53264 1
53270 0
53281 1
53295 1
53301 1
53310 0
53319 1
53327 1
53338 0
53350 0
53354 0
53368 1
53372 1
53381 0
53396 0
53399 0
53403 1
53416 1
53428 1
53442 1
53449 0
53453 0
53467 1
53478 1
53482 1
53483 0
53498 0
53500 1
53514 1
53529 1
53543 0
53555 1
53566 1
53573 0
53584 0
53590 0
53595 1
53599 0
53601 0
53608 1
53617 1
53618 1
53631 0
53633 1
53635 1
53637 0
53650 1
53652 0
53657 1
53664 0
53672 0
53687 0
53701 0
53712 1
53720 0
53727 0
53738 0
53742 0
53745 1
53758 0
53769 0
53771 1
53786 0
53790 0
53804 1
53808 1
53817 0
53823 0
53824 1
53831 1
53845 0
53856 0
53861 1
53862 0
53868 1
53870 0
53879 0
53883 1
53890 1
53905 1
53911 0
53914 1
53916 0
53920 1
53934 0
53937 0
53948 1
53961 1
53964 1
53967 1
53978 1
53984 0
53986 1
53992 1
54000 0
54013 1
54017 0
54030 1
54032 0
54045 0
54046 0
54050 0
54061 1
54073 0
54076 1
54077 1
54086 1
54092 0
54113 1
54118 1
54124 1
54136 1
54147 1
54150 0
54165 0
54176 0
54177 1
54183 0
54192 1
54200 0
54208 1
54220 0
54232 1
54246 1
54257 1
54262 1
54277 1
54286 1
54297 0
54311 1
54325 0
54340 0
54343 1
54358 1
54372 1
54379 1
54387 0
54388 0
54401 1
54407 1
54411 1
54419 0
54427 0
54428 0
54433 0
54447 0
54455 1
54458 0
54479 0
54493 0
54495 0
54510 1
54525 0
54530 0
54538 0
54553 0
54565 0
54571 1
54579 0
54592 1
54598 0
54601 0
54604 0
54607 1
54612 0
54621 1
54627 0
54634 1
54636 0
54651 1
54659 1
54662 0
54667 0
54676 0
54679 0
54683 0
54696 1
54704 1
54710 0
54711 0
54722 0
54725 0
54731 1
54756 0
54771 1
54775 1
54779 0
54792 1
54803 0
54810 0
54811 1
54823 0
54825 0
54838 1
54843 1
54858 1
54859 1
54866 0
54867 0
54873 1
54882 0
54888 1
54889 0
54893 1
54902 0
54909 1
54911 0
54916 1
54917 0
54920 1
54925 1
54929 0
54932 0
54938 1
54962 1
54964 1
54977 0
54989 1
55001 0
55015 0
55022 1
55029 0
55036 1
55041 0
55054 0
55069 1
55080 1
55086 1
55097 1
55109 1
55118 0
55124 0
55136 0
55139 0
55143 1
55150 0
55151 0
55154 0
55156 1
55165 0
55172 1
55181 0
55184 0
55199 0
55208 0
55220 1
55231 0
55237 1
55249 1
55256 0
55268 1
55273 0
55277 0
55285 0
55286 0
55291 1
55304 1
55318 1
55325 0
55334 0
55349 0
55363 1
55368 0
55376 0
55384 0
55399 0
55411 1
55423 1
55435 1
55441 0
55444 1
55456 0
55464 0
55472 1
55480 0
55493 1
55507 1
55519 0
55534 1
55543 0
55555 1
55564 1
55577 1
55584 0
55595 1
55600 1
55615 0
55624 1
55631 1
55635 0
55649 0
55662 0
55676 0
55678 0
55686 1
55699 0
55704 0
55710 0
55716 1
55724 1
55728 0
55736 1
55740 0
55753 1
55766 0
55768 0
55773 0
55774 0
55775 0
55777 1
55792 0
55806 1
55813 1
55821 1
55827 1
55828 1
55834 1
55842 1
55850 1
55859 1
55866 0
55883 0
55897 1
55908 0
55910 0
55922 1
55933 1
55938 0
55942 0
55954 0
55960 1
55961 0
55966 0
55974 1
55987 1
55993 1
55996 0
56002 1
56015 1
56020 1
56021 1
56028 1
56031 1
56039 1
56043 1
56047 1
56051 1
56064 1
56070 1
56079 1
56088 0
56101 1
56107 1
56114 1
56121 0
56136 0
56148 0
56154 0
56155 0
56163 0
56174 0
56189 0
56202 1
56203 0
56205 0
56209 0
56223 1
56235 0
56246 0
56261 0
56262 1
56276 1
56285 0
56300 0
56305 0
56316 0
56323 0
56329 1
56335 0
56346 0
56353 1
56359 1
56366 0
56371 1
56372 1
56384 0
56386 1
56390 1
56396 0
56411 1
56425 0
56430 0
56437 0
56445 0
56447 1
56462 1
56474 0
56475 1
56488 1
56503 1
56509 1
56517 1
56530 0
56544 0
56545 0
56557 0
56570 0
56579 1
56588 1
56596 1
56604 0
56617 1
56619 1
56632 0
56644 1
56653 1
56657 1
56670 1
56673 1
56678 0
56679 0
56688 1
56701 0
56708 1
56717 0
56722 0
56734 1
56740 1
56751 1
56756 0
56760 0
56764 0
56773 1
56776 0
56791 0
56805 0
56820 1
56833 1
56835 0
56849 0
56855 1
56868 1
56872 1
56879 1
56880 0
56895 1
56904 0
56911 1
56923 0
56935 0
56937 1
56949 1
56957 0
56962 0
56968 0
56976 0
56984 0
56986 0
56988 1
56992 0
57001 1
57014 0
57015 1
57022 0
57034 1
57049 0
57060 0
57067 1
57079 1
57092 0
57101 1
57114 1
57123 0
57125 0
57134 0
57146 1
57153 1
57162 1
57169 0
57170 0
57175 0
57178 0
57186 0
57190 1
57197 0
57203 0
57204 0
57205 1
57218 0
57227 1
57236 1
57245 0
57249 1
57250 0
57251 0
57266 1
57267 1
57279 0
57294 1
57309 0
57324 0
57335 1
57344 0
57348 0
57356 0
57367 0
57370 1
57375 1
57388 0
57391 1
57395 1
57397 0
57400 0
57401 1
57409 1
57423 1
57432 1
57441 0
57443 1
57450 0
57465 0
57469 1
57472 1
57483 0
57487 0
57502 0
57514 0
57526 0
57529 1
57537 0
57542 0
57568 0
57574 1
57580 1
57582 1
57594 0
57605 0
57616 0
57627 0
57630 1
57639 1
57644 1
57648 0
57650 1
57663 1
57669 1
57683 0
57688 0
57691 0
57692 1
57697 0
57699 0
57700 1
57706 0
57709 1
57714 1
57721 0
57723 0
57731 0
57735 1
57738 0
57750 1
57761 1
57770 1
57773 0
57782 1
57788 1
57791 1
57796 0
57802 0
57808 1
57815 1
57823 1
57825 1
57828 1
57830 1
57837 0
57841 1
57854 1
57862 0
57870 0
57873 0
57879 1
57894 1
57898 0
57913 0
57920 1
57934 0
57949 0
57964 1
57967 1
57974 1
57979 1
57987 1
57993 1
58007 0
58011 1
58024 1
58030 0
58031 0
58032 1
58046 1
58047 0
58059 0
58060 1
58072 1
58078 0
58086 1
58091 1
58099 1
58106 1
58112 0
58119 1
58124 1
58138 1
58144 1
58152 1
58161 1
58173 1
58188 0
58189 1
58193 0
58196 1
58200 1
58209 0
58216 0
58231 0
58243 1
58247 0
58261 1
58276 1
58284 1
58299 0
58306 1
58312 1
58321 1
58325 0
58334 0
58348 1
58363 1
58374 1
58387 1
58399 0
58411 1
58412 1
58421 0
58425 0
58428 0
58435 0
58444 0
58459 1
58466 0
58473 1
58485 1
58494 0
58509 0
58513 0
58526 0
58538 0
58552 1
58558 0
58564 1
58577 0
58588 0
58595 0
58601 1
58613 0
58624 1
58630 1
58632 1
58645 0
58646 0
58650 1
58657 0
58658 1
58670 0
58685 1
58687 0
58696 1
58707 0
58708 0
58719 1
58734 1
58740 0
58748 1
58749 1
58761 1
58768 1
58770 0
58775 0
58789 0
58793 1
58807 1
58808 1
58819 0
58821 1
58833 0
58847 1
58854 1
58865 0
58868 1
58876 0
58880 1
58887 1
58893 0
58899 0
58910 0
58925 0
58937 0
58946 1
58949 0
58962 0
58969 0
58972 0
58985 0
58994 1
58997 0
59008 1
59011 1
59012 0
59016 1
59024 0
59035 0
59037 1
59039 1
59040 0
59047 1
59048 1
59056 1
59069 0
59083 0
59090 0
59094 0
59099 0
59104 1
59113 1
59128 0
59134 1
59139 1
59152 0
59157 1
59161 0
59165 0
59178 1
59191 0
59199 1
59212 1
59219 0
59220 1
59232 0
59238 0
59249 1
59253 0
59254 0
59261 0
59267 0
59276 0
59281 1
59285 1
59291 0
59294 1
59302 1
59316 0
59325 0
59334 0
59339 0
59343 0
59348 0
59357 0
59365 0
59373 1
59387 0
59402 1
59411 1
59413 0
59424 1
59433 1
59436 1
59441 1
59442 1
59453 0
59465 0
59471 0
59486 1
59493 0
59500 1
59508 1
59523 0
59525 1
59539 0
59554 0
59563 0
59575 1
59587 1
59588 1
59594 0
59599 0
59614 1
59622 1
59626 0
59640 1
59653 1
59654 1
59655 1
59657 0
59669 0
59671 0
59674 0
59683 0
59684 1
59686 1
59687 0
59693 1
59705 1
59706 0
59712 1
59727 1
59739 0
59761 0
59764 1
59768 0
59783 0
59807 1
59808 1
59820 1
59823 1
59830 0
59837 1
59841 0
59843 1
59847 0
59860 0
59871 0
59883 0
59888 1
59900 0
59907 0
59918 1
59925 1
59940 0
59953 0
59966 0
59979 1
59984 1
59998 0
60005 0
60009 0
60013 0
60027 0
60039 1
60047 1
60052 1
60061 0
60064 1
60069 1
60084 0
60097 0
60112 0
60121 1
60128 1
60134 1
60135 0
60149 0
60154 0
60168 1
60170 1
60182 1
60191 0
60195 1
60196 0
60208 1
60214 1
60225 1
60233 1
60248 0
60262 1
60264 0
60270 0
60274 0
60287 0
60292 1
60308 0
60322 0
60336 1
60339 0
60345 0
60353 1
60357 1
60370 1
60374 0
60385 0
60387 0
60392 1
60406 1
60410 1
60414 1
60425 1
60430 0
60432 1
60434 1
60437 1
60448 0
60457 0
60458 1
60464 0
60476 1
60481 1
60489 1
60500 0
60515 1
60530 0
60538 0
60547 1
60553 1
60566 1
60571 1
60580 1
60594 0
60596 1
60611 1
60616 0
60620 1
60624 0
60627 1
60628 1
60631 1
60642 0
60643 1
60646 1
60660 1
60671 1
60673 0
60677 0
60688 1
60704 0
60717 0
60722 1
60731 0
60733 1
60736 1
60748 0
60754 1
60759 1
60774 1
60779 0
60785 0
60800 0
60812 1
60819 0
60823 1
60828 1
60837 0
60845 0
60851 1
60853 0
60868 1
60874 1
60878 1
60889 0
60902 1
60904 0
60915 1
60928 0
60949 1
60960 1
60962 0
60965 1
60968 1
60975 0
60999 0
61000 1
61003 1
61010 0
61016 1
61031 1
61042 0
61060 1
61069 1
61080 1
61089 1
61096 0
61104 0
61110 1
61115 0
61117 1
61123 1
61127 1
61141 0
61148 0
61151 0
61162 1
61164 0
61179 1
61188 0
61194 1
61201 1
61208 1
61214 0
61226 1
61241 0
61242 1
61244 0
61250 0
61257 1
61263 1
61268 0
61275 1
61290 1
61299 0
61311 0
61315 0
61322 1
61328 1
61334 0
61357 0
61360 1
61368 1
61373 0
61382 0
61383 0
61392 1
61396 1
61404 1
61411 1
61424 1
61433 1
61437 1
61451 1
61460 0
61465 0
61473 0
61487 0
61492 1
61505 0
61518 0
61525 1
61539 0
61547 0
61558 0
61561 0
61563 0
61576 1
61585 0
61593 1
61599 0
61611 1
61628 0
61637 0
61641 0
61653 0
61662 1
61669 0
61686 0
61700 0
61706 0
61712 1
61728 1
61733 0
61739 0
61747 0
61748 0
61763 0
61769 0
61784 0
61786 1
61798 1
61801 1
61815 0
61830 1
61845 0
61849 0
61858 0
61864 1
61875 0
61876 0
61889 1
61891 1
61898 1
61905 1
61908 0
61919 1
61920 0
61928 1
61936 0
61937 0
61951 1
61962 1
61967 0
61981 1
61990 1
62002 0
62010 0
62011 0
62016 0
62029 1
62031 0
62035 0
62047 1
62051 1
62063 1
62070 1
62081 1
62085 1
62086 0
62090 1
62091 0
62102 1
62106 1
62108 1
62111 0
62116 0
62129 1
62132 0
62143 1
62146 0
62150 0
62159 1
62166 0
62178 1
62179 1
62186 0
62197 1
62201 1
62202 0
62214 1
62217 1
62242 1
62253 1
62257 1
62263 1
62274 0
62288 1
62293 0
62301 1
62305 0
62310 1
62322 0
62323 0
62324 0
62337 1
62349 1
62352 0
62358 1
62372 0
62376 1
62381 0
62393 1
62404 1
62411 0
62425 0
62429 1
62440 0
62464 0
62466 0
62473 1
62480 1
62481 0
62488 0
62503 1
62517 0
62523 0
62536 0
62540 0
62544 1
62548 0
62561 0
62573 0
62579 0
62584 0
62588 0
62600 0
62605 1
62608 1
62629 0
62634 0
62648 1
62655 1
62660 0
62669 1
62683 0
62696 1
62711 0
62717 0
62718 0
62723 0
62724 0
62725 0
62732 1
62737 0
62756 1
62765 0
62774 1
62801 1
62812 0
62821 1
62833 0
62840 1
62852 0
62861 0
62867 1
62872 1
62880 1
62882 0
62896 0
62905 0
62907 0
62914 0
62926 1
62941 0
62954 0
62967 0
62978 0
62992 1
63004 1
63011 0
63013 1
63025 0
63037 1
63045 0
63054 0
63065 0
63074 1
63087 0
63100 0
63107 0
63116 0
63128 0
63133 0
63147 1
63159 0
63164 0
63171 1
63182 0
63183 1
63189 1
63190 0
63194 1
63198 1
63210 1
63225 0
63226 1
63230 0
63245 0
63257 0
63268 0
63279 0
63284 0
63289 0
63296 0
63301 0
63304 1
63315 0
63319 0
63330 1
63342 0
63347 0
63356 1
63370 0
63379 0
63393 0
63400 0
63411 0
63415 0
63422 0
63434 0
63436 1
63441 1
63442 0
63444 1
63458 1
63460 1
63469 0
63476 0
63479 0
63480 1
63491 1
63499 1
63507 0
63512 1
63520 0
63531 0
63536 0
63537 0
63539 0
63552 0
63567 1
63574 0
63579 0
63581 1
63588 0
63595 1
63600 0
63609 1
63611 1
63625 1
63627 0
63631 0
63639 0
63643 1
63647 0
63660 0
63675 0
63690 0
63699 0
63708 1
63712 1
63713 1
63722 0
63735 1
63744 0
63758 1
63767 0
63782 0
63795 0
63797 0
63804 0
63813 1
63828 1
63830 0
63833 0
63839 0
63848 0
63860 1
63872 0
63876 1
63889 0
63901 1
63908 1
63913 0
63917 1
63922 1
63933 0
63938 0
63952 1
63958 1
63961 1
63972 1
63985 1
63998 1
64005 0
64012 1
64023 1
64027 0
64042 1
64054 1
64055 1
64057 1
64063 1
64078 1
64082 1
64091 1
64105 0
64113 1
64121 1
64130 0
64139 0
64151 1
64155 1
64164 1
64172 1
64180 0
64191 0
64204 1
64215 1
64218 1
64230 1
64245 0
64256 1
64259 0
64262 0
64274 1
64301 0
64316 1
64329 0
64344 1
64346 0
64347 0
64360 0
64365 1
64374 0
64388 1
64399 0
64402 1
64415 1
64428 0
64443 1
64458 0
64461 1
64474 0
64489 1
64496 0
64508 1
64517 0
64533 1
64546 1
64558 0
64559 1
64560 1
64562 0
64575 1
64590 0
64601 1
64616 1
64619 0
64633 0
64648 1
64657 0
64666 0
64677 1
64683 0
64695 1
64702 0
64726 1
64732 0
64741 0
64749 1
64762 1
64777 0
64789 0
64800 1
64809 1
64810 0
64816 0
64828 0
64829 1
64841 0
64862 1
64871 1
64885 1
64886 1
64887 0
64898 0
64905 1
64906 0
64914 0
64921 1
64932 0
64945 0
64957 1
64965 0
64978 0
64980 1
64989 0
65000 1
65007 0
65018 0
65025 1
65027 0
65032 1
65046 1
65047 1
65055 0
65066 1
65079 1
65081 1
65089 0
65104 0
65113 0
65120 1
65145 1
65159 1
65166 1
65167 0
65168 0
65169 1
65174 0
65176 0
65191 0
65206 1
65212 0
65224 0
65226 0
65229 0
65240 0
65243 0
65248 0
65259 0
65274 1
65275 0
65281 0
65288 1
65302 1
65315 0
65317 0
65324 1
65332 1
65334 1
65348 1
65361 0
65373 1
65382 1
65395 0
65404 0
65409 1
65418 0
65420 0
65432 1
65433 0
65444 1
65457 0
65459 0
65471 1
65476 0
65489 0
65498 1
65512 1
65527 1
65540 0
65555 1
65563 1
65577 0
65578 0
65590 1
65595 0
65607 1
65613 1
65626 1
65631 0
65632 1
65640 1
65652 1
65664 1
65667 1
65670 0
65672 0
65684 0
65691 1
65702 0
65706 0
65720 0
65729 1
65742 0
65744 0
65749 1
65751 1
65752 1
65766 0
65767 1
65769 0
65771 0
65772 0
65775 0
65790 1
65801 0
65808 0
65809 0
65815 1
65817 0
65820 1
65829 1
65843 0
65849 0
65853 0
65856 0
65859 0
65873 1
65887 1
65900 0
65915 1
65916 0
65927 1
65941 1
65949 1
65957 0
65983 0
65997 1
66000 0
66014 0
66021 0
66034 1
66039 0
66050 1
66052 1
66056 1
66062 0
66073 0
66080 0
66082 0
66085 1
66098 0
66100 1
66105 1
66106 0
66118 1
66133 0
66158 0
66169 1
66172 0
66186 0
66191 1
66193 0
66204 1
66205 1
66217 1
66229 1
66240 1
66245 1
66260 0
66269 1
66276 0
66295 1
66304 0
66318 1
66325 0
66326 0
66342 1
66355 0
66359 1
66360 0
66373 1
66381 1
66395 1
66406 0
66410 0
66417 0
66419 1
66421 1
66435 1
66441 0
66447 0
66454 0
66466 0
66480 0
66494 1
66501 0
66507 0
66512 0
66524 1
66537 0
66542 0
66550 1
66561 1
66568 1
66577 1
66591 1
66599 0
66607 1
66614 1
66615 0
66619 1
66622 0
66625 0
66637 0
66649 1
66661 1
66669 1
66683 1
66684 0
66696 1
66700 0
66712 0
66718 1
66732 0
66735 1
66740 1
66748 0
66754 0
66762 1
66766 1
66777 1
66779 0
66785 0
66793 0
66808 1
66810 0
66816 0
66825 1
66834 1
66839 1
66842 1
66843 0
66846 0
66858 1
66866 1
66874 1
66877 1
66886 1
66891 1
66893 0
66900 1
66909 0
66924 1
66928 1
66940 1
66953 1
66965 0
66971 0
66979 1
66984 1
66985 1
66986 1
66991 1
67005 0
67018 0
67027 0
67040 0
67045 0
67048 1
67050 0
67055 1
67068 1
67069 1
67073 1
67074 1
67083 0
67087 1
67090 1
67099 0
67107 1
67129 1
67140 1
67149 1
67152 0
67156 1
67157 1
67160 0
67173 1
67178 1
67183 0
67185 1
67200 1
67212 0
67220 0
67226 1
67228 1
67237 1
67249 1
67260 1
67266 0
67272 0
67281 1
67296 0
67310 0
67324 0
67335 0
67341 0
67342 0
67347 1
67348 0
67350 1
67351 0
67359 0
67374 1
67383 0
67397 1
67405 0
67416 0
67430 0
67431 1
67436 1
67444 0
67453 0
67466 0
67477 0
67478 1
67489 0
67494 1
67497 1
67500 0
67513 1
67528 0
67529 1
67541 1
67542 0
67557 1
67560 0
67566 0
67575 0
67589 1
67604 1
67608 0
67615 0
67627 0
67641 1
67653 0
67660 0
67663 1
67672 1
67685 0
67688 1
67700 0
67704 0
67712 1
67720 1
67726 0
67737 1
67738 0
67752 0
67765 1
67771 0
67776 1
67782 1
67796 0
67810 0
67825 0
67827 0
67842 0
67848 1
67859 0
67860 1
67866 0
67878 1
67886 0
67887 0
67902 1
67907 1
67913 0
67924 1
67936 0
67941 1
67956 0
67964 0
67976 0
67977 0
67979 1
67990 1
67998 0
68007 1
68013 1
68020 0
68044 1
68053 0
68065 1
68079 1
68081 1
68092 0
68105 0
68119 0
68123 0
68135 1
68136 1
68149 0
68161 0
68173 1
68175 1
68178 1
68190 1
68202 1
68203 0
68214 1
68229 0
68244 0
68255 0
68264 1
68266 1
68279 0
68290 0
68298 0
68309 1
68321 1
68336 0
68349 1
68354 1
68358 1
68369 0
68383 0
68398 1
68406 0
68413 1
68426 0
68434 1
68435 1
68447 0
68456 1
68464 1
68468 0
68483 1
68486 0
68501 0
68507 0
68513 1
68533 1
68542 0
68556 1
68571 0
68579 0
68581 1
68586 0
68601 1
68602 0
68616 1
68629 0
68635 1
68644 0
68650 1
68653 0
68654 0
68669 1
68673 1
68676 1
68685 1
68699 0
68710 1
68712 0
68719 0
68723 1
68727 1
68738 0
68744 1
68759 0
68771 1
68782 1
68789 0
68801 0
68816 1
68823 0
68837 1
68839 0
68844 1
68853 1
68861 0
68869 0
68873 0
68887 1
68895 1
68902 1
68914 0
68922 0
68927 1
68945 0
68956 1
68960 0
68961 0
68962 1
68966 1
68969 1
68980 0
68982 1
68993 1
68994 0
69001 1
69002 1
69003 1
69010 0
69012 1
69025 0
69027 1
69028 1
69042 0
69049 1
69051 1
69068 1
69083 0
69085 0
69090 0
69101 1
69113 0
69128 1
69136 1
69142 1
69151 0
69160 0
69175 1
69179 1
69183 0
69194 1
69201 0
69205 0
69220 0
69227 0
69234 1
69251 1
69265 1
69269 0
69277 1
69288 0
69300 0
69311 1
69326 0
69330 1
69341 1
69345 0
69346 0
69360 1
69362 1
69370 1
69383 1
69391 0
69414 0
69419 1
69423 0
69424 0
69430 1
69441 1
69456 0
69465 0
69467 0
69472 1
69478 0
69492 1
69500 0
69504 0
69512 1
69525 0
69530 0
69542 0
69556 1
69568 1
69583 1
69592 0
69596 0
69603 1
69621 0
69636 0
69648 1
69659 1
69667 1
69668 0
69674 0
69688 0
69703 1
69717 1
69729 0
69733 0
69736 0
69742 0
69745 0
69760 0
69768 0
69782 1
69783 1
69794 1
69796 0
69799 1
69812 0
69820 0
69821 0
69827 0
69842 1
69843 1
69852 1
69867 0
69868 0
69875 0
69882 0
69886 0
69893 1
69905 1
69920 1
69923 1
69924 1
69936 0
69942 1
69954 0
69965 1
69979 1
69982 1
69994 1
70008 1
70022 1
70027 1
70042 0
70049 1
70054 1
70061 1
70074 0
70076 0
70079 0
70091 0
70104 0
70105 1
70120 0
70122 0
70128 0
70130 1
70136 0
70147 1
70155 0
70162 1
70178 0
70185 1
70199 0
70210 1
70211 0
70218 1
70230 0
70237 1
70251 1
70265 1
70276 1
70282 1
70288 0
70295 0
70301 1
70309 0
70313 1
70320 1
70334 1
70337 0
70341 1
70342 0
70354 1
70358 0
70369 1
70371 1
70373 0
70379 1
70391 1
70394 1
70397 0
70409 0
70410 0
70413 1
70426 1
70439 1
70440 0
70446 1
70461 0
70475 0
70484 1
70487 0
70491 0
70499 1
70506 0
70514 0
70529 1
70542 0
70550 0
70564 0
70577 0
70581 1
70585 1
70596 0
70619 1
70625 0
70631 0
70646 1
70649 1
70653 1
70655 1
70658 1
70662 0
70676 0
70678 1
70679 1
70690 1
70692 0
70693 0
70696 1
70709 0
70724 0
70731 0
70734 1
70740 0
70749 0
70764 1
70778 0
70789 1
70802 0
70817 0
70832 1
70837 1
70841 1
70847 1
70851 0
70866 0
70868 1
70871 1
70894 0
70897 0
70909 1
70910 1
70916 0
70924 0
70935 0
70938 1
70946 0
70958 1
70971 0
70984 0
70997 0
71003 1
71014 1
71018 0
71033 0
71037 1
71048 1
71054 0
71057 0
71062 0
71067 1
71071 0
71083 0
71096 0
71102 0
71108 1
71116 1
71128 1
71139 1
71147 1
71148 0
71159 0
71171 1
71184 1
71191 0
71203 0
71211 1
71218 0
71230 0
71235 0
71250 0
71258 0
71267 1
71275 1
71289 1
71292 1
71298 0
71299 0
71310 1
71311 0
71314 1
71318 0
71330 1
71332 0
71344 1
71355 1
71359 0
71366 0
71375 1
71381 0
71383 1
71388 1
71396 0
71405 0
71414 0
71420 1
71428 1
71443 0
71451 1
71455 0
71460 1
71469 1
71470 0
71482 1
71491 1
71496 1
71503 0
71514 0
71529 0
71536 1
71538 0
71550 0
71564 1
71573 1
71584 1
71598 1
71609 1
71621 0
71634 0
71642 0
71656 0
71671 0
71677 0
71690 0
71693 1
71697 0
71712 0
71714 0
71731 1
71735 1
71741 0
71748 1
71750 1
71776 0
71791 0
71803 0
71804 0
71806 0
71812 0
71816 0
71819 0
71834 1
71836 0
71842 1
71848 0
71861 0
71862 0
71866 1
71873 0
71879 1
71882 1
71886 1
71894 0
71908 0
71923 1
71934 1
71938 0
71940 0
71949 1
71955 1
71968 1
71972 1
71977 1
71992 0
71998 1
72004 1
72006 1
72020 0
72027 0
72035 0
72041 1
72056 1
72062 0
72081 1
72087 0
72090 0
72097 0
72110 1
72121 1
72130 1
72142 1
72153 0
72161 0
72170 1
72185 0
72200 1
72211 0
72220 1
72232 1
72240 0
72255 0
72257 1
72260 0
72272 0
72287 0
72289 1
72296 0
72298 0
72302 1
72315 0
72343 1
72355 1
72361 1
72365 1
72379 1
72385 0
72386 0
72392 0
72395 1
72399 1
72401 1
72426 1
72429 0
72431 1
72440 0
72452 1
72461 0
72468 0
72471 1
72477 1
72486 0
72499 0
72501 0
72504 0
72507 0
72508 1
72510 1
72514 0
72525 1
72538 0
72541 1
72552 1
72559 1
72573 1
72588 1
72595 0
72603 1
72615 1
72622 1
72636 0
72640 1
72651 0
72658 0
72662 0
72675 1
72690 1
72692 0
72699 1
72712 1
72725 0
72734 0
72748 0
72762 1
72767 0
72780 1
72794 0
72809 1
72815 1
72830 0
72839 1
72852 1
72861 1
72869 1
72873 1
72874 0
72882 1
72883 0
72888 0
72894 1
72903 1
72917 0
72922 0
72930 1
72935 1
72940 0
72943 1
72955 1
72968 0
72977 0
72984 1
72993 1
73005 1
73006 1
73021 1
73026 1
73037 1
73052 1
73060 0
73067 0
73074 1
73089 0
73101 1
73109 0
73117 0
73122 0
73135 1
73144 0
73159 1
73164 0
73170 0
73181 0
73192 0
73193 0
73201 1
73210 0
73222 0
73230 1
73235 1
73246 0
73247 1
73248 0
73250 1
73252 0
73253 0
73255 0
73269 0
73276 1
73289 1
73302 0
73315 0
73323 0
73338 1
73344 1
73359 0
73371 0
73372 1
73379 0
73390 1
73395 0
73407 0
73413 1
73434 1
73435 1
73440 0
73453 1
73466 1
73472 1
73485 0
73496 1
73509 1
73516 0
73527 0
73542 0
73556 0
73557 0
73562 0
73573 1
73582 0
73587 1
73600 1
73608 1
73620 0
73633 1
73642 0
73645 0
73650 1
73671 1
73678 1
73683 0
73696 1
73701 0
73704 0
73715 0
73721 1
73728 1
73730 1
73731 1
73737 0
73738 0
73749 1
73763 0
73766 1
73775 0
73787 0
73794 1
73801 0
73810 1
73814 1
73829 1
73843 1
73858 0
73866 1
73881 1
73895 0
73907 0
73911 1
73915 0
73920 0
73922 0
73929 1
73940 1
73944 0
73947 0
73952 1
73961 0
73965 1
73973 0
73982 0
73996 1
74001 0
74010 1
74022 0
74031 1
74044 1
74049 0
74056 1
74061 1
74063 0
74078 0
74092 0
74099 0
74101 0
74105 0
74110 0
74117 0
74128 0
74135 1
74141 1
74143 0
74146 1
74155 1
74162 0
74163 1
74178 0
74185 1
74197 1
74200 0
74202 1
74203 1
74204 0
74217 0
74228 1
74231 0
74233 1
74247 1
74259 0
74260 1
74261 0
74274 0
74276 0
74280 1
74295 1
74300 1
74311 0
74324 1
74325 1
74334 1
74335 1
74348 0
74363 1
74372 1
74387 1
74398 1
74409 1
74423 1
74434 0
74435 0
74444 1
74451 0
74458 1
74466 1
74480 0
74492 1
74506 0
74511 1
74512 0
74515 1
74519 1
74524 0
74535 0
74546 1
74555 1
74568 1
74572 1
74581 1
74585 1
74592 1
74605 0
74606 1
74621 0
74629 0
74640 0
74642 1
74653 1
74668 0
74670 1
74679 1
74687 0
74692 0
74696 1
74708 0
74719 0
74734 0
74737 0
74743 1
74750 1
74757 0
74764 1
74765 0
74769 0
74782 1
74785 1
74792 0
74799 0
74812 0
74827 1
74831 0
74845 0
74848 1
74863 0
74869 0
74884 1
74895 1
74906 1
74908 1
74916 1
74931 1
74936 1
74949 1
74958 1
74959 0
74961 1
74976 1
74996 0
75008 1
75009 1
75023 0
75031 1
75040 1
75048 0
75063 1
75076 1
75078 1
75086 0
75092 1
75100 1
75107 1
75121 0
75130 1
75134 1
75147 1
75158 0
75170 1
75176 1
75182 1
75193 1
75200 1
75211 0
75219 0
75233 1
75238 0
75244 0
75256 0
75262 1
75271 0
75285 1
75298 1
75304 0
75316 0
75321 1
75332 1
75338 0
75346 1
75360 1
75368 0
75382 0
75385 1
75387 0
75399 1
75403 0
75418 0
75431 0
75436 0
75450 0
75459 0
75467 1
75493 1
75501 1
75515 1
75522 0
75536 1
75537 0
75543 0
75551 0
75565 0
75570 0
75571 1
75577 1
75579 0
75584 1
75586 0
75589 0
75597 0
75601 1
75610 0
75618 1
75630 1
75639 1
75648 1
75654 0
75663 1
75670 0
75682 0
75685 1
75694 0
75699 0
75710 0
75716 0
75722 1
75737 1
75739 1
75747 0
75754 0
75762 0
75767 0
75773 0
75779 0
75791 1
75793 0
75802 0
75814 1
75820 1
75824 1
75836 1
75844 1
75853 0
75868 0
75871 0
75875 1
75890 0
75892 0
75898 1
75909 0
75910 1
75912 1
75918 1
75926 1
75937 0
75939 0
75946 0
75961 0
75967 0
75978 1
75983 1
75992 0
76004 0
76016 0
76029 0
76041 1
76050 0
76076 0
76078 1
76081 1
76083 1
76109 1
76117 1
76124 1
76138 1
76143 1
76157 0
76172 1
76177 0
76186 0
76189 0
76193 0
76198 0
76206 0
76210 0
76225 0
76234 1
76246 1
76261 1
76264 1
76275 1
76276 1
76290 1
76292 1
76296 0
76311 1
76318 1
76326 0
76341 1
76347 1
76361 1
76366 1
76367 0
76378 1
76392 0
76399 0
76411 1
76418 0
76422 0
76433 0
76445 1
76450 0
76459 1
76474 0
76476 0
76480 0
76481 0
76490 0
76499 0
76503 1
76518 0
76520 0
76524 0
76533 1
76540 1
76552 0
76557 0
76566 0
76567 0
76576 1
76584 1
76593 0
76600 1
76608 0
76615 0
76629 1
76630 0
76636 1
76650 1
76662 1
76674 1
76681 0
76695 1
76702 1
76711 1
76714 0
76727 0
76739 1
76746 1
76754 0
76767 0
76769 1
76775 1
76779 1
76784 0
76790 1
76803 1
76812 1
76816 1
76822 1
76831 0
76840 1
76843 0
76845 1
76852 1
76861 1
76868 0
76879 1
76880 0
76886 0
76899 1
76900 0
76912 1
76920 0
76928 0
76942 0
76955 1
76962 1
76963 1
76966 1
76980 0
76986 1
76995 0
77008 0
77011 0
77012 0
77015 1
77016 1
77030 1
77045 1
77056 0
77069 1
77082 0
77083 1
77091 0
77104 0
77117 1
77130 0
77145 1
77146 1
77152 1
77165 0
77169 1
77181 1
77195 1
77203 1
77207 0
77219 1
77234 0
77243 0
77248 0
77263 1
77277 1
77289 0
77297 1
77306 0
77321 0
77336 0
77349 0
77352 0
77354 0
77355 0
77363 0
77378 1
77393 0
77396 0
77400 0
77415 1
77417 0
77431 1
77432 0
77440 0
77444 1
77451 0
77455 0
77459 0
77471 1
77486 1
77493 1
77502 1
77509 0
77524 0
77525 0
77526 1
77541 0
77552 0
77566 0
77581 0
77582 0
77596 1
77611 1
77622 0
77637 1
77638 0
77646 1
77655 1
77660 0
77672 0
77673 0
77685 0
77696 1
77710 0
77718 0
77731 1
77739 0
77748 0
77763 0
77774 0
77787 1
77802 0
77805 0
77819 0
77821 0
77833 0
77838 1
77851 0
77867 0
77878 0
77892 1
77895 1
77903 1
77908 1
77920 1
77921 1
77929 0
77932 0
77937 1
77963 1
77965 0
77972 0
77981 1
77990 0
78002 0
78016 1
78017 1
78020 1
78032 1
78036 0
78048 1
78051 1
78065 1
78068 0
78070 0
78074 1
78083 1
78092 0
78100 0
78112 1
78113 0
78114 1
78122 0
78127 0
78135 0
78142 0
78148 0
78156 1
78159 0
78160 0
78171 0
78179 0
78192 1
78194 0
78195 0
78201 0
78206 1
78215 0
78229 0
78235 0
78247 1
78258 1
78265 1
78278 0
78279 0
78293 1
78302 1
78311 0
78315 0
78326 0
78334 0
78335 0
78344 1
78358 1
78361 0
78373 0
78379 1
78397 0
78409 0
78416 1
78425 1
78429 1
78441 1
78446 1
78454 0
78469 1
78474 1
78475 0
78487 1
78500 0
78501 1
78504 0
78505 0
78506 0
78507 1
78519 0
78522 0
78524 1
78533 1
78536 1
78548 1
78560 0
78566 0
78574 1
78587 1
78594 0
78601 0
78603 1
78607 0
78622 0
78624 0
78626 0
78642 1
78649 1
78652 1
78658 0
78684 1
78687 0
78701 0
78710 1
78715 1
78728 1
78735 1
78736 0
78742 0
78753 0
78761 0
78764 0
78766 1
78781 1
78792 0
78806 1
78817 0
78822 1
78826 1
78841 0
78846 1
78855 1
78870 1
78878 0
78891 0
78897 1
78902 0
78908 1
78913 1
78916 1
78931 1
78945 0
78960 1
78961 1
78965 1
78973 1
78974 0
78975 0
78990 1
79006 0
79014 1
79023 1
79032 0
79047 0
79049 1
79055 1
79063 1
79075 0
79087 0
79091 0
79093 0
79100 1
79109 1
79117 0
79120 0
79133 1
79144 0
79152 0
79160 0
79163 0
79175 1
79186 1
79199 0
79201 0
79213 0
79219 0
79232 1
79237 1
79242 0
79251 1
79266 0
79280 0
79292 1
79294 1
79302 0
79317 0
79321 1
79334 1
79342 0
79347 0
79352 1
79359 1
79360 0
79367 1
79379 1
79390 0
79399 0
79407 0
79412 0
79419 1
79424 0
79430 1
79444 1
79446 1
79459 1
79465 0
79467 1
79469 0
79475 0
79483 0
79496 1
79504 1
79517 0
79520 0
79533 1
79547 1
79556 1
79568 0
79582 1
79584 0
79593 1
79606 0
79617 0
79629 0
79641 0
79642 1
79643 1
79648 1
79660 0
79664 0
79679 1
79682 1
79693 0
79701 0
79708 1
