9729
5 0
19 1
28 0
41 0
56 0
64 0
66 0
79 1
92 0
107 0
113 1
118 1
121 0
132 0
145 1
149 0
156 0
160 0
163 0
167 1
171 0
179 1
188 0
199 0
210 1
224 1
231 0
232 0
247 0
252 1
265 0
273 1
285 0
298 1
312 0
317 1
331 0
339 0
347 1
360 1
374 1
380 0
389 1
416 0
421 0
425 0
436 0
441 0
449 1
455 1
469 1
480 0
482 0
497 1
509 0
523 0
531 0
544 1
553 0
557 1
560 1
573 0
579 1
590 0
609 1
613 0
614 1
619 0
633 1
648 1
660 0
671 0
684 0
692 1
695 1
704 0
709 0
720 0
724 1
727 1
733 1
741 1
756 0
765 0
777 0
778 1
779 1
788 1
800 1
811 0
812 1
815 0
821 0
832 0
846 1
849 1
858 1
862 0
876 1
890 0
905 0
908 0
921 1
924 0
933 1
947 0
950 1
959 1
967 1
976 1
985 0
992 0
997 1
1010 1
1024 0
1036 1
1051 0
1058 0
1064 1
1070 0
1085 0
1092 0
1101 1
1114 0
1123 0
1129 1
1135 1
1143 1
1149 0
1151 0
1158 0
1165 0
1168 0
1176 1
1181 1
1194 1
1207 1
1210 0
1219 0
1227 0
1228 1
1241 0
1252 1
1256 1
1271 1
1282 0
1290 1
1294 0
1301 1
1309 0
1320 0
1335 1
1350 1
1355 0
1364 1
1373 1
1385 0
1390 1
1397 0
1401 0
1402 1
1408 0
1419 1
1439 1
1445 1
1450 1
1455 0
1467 1
1475 0
1488 1
1492 1
1506 1
1515 0
1517 1
1518 0
1532 1
1539 0
1547 0
1554 0
1563 1
1569 0
1578 0
1590 1
1602 1
1604 0
1607 0
1611 0
1617 0
1620 0
1627 0
1640 1
1648 1
1651 1
1660 0
1662 1
1677 0
1683 0
1697 0
1712 1
1725 0
1732 0
1747 0
1761 1
1762 0
1765 0
1766 0
1770 0
1775 1
1790 0
1803 1
1805 1
1819 0
1825 0
1830 0
1833 1
1848 0
1853 0
1858 0
1861 0
1872 1
1874 0
1875 1
1889 0
1903 0
1909 0
1924 1
1925 1
1938 1
1949 1
1961 1
1965 1
1971 1
1972 0
1980 0
1985 1
1987 1
1989 1
1996 1
2007 0
2009 1
2016 0
2031 1
2037 1
2049 0
2061 1
2072 0
2077 0
2090 0
2102 1
2105 1
2108 1
2112 1
2124 0
2126 0
2137 0
2152 0
2161 1
2175 0
2178 1
2193 0
2209 1
2220 1
2235 1
2250 0
2251 0
2260 0
2263 1
2265 0
2272 0
2283 1
2290 0
2299 0
2304 1
2307 1
2308 1
2333 0
2335 0
2336 0
2342 1
2351 1
2365 1
2367 0
2370 1
2383 1
2398 1
2402 0
2416 0
2430 1
2441 1
2456 0
2463 0
2472 1
2476 0
2480 1
2487 0
2498 1
2505 1
2519 1
2520 0
2535 0
2544 1
2551 0
2560 1
2563 0
2568 1
2569 1
2571 1
2584 1
2589 1
2598 0
2602 1
2617 0
2618 1
2619 0
2633 1
2642 0
2647 1
2654 0
2660 1
2672 1
2676 1
2683 1
2691 1
2706 0
2719 0
2726 0
2730 1
2738 0
2743 0
2761 1
2775 0
2782 0
2784 1
2790 1
2795 0
2808 1
2810 0
2815 1
2822 1
2835 0
2846 1
2851 0
2859 1
2862 1
2874 1
2878 1
2891 1
2903 0
2906 0
2908 0
2916 0
2919 1
2934 0
2937 1
2942 1
2957 0
2962 1
2964 0
2976 0
2989 0
2995 0
3000 0
3006 1
3013 0
3025 0
3033 1
3056 0
3058 1
3062 0
3065 1
3076 0
3084 1
3095 0
3106 1
3120 1
3129 0
3137 0
3150 1
3158 0
3171 1
3186 1
3194 0
3200 1
3202 0
3216 1
3220 0
3227 1
3241 0
3257 0
3269 0
3284 0
3291 0
3304 1
3311 0
3319 1
3330 1
3339 0
3348 0
3349 1
3362 0
3377 1
3379 0
3382 1
3394 0
3408 1
3417 1
3419 0
3424 0
3439 1
3446 1
3447 1
3450 0
3453 0
3465 1
3469 1
3471 1
3486 0
3494 1
3508 0
3517 1
3525 1
3537 0
3542 0
3544 0
3546 1
3555 0
3560 1
3571 1
3586 1
3601 0
3609 0
3611 1
3624 0
3628 0
3643 0
3647 0
3648 0
3653 1
3666 1
3669 1
3678 1
3692 0
3701 1
3710 1
3718 0
3725 0
3726 0
3729 0
3741 1
3754 0
3766 1
3775 0
3777 0
3786 0
3800 0
3807 1
3829 1
3832 1
3844 0
3851 1
3873 1
3882 0
3895 0
3901 0
3906 1
3907 1
3909 0
3915 0
3930 1
3941 1
3948 0
3960 0
3971 1
3972 0
3974 1
3976 0
3988 1
4005 1
4016 0
4027 1
4032 1
4041 0
4044 0
4048 1
4063 1
4069 0
4078 0
4084 0
4099 0
4103 0
4105 1
4108 0
4117 0
4129 0
4142 0
4155 0
4159 1
4161 0
4168 0
4180 0
4182 1
4183 0
4185 0
4200 1
4211 0
4229 1
4231 0
4237 1
4246 1
4257 0
4261 0
4263 1
4266 1
4274 0
4280 0
4302 0
4310 0
4312 1
4323 0
4332 1
4339 1
4343 1
4351 1
4359 1
4373 1
4387 0
4400 0
4406 0
4410 0
4412 0
4427 0
4432 1
4435 0
4448 1
4452 0
4466 1
4473 0
4486 1
4493 0
4494 0
4502 1
4506 0
4508 0
4511 0
4520 0
4531 0
4535 1
4536 1
4537 0
4544 1
4545 0
4556 0
4571 0
4575 1
4589 1
4591 0
4595 0
4604 0
4615 0
4627 1
4641 1
4644 1
4652 1
4654 1
4656 0
4658 0
4673 1
4685 0
4686 0
4692 1
4698 1
4703 1
4712 1
4717 1
4718 0
4729 1
4733 1
4741 1
4752 1
4765 1
4770 0
4776 0
4789 1
4803 0
4808 1
4821 0
4835 0
4836 0
4843 0
4855 0
4856 0
4865 1
4868 0
4884 0
4890 1
4891 1
4896 0
4898 0
4910 0
4911 0
4923 1
4932 1
4934 0
4946 0
4952 0
4957 0
4960 1
4968 0
4969 0
4983 1
5004 0
5006 0
5021 0
5028 0
5029 1
5042 1
5057 1
5061 1
5068 1
5081 0
5086 1
5087 0
5094 0
5105 0
5108 0
5115 1
5126 0
5135 0
5136 1
5148 1
5149 0
5156 0
5170 0
5174 1
5185 1
5194 1
5205 1
5214 1
5219 0
5222 0
5225 0
5228 0
5230 1
5237 0
5252 0
5259 1
5266 0
5272 0
5275 1
5289 1
5300 1
5305 0
5309 1
5316 0
5325 1
5336 1
5338 1
5349 0
5357 0
5364 1
5365 0
5376 0
5383 1
5388 0
5400 0
5403 0
5407 0
5418 1
5423 0
5425 0
5439 1
5441 1
5444 0
5449 1
5458 0
5470 0
5482 0
5483 1
5486 0
5497 0
5503 1
5509 1
5514 0
5517 0
5528 1
5531 0
5545 1
5571 1
5577 1
5583 0
5594 0
5608 1
5609 0
5620 0
5634 1
5648 1
5654 0
5662 1
5669 0
5684 0
5696 1
5707 0
5716 1
5730 1
5734 1
5741 1
5747 1
5756 1
5771 0
5785 0
5798 0
5802 1
5817 0
5819 0
5823 0
5825 1
5829 0
5836 0
5841 0
5849 0
5856 0
5860 0
5873 0
5887 0
5893 1
5899 1
5911 1
5922 1
5937 0
5944 0
5950 1
5959 1
5966 1
5979 1
5986 1
5990 0
5998 0
6000 1
6013 0
6021 0
6026 1
6040 1
6047 1
6053 0
6055 0
6069 1
6082 0
6093 1
6100 0
6108 0
6111 1
6113 0
6122 0
6137 0
6141 0
6145 0
6160 1
6168 1
6173 1
6185 1
6194 1
6198 1
6204 0
6207 1
6219 1
6223 1
6228 1
6230 0
6232 1
6243 1
6250 0
6263 0
6282 0
6295 0
6300 0
6313 0
6316 0
6328 0
6341 1
6344 1
6348 0
6351 1
6363 0
6374 1
6382 0
6391 1
6405 1
6413 0
6421 0
6426 1
6439 1
6446 1
6461 0
6476 0
6479 1
6487 0
6500 1
6513 0
6518 1
6531 1
6533 1
6538 1
6542 0
6551 1
6560 1
6568 1
6575 0
6582 1
6587 1
6613 0
6617 1
6630 0
6631 1
6644 1
6656 1
6661 0
6669 1
6672 1
6679 0
6691 0
6700 0
6707 1
6719 0
6732 1
6735 0
6741 1
6744 0
6745 0
6753 1
6756 0
6760 1
6772 0
6774 1
6775 0
6777 1
6778 0
6793 0
6807 1
6818 0
6824 1
6825 1
6839 1
6842 0
6850 0
6863 1
6870 1
6881 1
6882 0
6897 0
6905 0
6917 1
6922 1
6929 0
6930 1
6945 0
6952 1
6957 1
6958 1
6973 0
6982 1
6989 1
6998 1
7005 1
7019 0
7022 0
7036 0
7047 1
7049 0
7052 0
7063 0
7076 0
7087 1
7098 1
7099 1
7114 1
7127 0
7141 1
7147 1
7160 0
7171 0
7183 0
7194 1
7202 0
7208 1
7216 0
7229 1
7243 1
7255 0
7268 0
7274 1
7276 0
7289 0
7300 1
7313 1
7327 0
7342 0
7353 1
7366 1
7381 1
7390 0
7395 0
7409 0
7420 0
7427 1
7442 0
7456 1
7457 1
7470 1
7484 1
7496 0
7501 0
7504 0
7505 1
7520 0
7522 0
7529 0
7541 1
7555 0
7570 0
7578 1
7593 1
7602 0
7609 0
7623 0
7637 0
7643 0
7650 1
7654 1
7665 1
7666 1
7673 0
7688 1
7695 1
7706 0
7715 0
7722 0
7727 0
7738 0
7739 0
7746 0
7754 1
7769 0
7781 0
7795 1
7808 0
7811 1
7819 1
7833 1
7838 0
7847 1
7851 0
7864 1
7865 1
7867 0
7873 0
7884 1
7899 0
7910 1
7922 0
7928 1
7937 0
7951 0
7964 1
7973 1
7976 1
7987 1
7999 0
8007 1
8010 1
8025 0
8034 0
8049 1
8056 1
8060 1
8066 1
8071 1
8073 1
8075 1
8089 1
8090 1
8104 0
8117 0
8132 1
8137 1
8143 0
8152 0
8157 0
8171 1
8182 0
8187 1
8193 1
8206 0
8221 0
8232 0
8238 0
8240 1
8249 0
8261 1
8275 1
8288 1
8289 0
8297 1
8302 1
8315 0
8324 1
8338 1
8350 1
8355 0
8367 1
8368 0
8373 0
8379 1
8382 0
8386 1
8401 1
8405 0
8419 0
8433 1
8447 1
8460 1
8474 1
8478 0
8480 1
8494 1
8495 1
8499 1
8505 0
8511 0
8524 0
8536 1
8541 1
8543 0
8547 1
8552 0
8580 1
8591 0
8598 0
8611 1
8616 0
8627 0
8640 0
8642 0
8645 0
8646 0
8653 0
8666 1
8675 1
8687 1
8702 1
8705 1
8719 0
8727 0
8730 1
8742 0
8743 0
8748 1
8750 1
8758 0
8775 1
8789 1
8795 1
8806 0
8811 0
8823 1
8830 1
8838 1
8851 0
8860 0
8871 1
8885 1
8897 1
8909 0
8915 1
8924 1
8933 1
8934 0
8948 0
8959 0
8962 1
8975 1
8982 0
8989 0
9002 0
9006 1
9009 1
9015 0
9030 0
9045 1
9046 0
9051 0
9054 0
9058 1
9060 1
9066 0
9081 0
9086 0
9087 1
9091 1
9094 0
9100 1
9107 1
9114 0
9129 0
9135 1
9142 1
9155 1
9160 0
9164 0
9169 0
9184 0
9187 0
9196 0
9211 0
9223 0
9230 1
9231 1
9244 0
9248 1
9259 1
9273 0
9276 1
9290 0
9301 0
9313 1
9322 0
9330 1
9345 0
9352 1
9364 0
9368 0
9381 1
9393 1
9401 0
9409 0
9413 1
9425 0
9446 1
9459 1
9468 0
9475 1
9477 1
9491 1
9505 1
9506 0
9521 1
9540 0
9552 1
9558 0
9564 1
9570 0
9578 1
9587 0
9592 1
9604 1
9606 0
9608 0
9621 0
9622 1
9625 0
9628 1
9632 0
9633 1
9637 1
9640 1
9655 0
9659 1
9667 1
9673 0
9681 1
9682 0
9688 0
9695 0
9697 1
9703 0
9704 1
9710 1
9732 1
9741 1
9754 1
9756 0
9762 1
9764 0
9771 1
9780 0
9799 1
9806 1
9820 0
9828 1
9842 0
9856 1
9867 0
9878 1
9879 0
9891 1
9893 0
9899 1
9924 0
9932 0
9946 1
9950 0
9959 1
9964 0
9967 0
9982 1
9990 1
9994 0
9997 0
10005 0
10017 0
10031 1
10035 1
10042 1
10047 1
10059 0
10060 0
10069 0
10075 1
10077 1
10083 0
10098 0
10100 0
10107 1
10118 1
10119 1
10124 1
10136 0
10144 1
10150 1
10155 0
10184 0
10193 1
10205 0
10210 1
10217 1
10230 0
10236 0
10251 0
10262 0
10264 1
10273 1
10278 1
10281 1
10287 0
10293 1
10299 0
10310 0
10326 1
10341 0
10346 1
10347 0
10354 0
10367 0
10381 1
10395 1
10402 0
10414 1
10427 1
10434 0
10436 0
10449 1
10450 0
10463 0
10478 0
10489 1
10493 0
10501 1
10504 1
10513 1
10521 0
10524 1
10530 1
10551 1
10563 0
10576 1
10583 0
10597 0
10601 1
10609 1
10613 1
10615 1
10619 0
10634 1
10637 0
10638 0
10652 1
10662 0
10671 0
10675 0
10682 1
10683 0
10696 1
10710 1
10717 0
10721 0
10735 0
10750 0
10762 1
10764 0
10769 1
10775 0
10780 1
10781 0
10786 0
10795 0
10797 1
10798 0
10813 0
10820 1
10826 1
10834 1
10837 0
10842 1
10851 1
10865 1
10876 1
10883 0
10888 0
10903 0
10918 1
10933 0
10944 1
10949 0
10957 0
10966 1
10969 0
10973 1
10988 0
11000 0
11014 1
11016 1
11031 0
11038 1
11042 0
11056 1
11065 1
11074 0
11086 0
11087 0
11101 0
11109 1
11120 1
11121 0
11136 0
11149 0
11158 1
11171 0
11182 1
11185 1
11190 1
11202 0
11205 0
11217 1
11228 0
11234 0
11240 1
11241 0
11255 1
11268 1
11276 1
11283 0
11298 0
11307 0
11310 1
11316 1
11322 0
11325 0
11340 0
11341 1
11342 0
11356 1
11359 1
11363 0
11367 1
11368 0
11380 0
11393 0
11399 1
11408 1
11415 0
11424 1
11429 0
11437 1
11448 1
11461 1
11462 0
11470 1
11478 0
11484 1
11496 0
11505 1
11516 1
11517 1
11526 0
11548 1
11563 0
11566 0
11568 0
11573 1
11591 1
11594 0
11609 0
11615 1
11633 1
11637 0
11641 1
11642 1
11646 0
11655 0
11661 0
11662 0
11675 0
11684 0
11688 1
11700 1
11713 1
11714 0
11722 1
11733 1
11741 1
11746 1
11755 1
11769 0
11771 1
11773 0
11779 0
11787 1
11794 0
11822 1
11837 0
11846 1
11859 0
11870 1
11881 1
11892 1
11897 1
11899 1
11907 1
11918 0
11925 0
11932 0
11936 1
11943 1
11951 0
11956 1
11957 0
11964 0
11970 0
11972 1
11986 1
11997 0
11998 0
12000 0
12007 0
12010 1
12019 1
12022 0
12026 0
12030 0
12033 1
12042 1
12048 0
12051 1
12054 1
12055 1
12056 1
12060 1
12074 0
12079 1
12083 0
12098 0
12112 1
12114 0
12119 0
12120 0
12135 1
12150 0
12161 1
12167 0
12169 1
12176 1
12180 0
12183 0
12191 1
12221 0
12233 1
12246 1
12260 0
12261 1
12268 0
12283 0
12297 0
12306 1
12318 0
12326 0
12339 1
12347 1
12348 1
12357 0
12371 0
12384 0
12388 1
12400 1
12404 1
12407 0
12419 1
12432 0
12443 1
12452 1
12467 0
12474 1
12482 1
12485 1
12499 0
12501 0
12505 1
12509 1
12517 0
12518 0
12529 1
12534 0
12549 1
12560 0
12562 0
12570 0
12578 1
12583 0
12591 0
12598 0
12603 0
12617 0
12621 1
12635 0
12641 0
12644 0
12650 0
12662 1
12674 1
12677 1
12690 1
12695 0
12707 0
12716 1
12728 1
12735 1
12736 0
12739 1
12741 1
12747 1
12758 1
12759 0
12773 0
12786 0
12788 0
12795 0
12802 1
12806 1
12809 1
12820 0
12827 1
12841 0
12854 0
12859 1
12868 1
12869 0
12875 1
12881 0
12883 1
12886 0
12898 1
12915 0
12923 0
12935 0
12937 1
12940 0
12953 1
12961 0
12964 1
12969 0
12981 1
12986 0
12998 1
13010 1
13014 1
13020 0
13033 0
13035 1
13044 0
13051 0
13056 1
13064 0
13078 0
13091 0
13092 0
13101 0
13106 1
13109 1
13120 1
13133 0
13145 0
13147 1
13161 1
13172 0
13187 1
13202 0
13204 0
13206 1
13220 0
13222 1
13224 0
13239 1
13243 0
13255 0
13267 1
13271 0
13278 1
13284 0
13293 1
13307 0
13308 0
13313 1
13316 0
13317 0
13319 1
13324 1
13329 0
13333 0
13340 0
13354 1
13365 1
13380 1
13389 0
13397 1
13412 0
13413 0
13416 1
13430 0
13435 1
13447 0
13454 0
13462 1
13463 1
13466 0
13480 1
13486 1
13499 1
13504 0
13511 1
13526 1
13530 1
13543 1
13554 0
13567 0
13579 0
13585 1
13596 0
13623 0
13628 0
13636 1
13644 1
13648 1
13655 1
13663 0
13667 1
13671 0
13686 0
13689 0
13692 1
13706 1
13712 0
13727 1
13742 0
13747 0
13751 0
13754 0
13759 1
13770 0
13779 1
13786 1
13801 1
13806 1
13814 1
13825 1
13840 0
13851 1
13862 0
13874 0
13880 1
13881 0
13895 0
13907 1
13912 1
13920 0
13933 1
13939 0
13948 0
13961 1
13964 1
13977 1
13990 1
14003 1
14008 0
14011 1
14015 1
14017 1
14024 0
14035 1
14049 1
14054 0
14056 1
14067 0
14072 1
14098 1
14099 0
14113 1
14121 1
14127 1
14141 1
14155 1
14169 1
14184 1
14185 0
14198 1
14209 1
14212 1
14215 1
14224 1
14236 1
14242 1
14250 0
14265 0
14266 0
14272 0
14284 1
14297 1
14299 0
14301 0
14313 0
14317 0
14328 1
14331 1
14342 1
14347 1
14348 1
14362 1
14371 0
14384 1
14388 1
14401 0
14403 0
14411 1
14426 1
14441 0
14448 0
14449 0
14452 0
14459 1
14471 1
14476 1
14478 1
14482 0
14497 0
14506 1
14521 0
14525 1
14537 0
14542 1
14546 1
14554 1
14561 1
14570 0
14573 0
14580 0
14588 1
14603 1
14604 1
14608 0
14611 1
14623 1
14632 1
14634 0
14648 0
14652 0
14653 0
14656 1
14660 0
14674 0
14675 0
14678 1
14690 1
14693 1
14696 0
14704 0
14710 0
14711 0
14717 1
14725 0
14734 1
14739 0
14740 0
14742 1
14753 0
14757 0
14764 0
14765 0
14778 1
14787 1
14793 0
14795 0
14798 1
14813 1
14826 1
14837 1
14846 1
14850 1
14861 0
14873 0
14876 0
14878 1
14880 1
14894 0
14905 1
14917 0
14921 1
14928 1
14941 0
14952 1
14964 1
14976 1
14988 1
15000 1
15011 1
15018 1
15027 0
15040 1
15054 0
15065 1
15071 0
15080 1
15082 0
15088 0
15099 0
15103 0
15106 0
15120 1
15123 1
15129 0
15130 0
15134 1
15144 1
15150 1
15151 0
15154 1
15163 0
15176 1
15177 0
15189 1
15204 1
15213 1
15215 1
15216 0
15222 1
15229 1
15234 1
15249 0
15261 0
15276 1
15284 1
15289 1
15295 1
15307 1
15310 0
15312 0
15319 0
15323 1
15325 1
15340 0
15342 0
15349 1
15357 1
15359 1
15365 0
15377 1
15385 0
15386 0
15414 1
15428 0
15442 1
15453 0
15459 0
15466 1
15467 0
15482 1
15497 0
15508 1
15512 0
15526 1
15530 0
15539 1
15541 0
15552 0
15560 1
15572 0
15576 1
15591 1
15602 0
15613 1
15614 0
15618 1
15622 1
15627 0
15628 0
15643 0
15648 0
15659 0
15668 0
15676 1
15680 1
15691 0
15697 0
15705 1
15709 1
15710 1
15714 1
15717 0
15719 0
15721 0
15730 1
15745 0
15749 0
15751 0
15766 1
15773 0
15774 1
15779 0
15786 1
15787 1
15788 0
15793 0
15802 0
15807 0
15815 1
15816 1
15829 1
15831 1
15844 0
15856 0
15870 0
15883 1
15896 1
15909 1
15920 0
15935 0
15943 0
15947 1
15956 1
15967 0
15970 0
15975 0
15988 0
15993 0
15995 1
15998 1
16012 0
16018 0
16022 0
16029 0
16035 0
16040 0
16048 1
16049 1
16056 1
16065 0
16074 0
16080 0
16083 0
16098 1
16110 0
16119 0
16122 1
16133 0
16145 1
16153 0
16168 0
16183 1
16188 0
16196 1
16211 0
16212 0
16225 0
16238 1
16247 0
16256 1
16265 1
16268 0
16272 0
16278 0
16285 1
16287 1
16290 1
16302 1
16309 1
16316 0
16324 0
16330 1
16349 1
16361 1
16365 1
16374 1
16378 1
16379 1
16391 1
16403 1
16414 1
16425 0
16430 1
16442 1
16456 0
16458 1
16462 0
16475 1
16478 1
16481 1
16482 0
16483 0
16492 0
16498 0
16509 1
16510 1
16516 0
16519 1
16533 1
16544 1
16549 1
16550 1
16558 1
16564 0
16576 0
16587 1
16596 1
16609 0
16622 0
16628 0
16639 0
16654 0
16658 1
16672 1
16681 1
16685 0
16693 1
16705 1
16720 0
16724 1
16738 0
16744 0
16757 0
16768 1
16782 1
16797 1
16801 1
16807 0
16814 0
16816 1
16818 0
16819 1
16821 1
16832 0
16837 0
16840 1
16852 1
16854 1
16860 0
16867 1
16878 0
16880 1
16884 0
16891 0
16905 1
16911 1
16913 0
16922 1
16938 1
16952 1
16953 0
16959 0
16964 0
16970 0
16974 1
16983 0
17004 0
17005 1
17013 1
17021 0
17049 1
17050 0
17056 0
17071 0
17077 1
17082 0
17086 1
17090 1
17103 1
17105 1
17119 0
17126 1
17137 0
17146 0
17153 1
17167 0
17180 0
17191 1
17198 0
17214 0
17216 0
17225 1
17229 0
17243 1
17257 0
17268 0
17272 0
17284 1
17286 0
17300 1
17311 0
17322 0
17336 1
17345 1
17349 0
17352 0
17366 1
17368 0
17373 0
17388 1
17397 1
17405 1
17406 0
17421 1
17424 0
17425 1
17438 0
17451 1
17458 0
17465 0
17467 0
17471 1
17473 1
17476 0
17477 1
17481 1
17488 1
17493 1
17497 1
17499 0
17505 0
17516 1
17529 1
17541 1
17549 1
17563 1
17570 1
17579 0
17584 0
17598 0
17601 1
17615 0
17630 0
17635 0
17650 0
17655 0
17656 0
17671 1
17684 1
17688 1
17701 0
17703 0
17714 0
17721 1
17722 1
17733 0
17741 0
17743 0
17751 1
17759 0
17775 0
17780 1
17789 1
17795 0
17804 0
17815 1
17830 1
17845 1
17854 0
17868 0
17880 1
17885 0
17897 1
17901 0
17902 0
17904 1
17910 0
17921 1
17923 1
17930 1
17931 1
17942 0
17950 1
17957 1
17963 0
17978 0
17980 0
17995 0
18002 0
18004 0
18008 0
18009 1
18014 1
18019 0
18023 0
18034 0
18045 1
18060 1
18071 1
18086 1
18097 0
18100 1
18103 1
18114 1
18122 1
18126 1
18135 1
18137 1
18138 1
18151 0
18165 1
18174 0
18187 0
18192 0
18206 1
18207 0
18208 1
18215 0
18222 1
18233 1
18238 1
18244 0
18259 1
18266 1
18279 1
18280 0
18284 0
18292 0
18300 1
18319 1
18320 0
18332 0
18347 0
18359 0
18368 1
18372 1
18385 0
18397 0
18410 0
18423 1
18425 1
18439 0
18445 0
18451 1
18453 0
18467 1
18478 0
18485 1
18491 1
18496 0
18503 0
18506 1
18515 0
18520 0
18547 0
18561 1
18572 0
18587 0
18589 1
18596 0
18609 0
18621 1
18634 0
18651 1
18658 1
18670 0
18683 0
18696 0
18700 0
18703 0
18711 1
18720 1
18726 1
18731 0
18745 1
18753 1
18757 1
18759 0
18770 1
18782 0
18790 0
18792 1
18793 0
18798 1
18802 0
18810 0
18816 0
18829 1
18834 0
18846 1
18865 0
18878 1
18885 1
18894 0
18897 1
18908 0
18921 1
18933 0
18948 0
18956 1
18961 0
18967 1
18969 0
18983 1
18985 0
18996 1
19009 1
19016 1
19030 1
19036 1
19045 0
19053 1
19068 1
19081 0
19088 0
19103 0
19108 1
19130 0
19142 0
19149 1
19151 1
19156 0
19165 1
19173 1
19174 0
19185 0
19191 0
19196 1
19197 1
19206 1
19215 0
19221 0
19223 0
19229 0
19230 0
19235 1
19249 0
19264 1
19267 1
19276 1
19277 1
19278 0
19290 1
19291 0
19299 0
19314 0
19316 1
19329 1
19337 0
19355 0
19363 0
19369 1
19391 0
19405 0
19408 0
19419 0
19425 0
19438 0
19440 1
19446 1
19449 0
19450 1
19461 0
19465 0
19470 0
19485 1
19499 0
19505 0
19520 0
19532 1
19541 1
19554 0
19558 0
19573 0
19580 0
19582 1
19585 0
19591 1
19599 0
19607 0
19620 0
19632 0
19633 1
19646 0
19664 0
19670 1
19677 0
19683 0
19692 0
19706 1
19715 0
19719 1
19724 1
19735 0
19738 0
19753 1
19758 1
19761 1
19768 0
19783 1
19784 1
19787 1
19799 0
19812 0
19820 0
19824 0
19829 1
19842 0
19848 0
19860 0
19865 1
19867 0
19882 0
19883 1
19889 1
19891 0
19892 0
19893 1
19904 0
19911 0
19923 0
19927 1
19936 0
19941 0
19949 1
19965 0
19972 0
19984 0
19989 0
20000 1
20011 0
20014 0
20023 0
20026 0
20038 0
20044 0
20050 1
20059 0
20068 0
20070 1
20083 0
20084 0
20095 1
20100 0
20115 1
20129 1
20137 1
20139 1
20150 0
20154 0
20163 0
20171 0
20176 1
20180 0
20193 0
20207 1
20222 0
20230 0
20235 1
20244 0
20258 1
20262 1
20267 0
20269 1
20278 0
20287 1
20298 1
20304 0
20312 0
20319 1
20326 1
20329 0
20342 0
20345 0
20350 1
20364 0
20372 0
20374 1
20379 1
20381 1
20395 1
20397 1
20408 0
20419 1
20430 1
20443 0
20447 1
20458 0
20465 0
20468 0
20481 1
20492 0
20505 0
20519 1
20530 1
20544 0
20553 1
20555 0
20560 0
20568 1
20583 1
20598 0
20610 0
20613 1
20618 1
20624 1
20631 0
20638 1
20651 0
20668 1
20680 1
20688 1
20697 1
20700 1
20701 1
20708 1
20713 0
20732 0
20737 0
20750 0
20751 1
20759 1
20773 1
20774 0
20782 1
20789 0
20793 0
20800 0
20802 0
20806 0
20811 0
20819 1
20823 0
20824 1
20830 1
20835 1
20836 0
20847 1
20854 0
20861 1
20878 0
20881 0
20885 0
20886 1
20897 1
20898 0
20899 1
20914 0
20920 1
20933 0
20940 1
20945 1
20958 1
20959 1
20968 1
20975 0
20983 1
20992 1
20997 0
21004 0
21007 0
21019 0
21022 0
21026 1
21037 0
21051 0
21056 1
21064 0
21073 0
21080 0
21091 0
21102 0
21103 0
21105 0
21107 1
21113 0
21115 0
21129 0
21142 0
21151 0
21163 0
21172 0
21185 1
21190 0
21208 1
21214 0
21215 1
21222 1
21234 0
21248 1
21252 1
21257 0
21264 0
21278 1
21286 1
21292 1
21295 0
21298 1
21312 0
21314 1
21315 0
21327 0
21340 1
21353 0
21372 0
21386 1
21390 0
21405 1
21414 1
21426 0
21431 0
21432 0
21447 0
21451 1
21456 1
21461 0
21469 0
21470 0
21479 0
21492 1
21501 0
21523 0
21538 1
21547 1
21554 0
21569 0
21577 1
21585 1
21586 0
21600 1
21601 0
21606 1
21615 0
21629 0
21643 0
21645 1
21659 1
21666 0
21670 0
21676 0
21678 1
21685 1
21693 0
21710 1
21713 1
21717 1
21726 1
21734 1
21740 0
21755 0
21770 0
21775 1
21779 0
21794 0
21812 1
21819 1
21826 1
21832 0
21852 0
21860 1
21863 1
21878 1
21882 0
21883 0
21897 0
21911 1
21917 0
21932 1
21941 1
21949 0
21956 1
21972 1
21986 1
22000 0
22009 1
22022 1
22027 1
22028 0
22043 0
22052 0
22055 0
22067 0
22075 1
22076 1
22089 0
22102 1
22115 0
22123 1
22137 1
22138 1
22151 1
22165 0
22169 1
22173 1
22186 1
22189 0
22194 0
22200 1
22202 0
22203 1
22207 1
22208 1
22213 1
22216 0
22229 1
22242 0
22257 1
22263 1
22277 0
22291 1
22293 0
22295 1
22302 1
22308 0
22310 1
22325 1
22332 0
22341 0
22346 1
22360 0
22375 1
22388 1
22392 0
22401 0
22404 0
22412 0
22416 0
22420 1
22424 1
22437 1
22438 0
22450 1
22464 1
22468 1
22473 0
22475 0
22479 1
22482 1
22486 1
22493 1
22502 1
22509 0
22516 0
22519 1
22532 0
22557 1
22558 1
22569 1
22578 1
22593 0
22601 1
22607 1
22620 0
22634 0
22637 0
22648 0
22654 0
22658 0
22666 1
22679 1
22690 1
22693 1
22700 1
22703 1
22707 0
22719 1
22720 1
22725 1
22739 0
22752 0
22764 0
22775 1
22779 1
22785 1
22797 1
22811 1
22818 0
22820 0
22832 0
22833 0
22839 1
22855 0
22866 1
22872 0
22878 1
22885 0
22892 0
22905 0
22914 1
22925 0
22927 1
22940 1
22944 0
22958 1
22959 0
22963 1
22977 1
22985 1
23000 1
23012 0
23015 1
23020 1
23033 1
23046 0
23052 1
23065 0
23078 1
23085 0
23092 0
23103 0
23104 1
23106 0
23109 1
23122 0
23133 0
23139 0
23150 0
23161 0
23162 0
23169 1
23180 1
23194 1
23205 0
23209 1
23212 1
23223 1
23227 1
23239 1
23245 1
23249 1
23255 0
23261 1
23266 1
23283 1
23296 0
23299 1
23311 0
23312 0
23324 0
23336 1
23347 1
23362 1
23369 1
23372 1
23376 1
23391 0
23403 0
23415 0
23426 1
23429 0
23443 1
23451 1
23463 0
23469 0
23474 1
23476 1
23491 1
23493 1
23494 0
23506 1
23517 1
23532 0
23538 0
23540 1
23544 1
23559 1
23561 0
23573 1
23580 0
23581 0
23582 0
23588 1
23590 0
23603 1
23616 0
23617 1
23632 0
23637 0
23648 0
23649 1
23651 1
23653 1
23655 1
23656 0
23660 1
23661 1
23669 0
23673 1
23676 0
23690 1
23694 0
23708 1
23717 0
23726 0
23738 0
23739 1
23741 1
23742 1
23755 0
23767 0
23774 0
23788 0
23795 0
23800 1
23801 1
23813 0
23827 1
23839 1
23854 1
23867 1
23879 0
23893 0
23897 1
23900 1
23901 1
23906 0
23907 1
23915 0
23929 0
23931 0
23944 1
23949 0
23956 1
23962 0
23965 1
23970 1
23975 1
23980 0
24004 0
24010 0
24022 1
24023 1
24032 0
24046 1
24057 1
24071 1
24082 0
24091 0
24097 1
24110 0
24123 1
24129 1
24132 1
24134 1
24146 0
24148 1
24149 1
24158 1
24164 1
24171 1
24172 1
24175 0
24186 0
24189 1
24195 1
24209 0
24217 0
24218 1
24224 1
24233 0
24244 1
24249 0
24260 0
24268 1
24271 0
24284 0
24290 0
24305 1
24310 1
24322 0
24325 1
24328 0
24332 0
24343 1
24345 0
24356 0
24367 0
24370 1
24371 0
24386 1
24398 0
24407 1
24419 0
24432 0
24437 0
24438 1
24451 1
24463 1
24475 1
24484 0
24486 1
24498 0
24506 1
24520 1
24532 1
24533 0
24541 1
24548 1
24556 0
24581 1
24596 1
24608 1
24611 1
24622 0
24626 1
24633 1
24636 1
24650 1
24659 0
24672 1
24686 0
24691 0
24704 0
24713 1
24721 1
24726 1
24738 1
24746 1
24748 1
24763 1
24770 0
24776 0
24787 0
24799 1
24813 1
24821 1
24822 0
24828 0
24832 1
24844 0
24852 1
24863 0
24867 1
24872 0
24885 1
24888 1
24889 1
24903 0
24910 0
24911 1
24912 0
24919 0
24931 1
24933 1
24938 0
24957 0
24968 0
24976 0
24977 0
24988 1
25002 0
25007 1
25014 0
25019 1
25032 0
25035 0
25040 0
25054 0
25063 0
25068 0
25069 0
25076 1
25100 0
25111 1
25119 1
25126 1
25138 0
25144 1
25156 1
25162 0
25168 0
25169 0
25184 0
25188 0
25197 1
25217 1
25218 1
25221 0
25227 0
25232 0
25244 0
25247 1
25259 1
25271 1
25283 0
25295 1
25297 1
25302 1
25311 0
25314 0
25328 1
25340 1
25348 1
25356 1
25362 0
25389 1
25404 0
25406 0
25407 0
25410 0
25424 1
25438 0
25453 0
25466 0
25468 0
25482 0
25488 1
25500 0
25514 0
25519 0
25532 1
25535 0
25543 1
25558 0
25571 0
25579 0
25585 1
25602 1
25606 0
25614 0
25621 0
25633 0
25635 1
25638 1
25647 1
25660 1
25671 0
25685 1
25693 1
25707 1
25713 1
25720 1
25732 0
25739 1
25746 1
25757 1
25765 0
25769 1
25778 0
25781 1
25796 0
25801 1
25828 1
25842 0
25843 1
25850 1
25853 1
25867 1
25876 0
25898 1
25905 0
25917 0
25930 1
25938 1
25947 0
25951 0
25960 1
25969 1
25980 1
25995 1
26009 0
26012 1
26020 0
26028 0
26035 1
26048 1
26051 0
26059 1
26074 0
26087 1
26092 1
26103 1
26105 1
26110 1
26121 0
26132 0
26144 0
26146 0
26153 1
26157 0
26162 1
26164 1
26175 1
26179 1
26192 1
26203 1
26207 1
26210 0
26223 0
26236 1
26251 0
26264 1
26279 0
26281 0
26296 0
26309 0
26323 0
26327 1
26334 1
26339 1
26350 0
26351 0
26354 1
26358 0
26370 0
26372 0
26373 0
26386 1
26387 0
26388 0
26399 1
26404 1
26418 0
26430 0
26441 0
26446 0
26460 0
26462 0
26473 1
26488 1
26493 0
26505 0
26519 0
26524 0
26536 0
26537 1
26544 0
26553 0
26557 0
26566 1
26580 0
26583 1
26594 1
26603 0
26609 0
26614 0
26629 0
26632 1
26634 1
26650 1
26665 1
26673 0
26684 0
26691 0
26706 0
26712 0
26723 0
26729 1
26744 0
26757 1
26758 0
26764 1
26775 0
26788 0
26790 1
26799 1
26802 0
26805 0
26817 1
26832 1
26843 0
26857 0
26872 1
26879 1
26883 0
26890 1
26903 1
26915 0
26916 0
26922 0
26927 0
26931 1
26946 0
26952 1
26955 0
26970 0
26974 0
26987 1
26992 0
26996 1
27001 0
27013 0
27027 0
27042 0
27043 1
27058 0
27065 0
27080 0
27084 0
27097 1
27098 1
27099 1
27114 1
27123 1
27129 1
27131 1
27132 0
27137 1
27145 0
27160 1
27165 0
27172 1
27174 0
27178 0
27186 0
27191 1
27200 1
27212 1
27225 1
27231 1
27237 0
27246 0
27251 1
27262 1
27269 0
27280 0
27294 0
27305 0
27317 0
27331 1
27336 1
27345 1
27351 0
27357 1
27369 0
27381 1
27386 0
27392 1
27407 1
27423 1
27424 0
27435 0
27448 0
27450 0
27452 0
27467 1
27480 0
27495 1
27507 1
27521 1
27535 1
27548 1
27560 1
27563 1
27570 0
27575 0
27579 1
27591 0
27598 0
27603 1
27607 0
27616 0
27619 1
27620 0
27634 0
27648 1
27663 1
27675 1
27681 0
27706 0
27715 1
27727 0
27734 0
27747 0
27753 0
27754 1
27761 0
27763 0
27770 0
27775 1
27788 0
27789 0
27791 0
27795 1
27800 1
27803 1
27817 0
27826 0
27840 0
27852 0
27853 0
27861 1
27864 1
27867 0
27880 1
27899 0
27907 0
27919 1
27924 1
27937 0
27948 0
27953 0
27957 0
27960 1
27965 1
27978 0
27984 1
27992 0
27997 0
28011 1
28024 1
28035 1
28040 1
28043 0
28058 0
28060 0
28067 1
28073 1
28076 1
28081 0
28083 0
28095 0
28097 1
28112 0
28119 1
28123 0
28125 0
28133 0
28146 0
28148 1
28161 0
28172 0
28181 0
28189 0
28202 0
28215 0
28227 1
28229 0
28234 1
28247 1
28259 0
28270 1
28276 0
28281 0
28295 1
28309 0
28310 1
28314 1
28326 1
28332 1
28336 0
28339 1
28350 0
28364 1
28371 0
28382 1
28387 1
28392 0
28395 0
28396 0
28402 0
28408 0
28410 0
28415 1
28438 1
28451 1
28455 1
28469 1
28482 0
28494 0
28507 1
28516 0
28522 0
28530 0
28539 1
28553 1
28557 0
28565 1
28570 1
28584 0
28591 0
28605 0
28613 1
28624 1
28625 1
28628 0
28641 1
28646 0
28657 0
28660 0
28667 0
28679 1
28693 0
28694 0
28696 1
28708 0
28723 0
28729 0
28740 1
28741 0
28743 1
28749 0
28752 0
28760 0
28767 0
28771 1
28776 0
28783 1
28794 1
28797 1
28811 1
28826 0
28833 1
28838 0
28847 0
28853 1
28864 1
28868 0
28870 0
28873 0
28885 0
28892 0
28897 0
28899 0
28914 1
28929 0
28941 1
28953 1
28960 1
28975 0
28987 0
28991 1
28999 1
29003 0
29015 0
29023 1
29049 1
29050 1
29063 0
29074 1
29088 0
29096 0
29101 1
29107 1
29121 1
29125 1
29126 0
29130 1
29134 0
29139 0
29141 1
29147 1
29153 0
29157 1
29168 1
29171 1
29175 0
29177 1
29184 0
29197 0
29211 0
29217 1
29222 1
29234 1
29238 1
29241 1
29250 0
29257 1
29268 0
29273 1
29276 0
29290 0
29295 1
29299 0
29307 0
29314 0
29319 0
29333 1
29340 1
29341 1
29344 0
29348 0
29362 0
29363 1
29365 1
29366 1
29368 0
29380 1
29392 1
29397 1
29406 1
29419 1
29422 0
29426 0
29434 1
29438 1
29452 1
29456 1
29471 0
29478 0
29491 0
29506 1
29517 1
29532 0
29533 1
29548 1
29555 0
29559 1
29572 0
29583 0
29592 0
29593 1
29608 1
29613 1
29627 1
29638 0
29641 1
29650 0
29653 0
29664 1
29680 0
29686 0
29689 1
29703 1
29706 1
29708 0
29719 0
29721 1
29733 1
29735 0
29746 0
29753 1
29762 0
29770 1
29779 1
29786 1
29799 0
29807 0
29821 0
29832 0
29843 0
29852 0
29857 0
29859 0
29860 1
29868 1
29870 1
29879 1
29888 0
29895 1
29904 1
29915 1
29917 1
29922 0
29952 1
29954 0
29958 1
29971 0
29977 1
29980 1
29992 0
29998 0
30011 0
30012 1
30017 0
30026 0
30030 1
30031 0
30039 0
30053 0
30061 0
30064 1
30066 1
30085 0
30100 1
30103 1
30117 1
30128 0
30142 0
30146 1
30151 1
30153 0
30154 0
30158 0
30159 1
30167 1
30179 0
30194 0
30197 0
30206 1
30231 1
30238 0
30239 1
30243 1
30251 1
30260 0
30263 0
30266 1
30279 0
30285 0
30296 0
30307 1
30321 0
30327 1
30335 0
30348 1
30362 1
30370 1
30376 1
30377 1
30379 1
30382 1
30397 1
30401 0
30403 0
30404 0
30430 1
30436 0
30441 1
30449 0
30457 1
30463 0
30476 0
30482 1
30488 1
30492 1
30503 1
30504 0
30508 1
30512 1
30524 0
30532 1
30545 0
30556 1
30558 0
30560 0
30568 1
30588 0
30599 0
30613 0
30620 1
30621 1
30626 0
30639 0
30644 1
30657 0
30661 1
30672 0
30673 1
30680 1
30692 0
30703 0
30705 0
30710 1
30723 0
30724 0
30726 1
30732 1
30739 0
30740 0
30744 1
30756 0
30770 0
30778 0
30787 0
30794 1
30796 1
30802 1
30815 0
30828 0
30829 1
30835 1
30850 1
30859 0
30872 1
30878 1
30886 0
30887 1
30901 1
30904 0
30907 0
30914 0
30920 0
30931 1
30940 1
30947 0
30959 0
30973 1
30981 1
30985 1
30988 0
30994 1
30995 0
31008 1
31013 0
31025 0
31040 0
31049 0
31054 1
31057 1
31072 1
31087 1
31100 1
31115 0
31122 0
31128 0
31142 0
31155 1
31157 1
31165 0
31170 0
31179 1
31186 1
31201 1
31208 1
31222 0
31223 1
31231 0
31232 0
31245 0
31254 0
31262 1
31275 1
31278 1
31283 1
31284 0
31289 0
31294 1
31301 1
31316 0
31331 1
31344 1
31353 0
31362 1
31377 0
31385 1
31398 1
31402 0
31405 1
31417 0
31428 1
31431 1
31433 1
31441 1
31456 1
31457 1
31458 0
31470 0
31477 0
31480 0
31489 1
31497 0
31504 0
31515 0
31529 0
31536 0
31551 0
31554 0
31558 1
31563 0
31569 0
31574 0
31586 1
31595 0
31602 0
31606 1
31613 0
31619 1
31633 1
31645 1
31654 0
31669 1
31675 1
31678 1
31683 1
31695 1
31704 1
31713 0
31721 0
31728 1
31734 1
31746 1
31760 1
31762 1
31765 0
31779 0
31785 1
31794 1
31805 0
31808 0
31814 0
31829 0
31833 0
31839 0
31852 0
31853 0
31858 1
31860 1
31862 1
31866 0
31877 0
31890 0
31902 0
31913 0
31919 0
31931 0
31946 0
31959 1
31973 1
31976 0
31989 1
31995 0
32004 0
32013 0
32026 0
32032 1
32037 1
32042 0
32049 1
32062 0
32074 0
32088 1
32092 0
32096 0
32100 1
32102 1
32116 0
32131 0
32146 0
32147 1
32158 1
32161 1
32168 1
32171 1
32176 1
32190 1
32204 1
32211 0
32238 0
32239 1
32241 1
32243 0
32245 1
32254 0
32269 1
32276 0
32286 0
32288 1
32299 1
32304 1
32311 1
32319 1
32327 0
32328 1
32330 0
32344 1
32349 1
32362 0
32375 0
32390 1
32404 0
32413 0
32416 1
32429 0
32430 0
32441 0
32444 0
32453 1
32457 1
32458 0
32464 1
32479 1
32483 1
32498 1
32504 0
32516 0
32517 0
32524 0
32533 0
32542 0
32553 0
32555 1
32561 0
32576 1
32588 1
32597 1
32600 1
32603 1
32609 1
32610 1
32611 1
32618 1
32622 1
32627 0
32633 1
32638 1
32639 1
32650 1
32661 0
32674 0
32681 1
32696 0
32708 1
32713 1
32722 1
32733 0
32739 1
32748 0
32757 1
32761 1
32768 0
32772 0
32778 0
32784 0
32785 0
32797 1
32805 1
32812 1
32821 1
32828 1
32832 0
32839 0
32840 0
32844 1
32851 1
32854 1
32869 0
32880 1
32884 0
32887 0
32889 1
32902 1
32903 1
32905 0
32911 1
32926 1
32935 1
32950 1
32958 0
32959 1
32962 1
32975 1
32993 1
32997 1
32999 1
33004 0
33017 0
33021 1
33028 0
33034 1
33049 0
33050 1
33063 1
33077 1
33078 0
33093 1
33104 0
33115 0
33122 0
33134 0
33149 1
33160 1
33173 1
33187 1
33194 1
33203 1
33208 1
33221 1
33227 1
33228 1
33230 0
33232 1
33247 0
33261 1
33270 1
33272 1
33281 0
33283 0
33289 1
33298 0
33311 1
33325 1
33328 0
33331 0
33334 1
33343 1
33345 1
33358 0
33360 0
33372 1
33373 0
33388 0
33393 1
33406 0
33417 0
33424 0
33435 1
33444 1
33456 1
33465 0
33472 1
33485 1
33500 1
33514 0
33519 0
33525 0
33539 1
33547 1
33549 1
33555 0
33567 1
33576 1
33588 1
33595 0
33604 0
33619 0
33623 0
33637 0
33642 1
33656 1
33658 0
33661 0
33673 1
33685 0
33695 0
33700 1
33714 1
33726 0
33729 1
33734 0
33741 1
33743 0
33754 0
33767 1
33779 0
33786 0
33789 1
33790 0
33798 0
33810 1
33818 0
33843 0
33846 1
33855 1
33862 1
33877 0
33879 0
33882 0
33893 1
33900 1
33901 0
33909 0
33922 1
33936 1
33937 1
33939 1
33953 0
33964 0
33978 1
33985 0
33986 1
34000 1
34011 1
34016 0
34042 0
34051 0
34066 1
34067 1
34071 1
34085 0
34099 0
34112 1
34120 0
34123 1
34129 0
34137 0
34139 1
34153 0
34166 0
34167 0
34180 1
34192 0
34203 1
34206 0
34211 0
34220 0
34225 1
34228 0
34241 0
34245 1
34247 1
34254 0
34268 0
34282 1
34286 1
34299 1
34313 0
34328 1
34332 0
34335 1
34343 1
34358 0
34371 0
34376 0
34388 1
34392 0
34407 1
34433 1
34447 1
34455 1
34456 0
34459 0
34472 1
34484 1
34496 1
34500 1
34504 0
34519 0
34523 0
34538 0
34543 1
34557 1
34571 1
34583 0
34596 1
34603 1
34611 1
34618 0
34623 0
34631 0
34639 1
34642 1
34657 1
34660 0
34662 0
34674 1
34685 0
34691 1
34698 1
34706 1
34710 1
34716 0
34719 1
34732 0
34735 1
34737 0
34742 0
34750 1
34764 0
34772 0
34781 1
34794 0
34806 1
34813 0
34819 1
34825 1
34829 0
34842 1
34854 1
34867 1
34875 0
34883 1
34886 0
34901 0
34913 1
34920 1
34923 0
34926 1
34934 0
34938 1
34942 0
34950 0
34964 0
34968 0
34982 0
34988 1
35005 0
35019 0
35028 1
35032 1
35046 1
35050 0
35053 1
35054 1
35065 1
35067 1
35078 0
35091 0
35103 0
35106 0
35114 1
35123 0
35130 0
35131 1
35137 1
35141 1
35148 1
35163 0
35177 0
35191 0
35204 0
35219 0
35231 1
35242 0
35249 1
35254 0
35261 1
35269 0
35278 0
35287 1
35302 1
35311 1
35313 0
35315 1
35329 0
35341 1
35353 0
35358 0
35363 0
35377 0
35381 1
35394 1
35407 0
35411 1
35424 0
35436 1
35445 0
35460 1
35463 0
35467 0
35478 1
35481 0
35485 0
35498 0
35501 0
35508 0
35517 0
35528 0
35541 0
35547 1
35548 0
35552 0
35556 0
35565 1
35572 0
35577 0
35584 0
35586 1
35588 1
35591 0
35596 0
35610 1
35614 0
35629 1
35642 1
35644 1
35651 1
35664 1
35672 1
35686 1
35695 1
35707 0
35722 1
35729 0
35731 0
35735 0
35743 0
35752 0
35766 1
35780 1
35792 0
35800 1
35807 1
35816 0
35821 0
35833 0
35836 1
35837 0
35849 1
35852 1
35860 1
35862 0
35866 1
35867 0
35869 1
35876 1
35888 0
35894 0
35899 1
35906 0
35918 0
35925 1
35930 1
35941 1
35948 1
35960 0
35964 0
35967 1
35976 1
35977 0
35988 1
35999 0
36001 1
36008 1
36016 1
36028 0
36030 1
36033 1
36046 1
36057 0
36061 0
36063 0
36075 0
36077 1
36090 1
36097 0
36105 0
36106 0
36115 1
36135 0
36137 1
36146 0
36152 1
36154 0
36163 1
36169 1
36170 1
36181 1
36188 0
36196 1
36204 0
36210 0
36222 1
36235 1
36249 1
36260 0
36271 0
36286 0
36299 0
36312 0
36326 0
36339 1
36343 0
36348 0
36360 0
36363 0
36376 1
36382 1
36396 0
36411 1
36418 1
36422 1
36435 1
36442 1
36455 1
36468 0
36483 1
36488 0
36500 1
36526 0
36539 0
36550 1
36557 0
36562 0
36573 0
36586 1
36601 1
36612 1
36627 1
36640 0
36654 1
36667 0
36668 1
36679 0
36694 0
36696 1
36705 0
36711 1
36717 1
36723 1
36736 1
36751 1
36764 0
36776 0
36787 1
36800 1
36804 0
36815 0
36827 0
36831 0
36845 1
36851 0
36852 0
36853 0
36862 0
36870 0
36883 0
36888 1
36900 1
36905 0
36909 1
36922 0
36923 1
36937 0
36938 1
36950 1
36963 0
36969 0
36983 0
36995 1
37010 0
37011 1
37017 1
37028 0
37033 0
37037 1
37050 0
37062 0
37063 0
37074 0
37089 0
37090 1
37096 0
37107 1
37115 1
37124 0
37127 0
37131 0
37134 1
37139 0
37141 0
37156 0
37163 0
37176 1
37184 0
37190 0
37195 1
37199 1
37208 0
37216 1
37231 0
37239 1
37245 0
37256 0
37271 1
37276 1
37283 1
37285 0
37298 1
37328 1
37339 1
37343 1
37345 0
37357 0
37368 0
37383 0
37386 1
37395 0
37410 0
37425 0
37429 0
37438 1
37447 0
37456 0
37463 1
37474 1
37477 0
37485 0
37488 0
37493 0
37494 1
37496 1
37501 1
37514 1
37522 0
37523 1
37527 0
37535 0
37539 0
37544 1
37557 0
37565 0
37572 1
37599 0
37612 1
37616 1
37625 1
37631 0
37658 1
37671 0
37673 0
37679 0
37694 1
37707 1
37709 1
37714 0
37721 0
37722 0
37731 0
37735 0
37749 1
37761 1
37764 0
37767 1
37778 1
37790 1
37803 1
37817 0
37820 1
37835 0
37840 1
37846 1
37850 1
37863 1
37867 1
37881 0
37882 0
37897 0
37904 1
37918 0
37921 1
37932 0
37935 0
37939 0
37945 1
37952 1
37955 1
37968 0
37981 0
37993 1
37999 0
38001 0
38015 0
38021 0
38026 1
38029 0
38042 1
38046 0
38054 0
38063 0
38065 0
38074 0
38077 1
38090 0
38091 0
38107 0
38108 0
38115 0
38119 0
38124 0
38131 0
38139 1
38142 1
38143 0
38147 0
38160 1
38166 1
38181 0
38186 0
38200 1
38215 0
38230 0
38236 1
38241 1
38243 0
38246 0
38255 1
38268 1
38270 0
38283 0
38291 0
38298 1
38306 1
38321 0
38323 0
38337 0
38342 1
38346 0
38354 0
38356 0
38357 1
38368 0
38381 0
38387 1
38388 0
38391 1
38403 0
38414 0
38420 1
38433 1
38447 0
38453 0
38456 1
38471 1
38480 1
38488 1
38491 1
38500 1
38504 1
38517 0
38525 0
38526 0
38530 0
38544 1
38550 0
38551 1
38554 1
38563 1
38565 1
38571 1
38582 1
38595 1
38609 0
38621 1
38629 1
38633 0
38640 0
38641 1
38644 0
38652 1
38655 0
38667 0
38669 0
38684 1
38690 0
38699 0
38704 0
38717 0
38730 0
38741 1
38746 1
38747 0
38759 1
38772 0
38775 1
38779 1
38792 1
38805 1
38819 1
38832 1
38835 1
38847 0
38851 1
38852 1
38866 1
38872 0
38880 0
38886 0
38897 0
38903 0
38906 0
38919 1
38927 0
38938 1
38945 1
38952 1
38958 1
38970 1
38983 1
38987 0
38990 0
38998 0
39006 0
39017 0
39030 0
39044 0
39059 1
39066 0
39070 1
39081 0
39082 0
39094 0
39095 0
39108 1
39111 1
39123 0
39131 0
39139 1
39145 1
39160 0
39173 0
39188 0
39190 0
39201 0
39215 1
39226 1
39234 0
39252 1
39253 0
39255 1
39268 0
39281 0
39287 1
39294 1
39295 1
39307 0
39310 1
39321 1
39336 0
39339 1
39343 1
39352 1
39364 1
39372 0
39398 0
39411 1
39414 1
39423 1
39424 0
39430 0
39431 0
39439 0
39445 1
39446 0
39459 1
39471 0
39474 0
39477 0
39480 0
39493 1
39507 1
39520 1
39532 1
39538 1
39545 0
39559 0
39573 1
39588 1
39602 0
39603 1
39607 0
39616 1
39625 1
39633 0
39648 1
39649 1
39661 0
39672 0
39686 1
39688 0
39701 0
39707 1
39714 1
39715 1
39718 1
39729 0
39734 0
39746 0
39749 0
39752 0
39757 1
39779 0
39783 1
39786 0
39787 0
39802 1
39815 1
39830 0
39836 0
39847 0
39855 0
39864 0
39868 1
39875 0
39891 0
39903 0
39917 0
39923 1
39928 1
39929 0
39933 0
39941 0
39954 0
39968 0
39970 1
39982 1
39983 0
39995 1
40003 1
40015 0
40023 1
40049 0
40054 1
40066 0
40078 0
40084 0
40086 1
40090 0
40098 0
40110 1
40115 1
40120 0
40129 1
40142 1
40157 1
40171 0
40182 0
40191 1
40195 1
40198 0
40207 1
40209 1
40217 0
40224 1
40236 0
40247 1
40261 0
40265 1
40276 0
40289 1
40304 1
40318 1
40329 1
40334 0
40347 0
40355 0
40357 1
40359 1
40361 1
40366 0
40368 1
40373 1
40388 1
40394 0
40407 0
40416 1
40425 0
40440 0
40452 0
40455 1
40467 1
40471 0
40483 0
40495 0
40498 0
40505 0
40512 1
40526 0
40541 1
40547 1
40554 1
40566 1
40570 0
40574 1
40587 0
40592 1
40598 1
40600 0
40603 0
40615 1
40630 1
40631 1
40645 1
40658 1
40664 1
40670 1
40676 1
40687 1
40688 1
40691 0
40692 1
40699 0
40703 0
40711 0
40716 1
40725 1
40736 0
40749 1
40763 1
40770 0
40776 0
40788 1
40793 0
40804 0
40818 1
40832 0
40838 1
40850 0
40854 1
40857 0
40859 1
40872 1
40873 1
40876 0
40890 1
40905 0
40919 1
40922 1
40927 1
40940 1
40949 0
40955 0
40964 0
40966 0
40968 0
40972 1
40987 1
40993 1
41002 1
41017 0
41025 1
41032 1
41039 0
41041 1
41045 0
41058 1
41064 1
41068 0
41071 0
41085 1
41094 0
41103 1
41119 0
41134 0
41143 1
41152 1
41153 1
41166 1
41169 1
41170 0
41183 0
41197 1
41198 0
41212 1
41214 1
41228 0
41237 0
41238 0
41245 1
41256 1
41258 0
41272 1
41283 1
41289 1
41293 0
41300 1
41314 0
41328 1
41337 1
41349 1
41358 1
41370 1
41375 0
41384 0
41392 1
41401 1
41405 1
41413 1
41425 1
41438 0
41444 1
41451 0
41459 0
41466 0
41480 0
41481 0
41483 0
41488 0
41501 1
41504 1
41509 1
41510 1
41524 1
41538 1
41550 1
41562 1
41575 1
41583 1
41591 0
41605 1
41607 1
41612 0
41621 1
41636 1
41638 1
41645 1
41657 0
41665 0
41673 1
41687 1
41696 0
41703 1
41710 0
41716 0
41720 0
41733 1
41747 0
41755 0
41767 0
41778 0
41792 0
41794 1
41801 1
41808 0
41824 1
41828 0
41830 1
41844 0
41850 0
41856 1
41865 0
41869 1
41880 1
41881 0
41887 0
41898 0
41911 1
41913 0
41928 0
41930 0
41941 0
41950 0
41954 0
41967 0
41981 1
41995 0
42000 1
42003 1
42004 1
42011 1
42023 1
42029 1
42043 0
42052 1
42067 1
42074 0
42082 1
42090 0
42095 0
42096 1
42098 0
42101 0
42115 0
42128 0
42129 1
42141 0
42147 0
42155 1
42167 1
42178 0
42180 0
42193 1
42197 0
42211 1
42215 1
42219 0
42233 1
42237 1
42243 0
42256 0
42264 1
42271 0
42283 1
42305 0
42319 1
42331 1
42335 1
42338 0
42341 1
42349 0
42350 0
42362 0
42365 1
42380 1
42391 0
42403 1
42417 1
42428 1
42442 0
42457 0
42463 0
42472 0
42481 0
42488 0
42501 1
42502 0
42513 1
42515 1
42528 0
42532 0
42538 1
42541 1
42549 0
42564 0
42570 0
42572 1
42587 0
42613 0
42617 0
42632 0
42646 1
42647 0
42654 1
42669 1
42682 1
42697 0
42702 1
42704 0
42709 0
42713 0
42722 0
42737 1
42740 1
42748 1
42749 1
42764 0
42765 1
42771 0
42778 0
42793 0
42795 1
42808 0
42812 1
42824 1
42839 1
42848 1
42861 0
42874 0
42879 0
42883 1
42891 1
42896 0
42914 0
42927 0
42939 0
42953 0
42966 0
42977 1
42986 0
42990 1
42994 0
43009 0
43022 1
43028 1
43040 1
43049 0
43055 1
43061 1
43072 1
43083 1
43091 0
43102 0
43117 1
43120 1
43129 1
43134 0
43136 0
43140 0
43154 1
43162 0
43166 0
43180 0
43194 1
43205 1
43208 1
43223 0
43224 1
43225 1
43231 0
43243 1
43250 1
43257 0
43271 1
43279 0
43283 0
43295 0
43306 0
43321 1
43325 0
43329 1
43344 0
43350 1
43356 0
43362 0
43368 0
43374 0
43389 1
43402 1
43403 0
43411 1
43414 0
43426 1
43428 0
43441 0
43455 0
43464 1
43472 0
43476 0
43483 1
43487 1
43499 0
43500 0
43502 1
43509 1
43511 1
43515 0
43527 0
43542 1
43545 0
43548 0
43557 1
43575 1
43588 1
43594 0
43601 1
43615 0
43629 0
43630 1
43632 0
43644 0
43647 0
43663 0
43666 0
43679 1
43682 0
43691 0
43694 0
43706 0
43721 0
43727 0
43732 0
43745 0
43749 0
43763 0
43772 1
43790 0
43804 0
43813 0
43827 0
43841 0
43850 1
43855 1
43861 1
43874 1
43882 1
43886 1
43887 0
43890 1
43901 1
43907 1
43933 1
43934 0
43946 1
43960 0
43971 0
43978 0
43981 0
43989 0
44003 1
44014 0
44021 1
44029 0
44033 0
44051 0
44060 1
44069 0
44084 1
44099 1
44113 1
44118 1
44129 0
44137 1
44150 0
44165 0
44166 1
44173 1
44174 1
44183 0
44199 1
44204 1
44216 0
44227 1
44238 1
44242 1
44251 0
44253 0
44267 0
44275 0
44281 1
44296 0
44310 0
44314 1
44317 1
44319 0
44333 1
44347 0
44350 0
44357 0
44370 1
44384 1
44386 1
44399 0
44402 1
44406 0
44409 1
44414 0
44416 1
44430 0
44431 0
44432 1
44446 0
44458 0
44464 0
44471 0
44485 1
44499 0
44514 1
44515 0
44523 1
44537 1
44541 1
44555 0
44562 0
44564 1
44567 1
44580 0
44595 1
44596 1
44601 1
44602 1
44614 1
44628 1
44633 1
44647 1
44652 1
44659 1
44670 1
44681 0
44694 1
44708 1
44722 1
44731 1
44743 0
44756 0
44770 0
44781 1
44785 1
44800 1
44807 0
44809 1
44810 0
44816 0
44830 0
44841 0
44849 1
44854 1
44867 0
44870 0
44878 1
44886 1
44899 0
44912 0
44915 1
44917 1
44947 0
44949 1
44963 0
44969 1
44981 1
44996 1
44998 0
44999 1
45013 1
45021 0
45026 1
45033 0
45042 1
45057 0
45062 0
45070 1
45079 1
45094 0
45108 1
45120 0
45126 1
45139 0
45153 0
45164 1
45165 1
45169 1
45180 1
45193 0
45196 1
45207 1
45219 0
45224 0
45225 0
45233 0
45240 0
45242 1
45245 0
45259 1
45270 0
45273 0
45287 1
45294 1
45300 0
45306 0
45309 1
45321 0
45329 1
45340 0
45358 0
45371 1
45384 1
45398 1
45402 0
45405 0
45411 0
45415 0
45419 0
45434 0
45438 1
45450 0
45455 0
45459 0
45465 1
45493 0
45498 1
45509 0
45521 1
45530 1
45531 1
45540 1
45544 1
45545 0
45550 1
45554 1
45567 1
45576 0
45585 1
45596 0
45601 0
45610 1
45623 0
45639 1
45642 0
45647 0
45662 0
45673 1
45682 1
45690 0
45701 0
45709 0
45718 1
45723 0
45727 1
45731 0
45732 1
45743 1
45764 1
45776 1
45779 0
45790 0
45801 0
45813 1
45825 1
45838 1
45852 0
45867 1
45882 1
45885 1
45887 1
45895 0
45906 1
45921 1
45934 0
45935 0
45940 0
45944 1
45952 0
45965 1
45978 1
45991 1
45992 0
45998 1
46007 0
46019 0
46027 0
46028 0
46043 1
46048 0
46056 1
46069 1
46078 1
46090 1
46098 0
46106 0
46117 0
46124 0
46131 1
46135 0
46140 1
46144 0
46156 0
46171 1
46180 1
46189 0
46203 0
46208 1
46220 1
46227 1
46233 1
46242 0
46266 0
46280 0
46292 1
46307 0
46315 1
46320 1
46332 1
46339 1
46348 1
46359 1
46362 1
46376 0
46385 1
46389 1
46396 0
46410 1
46423 0
46434 0
46436 1
46451 1
46457 1
46464 1
46473 1
46480 0
46484 0
46496 0
46498 0
46512 0
46516 0
46523 0
46535 1
46546 1
46548 1
46549 0
46557 0
46564 1
46572 0
46584 1
46587 0
46600 1
46603 0
46608 0
46615 0
46627 1
46633 0
46639 1
46641 0
46656 1
46659 0
46667 1
46673 0
46674 1
46685 0
46692 1
46694 0
46705 1
46720 0
46727 0
46741 0
46750 1
46756 1
46761 0
46770 0
46785 1
46794 0
46801 1
46802 1
46817 1
46826 0
46838 1
46850 0
46853 0
46860 0
46865 0
46866 0
46877 0
46891 1
46904 1
46918 0
46920 0
46921 1
46934 1
46948 1
46956 0
46969 0
46970 1
46978 1
46987 1
46995 1
47000 0
47002 1
47005 1
47008 1
47019 0
47022 0
47030 0
47036 0
47041 0
47042 0
47047 0
47049 0
47056 0
47058 0
47061 0
47065 1
47069 1
47080 0
47086 0
47094 1
47109 1
47114 1
47115 0
47121 0
47132 1
47141 1
47143 1
47155 1
47157 0
47162 1
47174 1
47193 0
47202 0
47215 0
47223 0
47229 0
47237 0
47246 1
47253 1
47265 0
47272 1
47286 0
47293 1
47301 0
47312 1
47324 1
47330 1
47333 1
47340 1
47343 1
47351 0
47366 1
47380 0
47385 0
47387 0
47396 1
47405 1
47417 0
47424 0
47426 0
47437 1
47451 0
47463 1
47478 0
47483 1
47487 0
47495 1
47504 0
47518 0
47533 1
47548 0
47549 1
47551 1
47565 1
47578 1
47580 0
47589 0
47593 1
47608 0
47612 1
47615 0
47616 1
47630 1
47638 1
47642 0
47646 1
47657 0
47660 0
47662 1
47669 0
47677 1
47688 0
47701 0
47714 1
47728 0
47731 0
47744 1
47747 1
47761 0
47762 1
47766 1
47780 1
47794 1
47800 0
47808 0
47813 1
47821 1
47836 0
47837 0
47839 1
47842 0
47845 0
47860 1
47869 1
47876 0
47887 0
47893 1
47906 0
47912 1
47920 1
47924 1
47925 1
47928 1
47942 1
47945 1
47954 0
47961 1
47972 1
47978 0
47990 0
48003 1
48006 0
48019 1
48048 0
48063 1
48078 0
48080 0
48089 1
48098 0
48107 0
48109 1
48111 0
48112 0
48121 0
48129 0
48131 1
48136 0
48151 0
48152 1
48160 1
48167 0
48194 0
48196 1
48199 0
48213 1
48220 1
48229 0
48234 0
48246 1
48252 1
48259 1
48270 1
48276 1
48290 1
48299 0
48311 0
48320 1
48334 1
48348 1
48349 0
48357 1
48369 0
48371 0
48386 1
48390 1
48395 1
48396 0
48411 1
48420 1
48424 1
48429 0
48430 0
48445 0
48459 0
48461 1
48473 0
48485 1
48493 1
48502 1
48505 0
48519 1
48524 1
48530 1
48534 0
48536 0
48543 0
48545 0
48556 1
48565 1
48573 1
48582 0
48585 1
48588 1
48590 1
48596 0
48607 0
48610 1
48616 0
48628 1
48642 0
48653 1
48656 1
48668 0
48676 1
48680 0
48689 0
48701 1
48706 0
48709 0
48722 0
48726 0
48733 0
48744 1
48759 1
48773 1
48775 1
48779 0
48791 1
48796 0
48798 0
48807 1
48814 1
48826 1
48841 0
48856 0
48857 0
48865 0
48869 1
48884 1
48890 0
48901 1
48916 1
48921 0
48934 0
48939 0
48950 1
48954 0
48957 0
48965 1
48968 0
48977 0
48984 1
48998 1
49009 0
49013 1
49025 0
49033 1
49036 0
49038 0
49045 1
49056 0
49071 1
49084 0
49097 0
49112 1
49127 1
49130 0
49136 1
49147 0
49148 1
49155 1
49156 0
49164 1
49178 0
49181 0
49195 1
49197 0
49203 0
49214 1
49217 1
49224 1
49227 0
49230 1
49231 0
49232 0
49247 1
49252 0
49258 1
49272 1
49286 1
49292 1
49296 0
49304 0
49310 1
49313 1
49326 0
49335 1
49343 1
49357 0
49359 0
49360 1
49367 1
49382 0
49390 1
49394 1
49397 0
49405 0
49418 1
49420 1
49435 0
49450 0
49465 1
49466 0
49467 1
49471 0
49484 0
49485 1
49491 1
49492 0
49503 1
49512 1
49516 1
49525 0
49533 1
49544 0
49547 1
49562 1
49565 1
49572 1
49573 0
49585 1
49600 0
49604 1
49607 0
49616 1
49625 1
49633 0
49644 1
49652 0
49664 0
49671 0
49676 0
49677 0
49685 0
49687 0
49701 0
49703 0
49707 0
49708 1
49710 0
49719 0
49723 0
49726 0
49732 0
49744 1
49755 0
49767 0
49774 1
49785 0
49793 1
49806 0
49812 1
49826 1
49840 1
49847 1
49852 1
49853 1
49865 0
49878 0
49883 0
49887 0
49901 0
49902 1
49910 0
49919 0
49920 1
49921 0
49936 1
49947 1
49950 0
49952 1
49966 1
49969 0
49980 0
49993 1
49998 1
50003 0
50014 0
50015 1
50027 1
50039 1
50047 0
50054 0
50055 1
50059 0
50074 1
50076 1
50090 0
50104 0
50118 0
50131 1
50137 0
50140 1
50146 0
50147 0
50153 1
50155 1
50159 0
50162 0
50167 0
50169 1
50174 0
50187 0
50191 0
50198 1
50205 1
50207 1
50210 1
50217 0
50219 1
50221 1
50226 1
50237 0
50252 1
50261 0
50264 1
50278 1
50289 1
50295 1
50300 0
50311 1
50316 0
50322 0
50324 1
50329 1
50343 0
50349 1
50360 1
50368 0
50383 0
50385 0
50387 0
50388 0
50396 0
50408 1
50422 1
50429 1
50432 0
50443 1
50456 0
50467 1
50482 1
50490 1
50499 1
50506 1
50520 1
50528 1
50531 0
50542 0
50546 1
50555 1
50564 0
50577 0
50592 0
50593 0
50596 1
50607 0
50618 1
50631 0
50644 1
50648 0
50659 1
50665 0
50673 0
50688 1
50703 0
50707 0
50710 1
50723 0
50726 1
50730 0
50734 1
50749 1
50761 1
50775 0
50788 1
50790 0
50799 1
50810 0
50815 1
50816 1
50819 0
50824 1
50839 1
50840 1
50851 0
50862 1
50870 0
50875 0
50879 1
50892 0
50899 0
50903 0
50916 0
50923 1
50938 1
50945 0
50949 1
50962 0
50970 1
50979 1
50982 0
50983 1
50988 1
50989 1
50993 0
51000 1
51007 0
51011 1
51012 0
51024 1
51030 0
51038 1
51049 1
51050 1
51058 0
51061 1
51064 1
51077 1
51080 1
51086 0
51094 1
51097 0
51105 0
51112 1
51124 0
51132 0
51135 0
51149 1
51157 0
51162 0
51170 0
51177 1
51182 0
51205 0
51218 1
51219 0
51223 0
51230 0
51232 0
51247 1
51254 0
51265 1
51270 1
51272 0
51278 0
51289 1
51304 1
51318 1
51331 1
51332 1
51333 0
51348 1
51363 1
51368 1
51383 1
51394 0
51402 0
51404 0
51419 1
51425 0
51426 1
51430 1
51443 1
51455 1
51459 0
51471 0
51472 0
51475 0
51483 0
51496 1
51497 0
51511 0
51525 1
51528 1
51529 0
51530 0
51545 0
51556 1
51563 0
51577 0
51579 1
51591 0
51603 0
51616 1
51621 0
51627 1
51638 1
51651 0
51652 1
51667 1
51670 1
51672 1
51684 1
51687 1
51693 0
51694 1
51706 0
51709 1
51711 1
51728 1
51730 1
51739 1
51741 1
51743 0
51747 1
51750 1
51761 0
51774 1
51782 1
51796 1
51800 0
51813 1
51828 1
51830 0
51844 0
51846 1
51851 0
51865 0
51879 0
51893 0
51896 1
51899 1
51905 0
51908 0
51915 1
51928 1
51941 1
51949 0
51950 1
51956 0
51967 1
51975 0
51986 1
51987 0
51990 1
51996 1
52002 1
52014 1
52019 0
52025 0
52030 1
52038 1
52052 1
52059 0
52071 0
52078 0
52079 1
52093 1
52101 1
52114 1
52122 0
52127 1
52129 1
52130 0
52142 1
52147 1
52153 0
52154 0
52156 0
52168 1
52169 1
52184 0
52198 0
52201 0
52202 0
52215 1
52222 0
52249 0
52251 0
52255 0
52257 0
52262 0
52276 1
52285 1
52293 0
52308 1
52317 0
52321 0
52335 1
52350 0
52363 1
52367 1
52382 0
52383 1
52387 0
52396 1
52402 1
52409 0
52424 1
52438 1
52453 1
52464 1
52476 0
52479 1
52484 1
52499 1
52510 1
52516 0
52529 0
52531 0
52539 0
52548 0
52556 1
52560 1
52575 0
52582 0
52584 0
52593 1
52595 1
52603 1
52616 1
52624 1
52632 1
52646 1
52655 0
52658 0
52671 0
52678 1
52679 1
52686 0
52697 0
52704 1
52713 0
52722 0
52728 0
52732 0
52738 1
52739 0
52746 0
52749 0
52758 1
52770 0
52771 0
52786 1
52795 0
52802 0
52811 1
52816 0
52817 1
52818 0
52826 0
52842 1
52853 1
52866 1
52871 1
52880 0
52889 0
52897 0
52901 0
52916 1
52921 0
52933 1
52935 0
52942 0
52950 1
52961 0
52976 1
52977 0
52988 0
52992 1
52995 0
53000 1
53004 0
53009 0
53020 1
53023 0
53036 0
53041 0
53042 0
53055 0
53062 0
53074 0
53079 1
53091 0
53105 1
53110 0
53118 1
53132 1
53135 1
53149 1
53154 1
53156 1
53167 1
53181 1
53183 1
53184 0
53195 1
53207 1
53209 0
53221 1
53229 0
53250 0
53253 0
53262 1
53271 0
53285 0
53300 1
53305 1
53316 0
53328 1
53339 1
53350 0
53363 0
53378 1
53393 0
53401 0
53410 1
53422 1
53429 0
53434 0
53445 1
53447 1
53455 0
53466 0
53467 0
53473 0
53476 0
53484 1
53499 0
53512 1
53524 0
53531 0
53537 0
53543 0
53555 0
53561 1
53563 1
53576 1
53583 1
53589 1
53592 1
53599 1
53604 0
53608 1
53619 1
53634 0
53650 1
53661 1
53674 0
53681 0
53693 1
53704 0
53715 0
53718 1
53727 0
53740 1
53741 1
53756 1
53764 1
53773 0
53775 1
53781 1
53782 1
53788 0
53800 0
53811 1
53826 1
53828 1
53837 1
53849 0
53860 0
53872 1
53873 1
53885 0
53886 1
53893 1
53906 0
53912 0
53924 0
53931 0
53936 1
53937 1
53946 0
53962 0
53967 1
53981 1
53988 1
54000 1
54002 1
54013 0
54016 1
54021 1
54022 1
54024 0
54037 0
54051 1
54065 0
54071 0
54079 0
54092 0
54101 0
54105 0
54108 1
54121 1
54136 0
54145 0
54154 0
54155 0
54156 1
54171 1
54180 0
54185 0
54194 1
54203 0
54224 0
54235 0
54240 0
54245 0
54254 0
54269 0
54273 1
54280 0
54286 1
54291 1
54300 1
54309 1
54320 1
54325 0
54339 0
54353 0
54357 0
54371 1
54386 0
54391 0
54393 1
54397 0
54402 0
54413 0
54424 0
54435 1
54441 1
54450 1
54456 1
54471 1
54473 1
54485 0
54497 1
54498 1
54502 0
54509 1
54510 1
54519 0
54524 1
54531 1
54539 0
54542 0
54553 1
54568 1
54571 0
54573 1
54588 1
54601 1
54606 0
54610 1
54622 1
54634 0
54647 0
54654 0
54658 1
54671 1
54682 0
54688 1
54700 1
54714 0
54723 1
54735 0
54742 1
54761 1
54775 1
54778 1
54785 1
54800 1
54803 1
54815 1
54829 1
54835 0
54856 0
54863 0
54878 1
54885 0
54890 1
54901 1
54908 1
54919 0
54933 1
54945 0
54949 1
54950 0
54958 1
54966 0
54967 0
54982 0
54994 1
54995 1
54998 0
55003 0
55012 0
55027 0
55030 0
55045 0
55048 0
55063 0
55066 0
55069 0
55071 0
55077 1
55079 0
55088 0
55094 0
55097 1
55105 1
55106 1
55109 1
55113 0
55128 1
55132 1
55134 1
55138 0
55145 0
55153 0
55162 0
55163 0
55174 1
55187 1
55190 1
55193 0
55205 1
55216 1
55230 1
55241 1
55242 1
55249 1
55256 0
55271 0
55286 1
55299 0
55305 0
55308 1
55323 0
55332 1
55340 1
55341 0
55354 0
55363 1
55382 1
55386 1
55388 0
55400 1
55411 1
55423 0
55430 0
55432 0
55437 0
55445 0
55447 1
55459 1
55473 0
55482 0
55484 1
55485 0
55489 0
55503 0
55518 1
55531 0
55542 1
55546 1
55552 1
55553 0
55564 0
55579 1
55584 0
55585 0
55604 0
55613 0
55624 1
55629 1
55643 0
55654 0
55657 1
55666 1
55679 0
55692 1
55706 1
55711 0
55722 0
55730 0
55737 1
55739 1
55752 0
55764 0
55778 1
55784 1
55795 0
55801 1
55803 0
55808 0
55819 0
55821 1
55835 0
55841 1
55847 1
55854 0
55869 0
55881 1
55895 1
55896 0
55911 1
55916 1
55922 0
55927 0
55940 0
55945 1
55954 0
55965 1
55972 0
55976 0
55991 0
56003 0
56011 0
56025 0
56028 1
56043 0
56051 0
56053 0
56067 0
56076 0
56091 0
56104 0
56105 0
56114 1
56123 0
56130 0
56133 1
56141 1
56145 0
56158 1
56160 1
56166 0
56179 1
56183 0
56185 1
56200 1
56209 1
56215 1
56218 0
56233 0
56242 1
56245 0
56268 1
56272 1
56281 1
56285 1
56299 1
56301 0
56308 1
56309 1
56310 1
56319 0
56334 0
56339 1
56342 1
56349 0
56350 1
56354 0
56367 1
56368 0
56375 1
56384 1
56399 1
56414 1
56428 0
56429 0
56437 1
56438 0
56445 1
56460 0
56464 0
56468 1
56476 1
56491 1
56498 1
56502 1
56506 1
56520 1
56531 1
56538 1
56550 1
56554 0
56561 0
56566 1
56570 0
56581 0
56595 0
56602 0
56606 0
56617 0
56630 0
56643 0
56646 1
56659 0
56660 0
56664 0
56670 1
56673 0
56675 0
56682 1
56690 1
56698 1
56705 1
56710 0
56719 1
56730 1
56739 0
56744 1
56747 1
56754 0
56756 1
56758 1
56765 1
56776 0
56787 0
56795 1
56806 0
56828 0
56829 0
56838 0
56839 0
56845 0
56859 1
56861 0
56873 1
56881 1
56894 1
56898 0
56912 0
56920 0
56921 1
56926 0
56928 1
56940 0
56942 1
56944 0
56949 1
56962 1
56973 0
56984 0
56992 0
57007 0
57016 0
57019 0
57020 1
57023 0
57035 1
57047 1
57061 0
57072 0
57076 0
57081 0
57087 0
57101 1
57105 0
57108 1
57119 1
57130 1
57141 1
57149 1
57157 0
57171 1
57179 0
57182 1
57199 1
57211 1
57213 0
57228 0
57240 0
57247 1
57256 0
57259 0
57267 1
57281 1
57283 1
57291 0
57305 1
57318 1
57332 0
57344 0
57347 1
57356 0
57358 0
57360 0
57368 0
57380 1
57393 0
57405 0
57419 1
57430 1
57433 0
57436 0
57447 1
57461 1
57464 1
57473 0
57475 0
57489 1
57495 0
57500 1
57508 1
57527 1
57539 0
57542 1
57553 0
57563 1
57577 1
57588 1
57595 0
57602 1
57604 0
57608 0
57621 0
57627 0
57631 0
57632 0
57647 1
57651 1
57664 0
57675 1
57680 0
57687 1
57699 0
57714 0
57722 0
57723 0
57730 1
57731 1
57739 0
57745 0
57751 0
57760 0
57773 1
57787 1
57795 0
57809 1
57822 1
57823 0
57824 1
57839 1
57848 1
57852 1
57854 1
57857 1
57870 0
57879 1
57888 1
57890 1
57905 1
57909 1
57921 0
57926 0
57932 0
57935 0
57940 1
57943 0
57957 0
57966 0
57979 1
57985 1
57992 0
57993 1
57995 1
57997 0
57998 0
58012 1
58018 1
58033 0
58045 1
58058 1
58067 0
58081 1
58094 1
58102 1
58115 1
58123 1
58134 1
58143 0
58150 0
58158 1
58171 1
58179 0
58192 0
58201 0
58216 1
58217 0
58220 1
58226 1
58233 1
58242 1
58246 0
58248 0
58255 0
58258 0
58261 1
58267 1
58279 0
58286 0
58297 1
58308 1
58315 1
58327 0
58335 1
58346 0
58353 0
58358 0
58364 0
58372 1
58377 1
58381 1
58386 0
58399 0
58410 1
58412 0
58421 0
58434 0
58445 1
58450 0
58451 1
58454 1
58457 1
58463 0
58469 1
58480 1
58489 0
58504 1
58507 1
58508 0
58512 1
58516 1
58527 0
58542 1
58555 0
58556 0
58564 0
58572 0
58587 1
58598 0
58610 1
58617 1
58629 1
58643 0
58656 0
58668 0
58675 1
58687 1
58694 0
58695 1
58707 0
58720 0
58735 0
58741 1
58743 1
58749 1
58755 0
58756 1
58769 1
58772 1
58775 1
58781 1
58790 0
58793 1
58805 1
58812 1
58815 0
58816 1
58829 1
58841 0
58847 1
58855 0
58860 0
58871 0
58883 1
58895 0
58901 0
58903 0
58906 1
58908 1
58922 0
58927 1
58941 0
58947 0
58951 0
58955 0
58970 1
58983 1
58990 0
59012 0
59020 0
59032 1
59044 1
59057 0
59059 1
59065 0
59076 1
59085 1
59096 1
59103 0
59104 1
59117 0
59125 0
59132 1
59133 0
59145 0
59149 0
59161 0
59176 0
59178 1
59185 0
59186 1
59193 1
59204 0
59210 1
59218 0
59229 1
59241 1
59256 1
59259 1
59262 0
59266 1
59267 1
59278 1
59284 1
59306 1
59321 1
59330 0
59333 0
59346 0
59359 0
59360 1
59364 0
59377 0
59380 0
59393 1
59395 0
59407 0
59420 0
59428 1
59432 1
59443 0
59455 0
59468 1
59477 1
59492 0
59493 1
59496 1
59508 1
59519 0
59527 0
59531 1
59544 1
59546 1
59561 0
59575 0
59583 0
59594 0
59603 0
59615 1
59620 0
59621 0
59624 1
59639 0
59646 0
59655 0
59670 0
59673 0
59688 0
59699 0
59706 0
59711 0
59712 0
59714 0
59720 0
59729 1
59752 0
59759 1
59760 1
59769 0
59773 1
59780 0
59784 1
59799 0
59807 0
59820 0
59832 1
59843 1
59857 0
59866 0
59874 1
59878 1
59882 0
59883 1
59891 0
59899 0
59905 1
59920 0
59926 0
59934 1
59957 1
59969 0
59973 1
59980 0
59982 0
59990 0
59994 1
59996 1
60007 0
60009 1
60016 0
60017 0
60022 1
60044 1
60057 0
60058 0
60073 0
60079 0
60083 0
60094 1
60105 1
60117 1
60126 1
60141 0
60155 0
60162 0
60170 1
60181 1
60193 1
60205 0
60220 0
60233 0
60241 0
60244 1
60252 0
60264 1
60278 0
60292 0
60299 1
60314 0
60328 0
60333 0
60340 0
60345 0
60360 1
60362 1
60371 0
60379 0
60382 0
60393 0
60400 1
60415 1
60424 0
60426 0
60440 1
60453 0
60456 1
60464 0
60467 1
60468 0
60481 0
60489 0
60493 1
60496 1
60500 0
60514 1
60521 1
60533 1
60536 0
60542 0
60557 0
60564 0
60577 0
60579 1
60593 1
60598 0
60621 0
60636 1
60638 0
60642 0
60648 1
60655 1
60664 0
60667 1
60672 1
60680 0
60683 1
60685 1
60698 0
60704 1
60711 1
60713 1
60725 0
60732 0
60740 0
60744 0
60756 1
60758 0
60771 1
60780 1
60789 0
60792 0
60805 1
60819 0
60827 1
60836 0
60847 1
60854 1
60855 1
60868 1
60879 1
60888 1
60896 0
60915 0
60926 0
60934 1
60947 0
60955 0
60961 0
60972 1
60977 0
60978 1
60993 0
60996 1
61010 1
61011 1
61019 0
61037 0
61040 0
61045 0
61047 1
61048 0
61056 0
61070 0
61082 1
61094 1
61107 1
61121 1
61130 0
61136 0
61138 1
61145 0
61151 0
61164 1
61169 0
61180 1
61188 0
61191 1
61193 0
61204 1
61207 0
61218 0
61230 0
61235 0
61236 0
61243 0
61249 1
61254 0
61268 1
61269 1
61271 1
61274 0
61278 0
61279 1
61284 1
61298 1
61313 0
61337 0
61350 0
61356 0
61365 1
61373 0
61384 0
61398 0
61403 0
61410 0
61422 1
61437 1
61442 0
61455 1
61458 0
61473 0
61480 0
61483 1
61495 1
61496 1
61505 0
61518 0
61525 0
61528 1
61540 0
61553 0
61560 1
61561 0
61562 1
61575 0
61584 0
61597 1
61603 1
61618 0
61622 0
61623 1
61630 0
61639 0
61643 0
61650 0
61664 0
61676 1
61683 1
61698 1
61699 1
61706 1
61714 0
61725 0
61726 0
61737 1
61746 1
61759 0
61773 1
61776 0
61791 0
61799 1
61814 0
61818 0
61826 0
61827 0
61828 0
61834 1
61843 1
61851 0
61854 1
61862 1
61865 0
61869 0
61888 0
61896 1
61909 0
61910 1
61912 1
61923 0
61934 0
61943 0
61950 0
61956 0
61962 1
61969 1
61980 1
61984 0
61991 1
61992 0
61997 0
62006 1
62010 0
62018 0
62030 1
62042 1
62046 0
62054 0
62066 1
62079 1
62091 1
62099 0
62104 1
62107 0
62116 1
62121 0
62123 0
62135 0
62146 1
62150 1
62152 0
62153 1
62161 0
62167 1
62175 0
62187 1
62192 1
62196 0
62218 1
62229 0
62240 1
62255 1
62259 1
62271 1
62286 1
62298 1
62305 1
62318 0
62323 0
62334 1
62338 1
62344 1
62356 0
62369 0
62382 0
62394 0
62400 0
62411 0
62420 1
62424 1
62430 1
62438 0
62447 0
62453 1
62461 1
62463 0
62469 0
62483 1
62489 0
62492 1
62498 1
62513 1
62524 0
62537 0
62545 1
62553 0
62560 0
62561 0
62573 0
62581 1
62588 0
62601 1
62608 1
62613 1
62626 1
62641 1
62649 1
62651 0
62657 1
62666 1
62680 0
62687 0
62690 0
62693 1
62699 1
62703 0
62717 1
62725 0
62728 1
62743 0
62744 0
62752 0
62753 0
62754 0
62762 0
62765 0
62778 0
62780 1
62785 1
62796 0
62801 0
62808 1
62819 1
62834 0
62843 1
62857 0
62866 1
62880 1
62888 1
62900 1
62911 0
62913 1
62924 0
62927 1
62933 1
62945 0
62950 1
62957 1
62971 0
62975 1
62988 0
63004 1
63012 0
63027 0
63042 0
63051 0
63056 1
63062 1
63070 1
63083 0
63084 0
63085 0
63089 0
63100 1
63115 0
63126 1
63133 1
63148 0
63162 0
63168 1
63174 0
63190 1
63196 0
63204 1
63218 1
63222 1
63224 0
63229 0
63240 1
63246 0
63251 1
63254 0
63260 0
63272 1
63285 1
63294 0
63307 1
63312 0
63339 1
63341 0
63353 0
63366 1
63378 1
63391 0
63394 1
63397 0
63411 1
63425 1
63439 1
63445 1
63446 1
63458 1
63465 0
63480 1
63495 0
63497 0
63511 0
63518 0
63529 0
63541 0
63543 0
63555 1
63566 0
63574 0
63576 0
63582 1
63595 1
63603 1
63617 0
63623 1
63635 0
63642 0
63650 0
63659 0
63661 0
63664 0
63675 1
63678 0
63693 0
63697 1
63700 0
63701 1
63705 1
63726 0
63741 0
63755 0
63767 0
63781 0
63793 1
63805 1
63812 0
63819 0
63824 0
63833 0
63844 1
63850 1
63862 0
63871 0
63879 0
63894 1
63902 0
63915 0
63923 1
63929 1
63932 1
63940 0
63947 1
63967 1
63975 0
63980 0
63984 1
63999 1
64004 1
64012 0
64020 1
64023 0
64028 1
64031 1
64036 0
64049 1
64074 1
64077 1
64080 0
64088 1
64095 0
64110 0
64139 1
64143 0
64156 1
64168 0
64174 0
64182 0
64188 1
64213 1
64218 1
64221 0
64224 0
64241 1
64250 1
64255 1
64268 1
64279 0
64281 1
64284 1
64292 0
64300 1
64313 0
64325 1
64332 0
64344 0
64349 1
64360 1
64368 1
64383 0
64387 1
64392 0
64401 1
64403 0
64404 0
64406 1
64421 0
64424 1
64435 1
64450 0
64454 0
64467 1
64474 0
64483 0
64488 0
64489 0
64498 1
64507 1
64515 0
64523 1
64530 1
64533 0
64542 0
64545 0
64547 1
64550 0
64559 1
64566 0
64574 1
64585 1
64588 1
64602 1
64611 0
64615 0
64618 0
64621 0
64623 1
64634 1
64642 1
64646 1
64650 1
64653 1
64654 0
64660 1
64661 0
64666 1
64679 1
64684 0
64692 1
64695 1
64708 0
64716 0
64717 1
64721 1
64729 0
64738 0
64741 1
64742 0
64756 1
64759 1
64763 0
64776 0
64780 0
64786 0
64801 0
64807 0
64819 0
64827 1
64836 1
64838 0
64851 0
64856 0
64865 0
64870 1
64879 1
64880 0
64893 1
64906 1
64918 0
64929 1
64935 0
64943 1
64957 0
64971 0
64977 1
64990 0
64994 1
65002 1
65017 0
65025 1
65032 0
65044 0
65058 0
65059 0
65067 1
65082 0
65083 1
65097 0
65101 0
65104 1
65107 1
65116 0
65134 1
65147 1
65153 1
65160 1
65167 1
65178 1
65179 1
65192 0
65198 1
65210 0
65225 0
65229 1
65230 1
65239 0
65248 0
65253 1
65254 0
65255 1
65256 1
65269 1
65278 1
65282 1
65284 1
65285 0
65297 0
65311 0
65314 0
65327 1
65333 0
65336 1
65340 0
65349 0
65356 0
65363 1
65364 1
65367 1
65379 1
65382 0
65396 1
65408 1
65411 0
65426 0
65437 0
65442 1
65453 1
65464 0
65472 1
65475 1
65490 0
65502 1
65516 0
65523 0
65536 1
65541 0
65543 0
65548 1
65551 0
65552 0
65553 0
65567 1
65582 0
65596 1
65602 0
65617 0
65621 0
65628 0
65643 1
65649 0
65655 1
65662 1
65676 1
65681 1
65692 0
65704 0
65715 1
65721 1
65732 0
65739 1
65765 0
65768 0
65780 1
65786 1
65787 0
65792 1
65800 1
65803 0
65806 0
65811 0
65825 1
65838 1
65841 1
65854 1
65867 1
65872 1
65885 0
65898 0
65901 1
65915 0
65916 0
65927 1
65952 1
65958 0
65960 0
65961 0
65964 1
65968 1
65973 0
65988 1
65996 0
66011 0
66017 0
66025 0
66036 1
66037 0
66050 0
66056 0
66057 1
66070 1
66077 0
66086 1
66088 0
66089 0
66102 0
66106 0
66113 1
66125 1
66137 1
66138 0
66144 1
66149 0
66152 1
66157 1
66171 0
66176 1
66180 0
66189 0
66201 0
66214 1
66226 0
66235 1
66256 1
66257 1
66265 0
66273 0
66280 0
66281 1
66283 1
66296 0
66298 0
66303 0
66307 0
66315 0
66319 0
66328 0
66341 1
66353 1
66357 0
66371 1
66379 1
66394 1
66397 1
66409 1
66412 0
66418 0
66423 1
66437 1
66445 0
66472 0
66485 1
66486 0
66498 0
66512 1
66516 1
66522 0
66527 0
66542 1
66547 1
66559 1
66564 1
66571 1
66579 0
66590 1
66599 0
66605 0
66620 1
66635 1
66642 0
66648 0
66656 0
66660 1
66668 1
66679 0
66694 1
66708 0
66714 0
66716 1
66723 1
66735 0
66742 0
66757 1
66761 0
66766 0
66768 0
66779 1
66794 0
66801 0
66813 1
66818 1
66820 0
66833 0
66847 1
66858 0
66872 1
66885 0
66889 0
66894 1
66905 1
66911 0
66919 1
66933 1
66936 1
66943 1
66957 0
66958 0
66970 0
66978 1
66991 0
67003 0
67008 0
67019 0
67032 1
67039 0
67041 1
67047 0
67052 1
67063 0
67078 1
67093 1
67105 1
67106 1
67121 0
67132 1
67140 0
67148 0
67157 0
67164 1
67172 1
67177 0
67179 1
67191 1
67195 1
67207 1
67215 1
67223 1
67234 1
67243 1
67249 0
67256 0
67271 0
67285 0
67300 1
67308 1
67322 1
67337 0
67339 0
67346 0
67358 1
67365 0
67367 0
67371 0
67382 0
67391 1
67398 1
67403 1
67418 0
67429 1
67444 0
67452 0
67456 0
67464 0
67468 1
67473 0
67487 0
67490 1
67492 1
67494 0
67495 0
67501 0
67513 1
67526 1
67539 1
67543 1
67548 0
67555 0
67557 0
67565 1
67568 0
67576 1
67585 0
67591 0
67596 1
67603 1
67616 1
67620 1
67628 1
67639 0
67644 1
67656 0
67683 0
67691 1
67706 0
67721 1
67730 0
67745 0
67756 0
67767 0
67782 1
67797 0
67809 1
67815 1
67823 0
67831 1
67837 1
67851 0
67854 0
67857 0
67864 1
67866 1
67870 1
67875 1
67878 1
67889 0
67892 1
67895 1
67923 0
67926 0
67928 0
67942 0
67956 1
67967 1
67973 1
67984 1
67995 1
67997 0
67999 0
68006 0
68020 1
68033 0
68048 0
68056 0
68062 1
68068 1
68075 0
68076 1
68081 1
68084 0
68090 1
68098 1
68113 0
68115 0
68122 0
68123 1
68125 0
68139 1
68147 1
68160 1
68173 1
68178 0
68180 1
68191 1
68196 1
68208 0
68221 1
68233 0
68241 1
68249 1
68257 1
68261 1
68274 1
68288 0
68303 0
68312 0
68318 0
68333 0
68340 0
68353 0
68354 1
68368 1
68372 1
68378 0
68379 0
68384 0
68399 0
68400 0
68401 1
68402 0
68410 0
68416 0
68421 1
68432 1
68445 1
68452 1
68459 1
68467 1
68480 0
68483 0
68490 1
68502 0
68518 1
68529 0
68540 0
68544 1
68552 0
68566 1
68579 0
68594 1
68608 1
68615 1
68622 0
68630 1
68641 0
68644 0
68657 0
68661 1
68662 1
68692 1
68699 0
68701 0
68713 0
68726 0
68738 1
68744 0
68756 1
68757 1
68769 1
68778 0
68786 0
68799 1
68807 1
68815 1
68827 1
68832 1
68846 1
68861 1
68870 1
68874 1
68882 0
68906 0
68914 0
68929 0
68933 0
68938 1
68950 0
68977 1
68980 0
68986 0
69000 1
69002 0
69003 1
69010 0
69017 1
69028 1
69034 1
69037 1
69041 1
69043 0
69055 1
69063 0
69068 0
69076 0
69081 1
69092 1
69099 1
69113 0
69119 1
69121 1
69136 1
69151 0
69162 0
69165 1
69169 0
69173 1
69181 1
69194 1
69200 0
69228 1
69243 1
69249 1
69257 0
69260 0
69261 0
69263 1
69276 1
69285 0
69294 0
69296 0
69304 1
69312 0
69337 0
69348 1
69363 0
69377 1
69385 1
69399 1
69406 1
69415 1
69426 1
69431 1
69440 0
69453 1
69457 1
69468 0
69477 1
69492 1
69507 1
69518 1
69525 0
69526 0
69537 1
69539 0
69550 1
69551 0
69558 0
69573 1
69577 0
69580 1
69594 1
69605 1
69607 0
69613 1
69619 0
69628 0
69629 1
69634 1
69637 0
69652 0
69663 0
69676 0
69680 1
69685 0
69689 0
69696 1
69707 0
69712 1
69713 1
69716 0
69728 0
69732 0
69745 0
69751 1
69753 1
69757 1
69760 0
69774 1
69789 1
69803 0
69811 0
69819 1
69823 1
69838 1
69841 1
69848 1
69857 0
69864 0
69866 0
69881 1
69889 0
69906 1
69913 0
69915 0
69921 0
69936 0
69938 0
69945 0
69958 1
69971 1
69972 0
69979 0
69982 1
69986 0
70001 0
70005 1
70016 0
70023 1
70031 1
70045 1
70054 1
70068 1
70077 0
70084 0
70099 0
70100 1
70113 0
70117 0
70126 1
70131 1
70135 1
70144 1
70153 1
70167 0
70179 0
70185 0
70200 1
70205 1
70207 0
70222 0
70229 1
70235 1
70248 1
70260 0
70275 0
70280 0
70292 0
70303 0
70311 1
70314 1
70320 1
70326 0
70333 0
70335 0
70339 1
70344 0
70350 0
70356 0
70357 0
70369 1
70384 0
70389 0
70393 1
70400 0
70414 1
70425 1
70437 0
70445 1
70459 0
70466 0
70480 1
70488 0
70492 0
70506 0
70515 0
70527 0
70541 0
70556 0
70571 1
70576 0
70587 1
70595 1
70598 0
70613 0
70618 0
70619 1
70631 1
70642 1
70645 0
70647 1
70654 0
70656 0
70669 1
70676 1
70678 0
70685 0
70691 1
70721 1
70733 0
70735 0
70748 0
70761 0
70774 0
70782 0
70790 0
70802 0
70810 0
70825 0
70831 1
70848 1
70851 0
70854 1
70869 0
70882 1
70889 1
70891 0
70898 1
70906 0
70912 0
70917 1
70919 0
70925 1
70940 0
70948 0
70961 1
70965 1
70980 0
70982 0
70995 0
70996 0
71000 1
71014 0
71033 0
71039 0
71041 1
71046 0
71053 0
71061 1
71062 0
71075 1
71090 0
71097 1
71105 0
71106 1
71112 0
71120 0
71135 0
71140 0
71148 0
71155 0
71170 1
71177 0
71184 1
71195 1
71199 0
71210 0
71216 1
71224 0
71235 0
71239 1
71241 0
71246 1
71248 0
71249 0
71251 1
71252 1
71265 1
71276 1
71282 0
71287 0
71302 0
71307 1
71326 1
71327 0
71333 1
71340 0
71344 0
71349 1
71358 0
71363 1
71377 0
71380 0
71395 0
71397 1
71409 0
71413 0
71424 1
71427 0
71442 0
71454 0
71467 1
71471 1
71477 1
71480 1
71492 1
71496 0
71508 1
71517 0
71524 1
71530 1
71537 1
71540 0
71555 0
71570 1
71575 0
71581 0
71593 0
71607 1
71620 0
71632 0
71645 1
71654 1
71666 0
71681 0
71687 0
71690 1
71702 1
71709 0
71721 1
71726 1
71738 1
71747 1
71760 1
71764 0
71777 0
71785 1
71794 1
71800 0
71809 1
71811 0
71818 0
71824 0
71826 0
71837 0
71850 1
71861 0
71865 1
71878 1
71882 0
71890 0
71903 0
71911 1
71915 0
71917 0
71928 1
71929 1
71944 1
71956 0
71963 0
71971 0
71985 0
72000 0
72001 1
72002 1
72015 1
72019 1
72020 1
72032 0
72039 1
72056 0
72063 0
72067 1
72075 0
72081 1
72094 0
72109 1
72111 1
72122 0
72126 0
72128 0
72137 1
72142 0
72151 0
72162 0
72163 1
72168 1
72169 0
72176 0
72191 1
72198 1
72199 0
72207 1
72222 0
72230 0
72238 0
72253 1
72257 0
72259 1
72260 0
72266 1
72267 1
72274 0
72282 1
72285 1
72300 1
72301 0
72313 1
72317 1
72324 1
72326 1
72331 0
72334 0
72347 0
72359 0
72371 0
72378 0
72380 1
72395 1
72403 1
72412 1
72418 1
72424 1
72430 0
72433 1
72436 0
72439 1
72442 1
72449 1
72455 0
72460 0
72474 0
72475 0
72484 0
72495 1
72508 0
72521 0
72527 0
72535 0
72550 0
72554 0
72561 1
72572 1
72583 0
72589 1
72592 0
72607 0
72617 1
72631 1
72646 0
72648 1
72659 1
72665 1
72668 1
72673 1
72684 1
72697 0
72706 0
72720 0
72732 1
72746 0
72755 0
72756 0
72762 0
72767 1
72781 0
72796 1
72810 0
72819 1
72831 0
72838 0
72844 0
72845 1
72860 0
72879 0
72890 1
72902 1
72904 1
72909 1
72911 0
72915 1
72917 1
72924 0
72925 1
72933 1
72940 1
72948 1
72963 0
72975 1
72987 1
72996 1
73008 0
73021 0
73035 0
73040 1
73042 1
73046 0
73048 0
73057 0
73069 1
73070 1
73075 0
73084 0
73087 0
73100 0
73112 0
73120 0
73129 0
73140 0
73141 1
73153 0
73157 0
73166 0
73181 1
73196 0
73205 1
73209 0
73210 0
73224 1
73233 0
73235 1
73241 0
73254 1
73278 1
73289 0
73296 1
73307 1
73319 1
73323 1
73336 1
73347 0
73359 0
73363 0
73364 1
73372 1
73379 0
73392 0
73394 0
73407 0
73420 1
73422 0
73423 0
73435 0
73448 1
73449 1
73453 0
73457 1
73461 0
73474 1
73486 0
73490 1
73501 0
73503 1
73510 1
73514 0
73527 0
73531 0
73538 1
73545 0
73560 1
73563 0
73572 0
73585 1
73586 1
73597 1
73598 0
73604 0
73609 0
73612 0
73614 1
73623 1
73634 0
73648 1
73659 1
73674 1
73688 1
73689 1
73698 0
73701 0
73705 1
73717 1
73728 0
73732 1
73733 1
73744 1
73750 0
73758 1
73770 1
73771 1
73785 1
73786 1
73791 1
73792 1
73807 1
73821 1
73834 0
73842 0
73853 1
73857 1
73865 1
73870 0
73873 0
73898 1
73899 0
73905 1
73908 1
73913 0
73927 0
73935 1
73949 0
73961 1
73969 1
73974 0
73976 1
73983 0
73984 1
73999 1
74006 0
74020 0
74032 0
74037 0
74039 0
74044 0
74055 0
74067 1
74070 1
74085 0
74099 0
74105 1
74120 1
74123 1
74130 0
74142 0
74144 1
74153 1
74166 0
74180 0
74184 1
74191 1
74197 0
74204 1
74205 1
74208 0
74216 0
74227 0
74242 1
74253 0
74255 0
74258 1
74267 1
74269 1
74271 0
74275 0
74283 0
74294 0
74307 1
74312 1
74315 0
74323 1
74326 0
74341 1
74356 1
74358 1
74371 0
74379 1
74383 0
74384 0
74385 0
74400 0
74412 1
74416 0
74431 1
74446 0
74448 0
74455 0
74463 1
74468 0
74472 0
74486 0
74487 0
74489 1
74500 1
74506 1
74512 0
74521 1
74524 1
74547 0
74551 1
74566 1
74574 0
74577 1
74582 0
74586 0
74601 1
74604 1
74619 0
74631 0
74644 0
74645 1
74647 0
74649 1
74658 0
74671 0
74673 1
74677 1
74689 0
74714 1
74721 0
74740 0
74741 1
74744 1
74756 0
74757 0
74764 1
74768 0
74771 0
74778 1
74783 1
74790 1
74803 0
74810 1
74815 0
74830 0
74832 0
74835 0
74836 1
74848 0
74856 0
74868 0
74881 1
74887 0
74896 1
74908 0
74917 1
74942 0
74946 0
74955 0
74956 1
74960 0
74969 0
74972 0
74983 0
74985 1
74986 0
74988 1
74989 1
75003 0
75004 1
75009 0
75020 0
75031 1
75037 0
75048 0
75062 1
75071 0
75085 1
75093 1
75100 0
75112 0
75126 1
75130 0
75145 0
75147 1
75159 0
75163 1
75170 0
75178 0
75189 0
75192 0
75203 1
75206 0
75210 1
75215 0
75222 0
75237 0
75241 1
75254 0
75259 1
75271 1
75276 1
75288 0
75290 0
75305 0
75316 1
75330 0
75345 0
75349 1
75356 0
75363 0
75369 1
75376 1
75380 0
75387 0
75398 1
75413 0
75415 0
75419 1
75424 1
75439 1
75454 0
75467 0
75474 0
75488 0
75492 0
75496 1
75501 1
75513 1
75519 0
75521 0
75536 1
75545 1
75549 1
75563 0
75566 1
75569 1
75570 0
75574 0
75586 0
75590 0
75605 0
75614 1
75628 0
75642 0
75656 0
75665 0
75672 0
75674 0
75678 0
75687 1
75701 1
75710 1
75713 0
75727 1
75731 1
75734 0
75736 0
75740 0
75744 0
75755 1
75756 0
75768 0
75769 0
75776 0
75789 1
75791 0
75802 1
75816 1
75822 1
75828 1
75841 0
75856 1
75858 1
75867 1
75882 1
75896 0
75907 1
75918 1
75920 0
75929 1
75932 1
75936 1
75949 1
75958 1
75960 0
75965 0
75980 0
75993 1
75997 1
76002 1
76016 1
76023 0
76024 1
76030 1
76038 1
76039 0
76053 1
76057 0
76065 0
76076 0
76087 0
76090 1
76102 0
76103 1
76109 1
76110 1
76113 0
76117 0
76121 1
76128 0
76133 0
76140 0
76155 1
76170 1
76173 0
76186 1
76191 0
76203 1
76214 1
76215 1
76227 0
76233 0
76244 0
76248 0
76263 0
76272 0
76276 1
76283 1
76297 0
76301 0
76315 0
76320 0
76335 1
76348 1
76354 0
76355 0
76369 0
76382 1
76384 0
76389 0
76400 0
76402 0
76415 0
76421 0
76430 1
76443 0
76450 0
76464 1
76472 0
76486 1
76499 0
76502 0
76510 1
76521 0
76533 1
76537 1
76549 1
76563 0
76566 1
76578 1
76590 0
76602 1
76607 1
76619 0
76625 0
76629 0
76634 0
76638 1
76643 1
76656 0
76663 1
76670 0
76683 0
76684 1
76690 0
76693 1
76705 1
76712 1
76718 0
76726 0
76733 1
76735 1
76741 0
76748 1
76753 1
76767 1
76772 1
76783 1
76796 0
76803 0
76806 1
76820 1
76831 1
76839 0
76846 1
76854 1
76863 1
76869 1
76884 0
76886 0
76899 0
76906 1
76921 0
76924 0
76931 1
76940 1
76953 0
76957 0
76959 0
76974 0
76987 1
77001 1
77006 0
77018 0
77025 1
77026 1
77041 1
77054 0
77063 0
77078 0
77085 0
77096 0
77102 1
77113 1
77126 0
77138 0
77146 1
77149 1
77152 1
77163 0
77170 0
77181 0
77185 1
77193 0
77205 0
77209 1
77214 1
77219 0
77230 0
77233 1
77245 0
77249 1
77261 0
77267 1
77280 0
77282 1
77295 0
77297 1
77303 0
77324 1
77338 1
77351 0
77353 1
77365 1
77369 1
77382 0
77385 1
77393 1
77396 1
77410 0
77422 1
77424 1
77427 1
77439 0
77454 1
77465 1
77466 1
77480 0
77481 1
77493 0
77496 1
77509 0
77521 1
77536 1
77551 1
77562 0
77565 1
77579 1
77592 1
77607 1
77609 0
77611 1
77613 0
77624 1
77626 1
77646 1
77647 0
77648 1
77651 1
77652 0
77663 1
77676 1
77681 1
77690 0
77693 1
77704 0
77716 1
77725 1
77736 0
77739 1
77740 0
77747 0
77760 1
77762 0
77773 1
77781 0
77784 1
77797 0
77812 1
77816 0
77830 0
77841 1
77846 1
77854 0
77860 0
77875 1
77878 1
77890 1
77892 1
77896 0
77905 1
77916 1
77919 0
77934 1
77945 1
77957 0
77966 0
77978 0
77987 1
78001 1
78006 1
78021 0
78029 1
78044 1
78052 1
78061 0
78068 0
78083 0
78097 1
78100 0
78111 0
78125 0
78137 1
78141 1
78154 0
78167 1
78170 0
78183 0
78189 1
78190 0
78197 0
78206 1
78215 1
78222 0
78230 1
78250 1
78252 1
78261 1
78264 1
78265 1
78269 1
78278 1
78285 1
78291 1
78305 1
78313 0
78317 0
78323 1
78343 1
78354 0
78358 0
78369 1
78374 1
78389 0
78396 0
78403 1
78412 0
78428 0
78437 0
78450 0
78456 0
78462 1
78463 0
78469 1
78480 0
78486 0
78499 0
78513 1
78515 1
78524 0
78526 0
78527 1
78529 1
78542 0
78550 0
78562 0
78568 1
78583 0
78592 1
78595 0
78597 1
78602 0
78609 0
78617 1
78622 0
78628 0
78641 1
78645 0
78648 0
78657 1
78672 1
78679 1
78682 1
78687 0
78690 1
78693 0
78708 1
78713 0
78717 1
78722 1
78729 0
78735 1
78748 0
78755 1
78761 0
78774 1
78780 1
78788 1
78797 0
78804 0
78806 0
78813 1
78819 0
78822 1
78830 1
78838 1
78849 0
78863 1
78868 0
78877 1
78891 0
78896 0
78897 0
78904 1
78906 0
78915 0
78924 0
78933 1
78938 1
78950 0
78959 1
78974 1
78988 0
78991 1
78994 1
79001 1
79016 1
79030 0
79044 0
79049 0
79057 0
79065 0
79066 0
79072 0
79081 1
79093 0
79099 1
79101 0
79108 1
79123 0
79128 1
79137 1
79150 1
79158 1
79161 1
79164 1
79176 1
79182 1
79188 0
79189 0
79200 0
79212 0
79220 1
79228 1
79239 1
79241 1
79248 0
79253 1
79255 1
79259 0
79272 1
79280 0
79284 1
79299 1
79306 1
79321 0
79329 1
79337 0
79349 0
79351 1
79357 0
79365 0
79366 0
79373 0
79375 1
79386 1
79388 0
79397 1
79412 0
79417 1
79431 1
79433 1
79436 0
79442 1
79451 0
79458 1
79467 0
79469 0
79476 0
79480 1
79481 0
79482 0
79484 0
79489 1
79502 0
79506 0
79517 1
79523 1
79526 1
79530 1
79544 1
79548 1
79553 1
79564 1
79578 1
79592 1
79605 1
79614 0
79618 0
79619 0
79628 0
79641 1
79649 1
79652 0
79667 1
79682 1
79688 0
79703 0
79705 1
