9739
12 1
23 1
35 1
48 1
55 1
70 1
82 1
84 0
93 0
99 1
110 0
111 1
113 0
118 0
119 1
126 0
128 0
142 0
151 1
157 0
169 0
172 0
177 1
188 1
189 1
195 1
201 1
204 0
209 0
213 1
225 0
238 0
241 0
254 1
259 1
271 1
275 0
287 1
294 0
303 0
307 0
321 0
335 0
349 0
354 1
366 1
367 0
382 1
384 0
388 1
403 0
411 1
423 0
428 1
442 0
446 0
454 0
467 1
472 1
474 0
476 0
480 1
485 1
498 1
503 1
506 0
507 0
521 1
530 0
544 0
559 1
564 0
571 0
583 1
584 0
592 0
598 0
611 1
619 1
621 1
623 0
624 0
627 0
639 1
652 0
657 1
665 1
670 1
673 1
680 0
687 1
698 0
707 0
711 0
720 0
723 1
727 1
735 1
738 0
753 0
761 0
770 0
784 1
791 1
799 1
811 0
822 1
829 0
840 0
844 1
847 0
852 0
865 0
879 0
892 0
893 0
895 0
896 1
900 1
913 1
919 0
932 1
939 0
956 0
958 0
962 0
975 1
983 1
991 1
998 1
1007 1
1015 0
1020 0
1022 1
1034 0
1038 1
1052 1
1055 1
1066 0
1072 0
1085 0
1088 0
1092 1
1095 0
1098 0
1106 0
1120 0
1135 1
1144 1
1149 0
1152 1
1160 1
1169 1
1178 1
1181 1
1189 0
1200 1
1212 0
1216 1
1218 1
1231 0
1246 1
1249 0
1255 0
1262 1
1279 1
1291 1
1304 1
1310 0
1316 0
1324 0
1331 0
1335 1
1344 1
1346 1
1354 1
1357 0
1360 0
1365 1
1368 1
1375 0
1390 1
1401 0
1407 0
1421 0
1423 0
1436 1
1440 0
1451 0
1453 0
1458 1
1461 1
1476 1
1483 0
1497 0
1505 0
1507 0
1522 0
1535 0
1540 0
1552 1
1565 1
1571 0
1577 1
1578 1
1584 1
1589 1
1598 1
1610 0
1611 0
1624 0
1627 0
1642 0
1650 1
1656 0
1658 0
1670 1
1676 1
1685 1
1687 1
1689 0
1694 0
1702 1
1706 0
1720 0
1725 0
1738 0
1746 0
1761 0
1767 1
1775 1
1790 0
1795 0
1810 1
1825 1
1830 0
1833 1
1835 1
1843 0
1848 1
1852 1
1863 0
1872 1
1887 0
1900 0
1912 0
1925 0
1934 0
1942 1
1943 0
1947 1
1952 0
1960 1
1967 1
1974 1
1983 1
1988 1
1989 0
1995 1
1998 0
2011 1
2018 0
2022 1
2023 0
2029 0
2036 0
2049 1
2064 1
2065 1
2069 0
2073 0
2088 1
2102 0
2116 0
2128 0
2129 1
2131 0
2146 0
2157 0
2165 1
2183 1
2195 1
2196 0
2211 0
2216 0
2228 0
2236 0
2248 0
2251 0
2258 0
2267 0
2282 0
2284 0
2286 1
2290 1
2295 1
2306 1
2321 1
2335 1
2344 0
2346 0
2352 0
2365 1
2374 0
2376 1
2381 1
2382 0
2388 0
2392 0
2398 1
2406 0
2415 0
2418 1
2422 0
2426 0
2430 1
2441 0
2461 0
2468 1
2472 1
2477 0
2490 0
2505 1
2514 1
2526 1
2537 0
2544 1
2559 0
2571 0
2585 1
2594 0
2602 0
2607 0
2615 0
2629 0
2631 1
2633 0
2639 0
2654 0
2663 0
2664 0
2670 0
2685 0
2686 1
2690 0
2697 0
2701 0
2713 1
2716 1
2717 1
2732 1
2746 0
2748 0
2760 1
2766 1
2779 0
2782 0
2787 1
2789 1
2793 1
2808 0
2823 1
2827 0
2834 1
2835 1
2846 1
2849 0
2854 1
2869 1
2871 1
2872 1
2877 0
2891 0
2898 0
2909 1
2913 1
2924 1
2937 1
2948 1
2960 0
2963 0
2978 1
2989 1
2995 1
3001 1
3009 1
3017 1
3018 0
3031 0
3044 0
3053 1
3062 0
3066 0
3072 1
3075 0
3076 0
3079 0
3093 0
3094 0
3107 1
3114 0
3122 0
3125 1
3131 0
3136 0
3150 0
3151 1
3162 1
3164 0
3169 1
3187 0
3202 0
3204 0
3208 0
3223 1
3225 1
3238 1
3245 0
3259 0
3271 1
3284 0
3296 0
3303 1
3314 1
3326 0
3333 1
3348 1
3362 1
3376 0
3378 1
3383 0
3394 1
3399 0
3400 1
3414 1
3427 0
3428 0
3441 1
3444 1
3457 0
3460 1
3465 1
3480 1
3483 0
3485 1
3497 0
3511 1
3519 0
3527 0
3533 1
3535 1
3536 1
3544 0
3551 0
3555 1
3567 0
3576 1
3587 1
3600 1
3614 1
3617 0
3621 0
3635 0
3636 1
3639 1
3647 0
3669 1
3677 1
3689 1
3690 0
3703 1
3716 1
3717 0
3721 1
3725 1
3732 0
3747 1
3759 0
3767 0
3779 0
3790 1
3804 1
3818 0
3827 1
3834 0
3843 0
3850 1
3854 1
3865 0
3877 0
3881 0
3887 0
3889 1
3892 1
3900 0
3905 1
3914 1
3919 0
3921 1
3927 1
3930 1
3931 1
3945 1
3959 1
3964 1
3970 0
3982 0
3996 0
3999 1
4007 0
4012 1
4018 1
4024 1
4026 0
4041 0
4050 1
4052 0
4067 0
4070 0
4078 0
4080 0
4083 0
4094 1
4100 0
4113 1
4117 0
4126 0
4140 1
4148 0
4153 1
4155 0
4160 1
4161 1
4173 1
4181 1
4190 0
4204 0
4219 1
4221 0
4234 0
4242 1
4256 1
4265 0
4279 0
4285 1
4298 0
4311 0
4323 0
4332 0
4334 1
4343 1
4350 0
4359 0
4365 0
4376 0
4377 0
4380 0
4386 0
4399 0
4402 0
4408 1
4437 1
4446 0
4460 0
4471 1
4483 1
4490 1
4499 0
4513 0
4527 0
4540 1
4551 0
4554 1
4559 0
4563 1
4576 1
4588 1
4595 0
4600 0
4608 1
4619 0
4631 1
4634 1
4636 0
4645 0
4647 0
4654 0
4667 1
4679 1
4683 0
4684 1
4695 1
4709 1
4712 1
4725 0
4728 1
4730 1
4732 1
4744 1
4752 0
4767 0
4770 0
4776 1
4789 1
4796 0
4811 0
4814 1
4819 0
4827 0
4831 1
4835 0
4840 0
4848 1
4874 0
4887 0
4895 0
4907 1
4913 0
4926 1
4928 1
4943 0
4949 1
4964 0
4968 1
4975 0
4989 1
5001 1
5016 1
5020 0
5027 1
5031 1
5033 1
5042 1
5055 1
5069 1
5076 0
5088 0
5101 1
5102 0
5103 0
5106 1
5114 0
5120 1
5122 1
5125 1
5134 1
5135 1
5148 0
5157 0
5169 1
5170 1
5184 1
5191 0
5192 1
5195 1
5203 0
5217 0
5232 1
5243 1
5255 1
5257 0
5264 1
5279 0
5288 0
5291 0
5297 1
5306 1
5309 0
5312 1
5315 0
5328 0
5341 1
5352 1
5363 1
5372 0
5376 1
5384 1
5392 1
5404 0
5417 0
5419 1
5421 0
5424 0
5437 0
5449 1
5461 0
5487 1
5499 0
5502 0
5505 0
5508 1
5511 0
5519 1
5528 1
5540 1
5545 0
5551 0
5558 1
5570 1
5581 1
5584 1
5586 1
5592 0
5604 1
5609 1
5612 0
5620 0
5634 1
5638 0
5642 1
5653 0
5662 1
5674 1
5680 0
5693 1
5708 1
5714 1
5722 1
5737 0
5741 1
5743 0
5757 0
5760 0
5769 0
5784 1
5798 1
5801 0
5805 1
5807 1
5816 1
5824 0
5835 1
5843 0
5869 0
5878 1
5881 0
5886 0
5893 0
5898 1
5900 1
5914 1
5919 0
5927 1
5928 0
5942 1
5950 0
5956 1
5963 1
5965 1
5977 1
5985 0
5993 1
5998 1
6007 0
6019 1
6027 1
6030 0
6033 1
6038 1
6049 0
6057 0
6070 0
6073 0
6078 1
6086 0
6097 0
6103 0
6109 0
6111 1
6123 0
6136 0
6149 0
6154 1
6172 0
6183 0
6194 0
6202 1
6221 0
6236 0
6243 0
6246 0
6254 1
6258 0
6271 1
6278 0
6282 0
6290 0
6295 1
6302 0
6314 0
6329 0
6343 1
6357 0
6361 0
6370 0
6378 1
6387 1
6402 0
6414 0
6429 0
6442 1
6445 1
6457 1
6471 0
6485 1
6488 0
6499 0
6513 0
6515 0
6519 0
6526 0
6532 1
6537 1
6552 0
6559 1
6563 0
6564 0
6566 0
6577 0
6590 0
6596 1
6599 1
6602 1
6607 0
6611 1
6626 1
6638 1
6652 1
6658 0
6659 1
6671 1
6685 1
6694 1
6707 1
6714 0
6729 1
6737 0
6743 1
6756 0
6771 0
6783 1
6786 0
6797 1
6811 0
6822 1
6830 1
6837 0
6838 0
6842 1
6856 1
6867 1
6874 0
6876 1
6890 0
6897 0
6899 0
6913 0
6921 0
6928 0
6942 0
6945 0
6952 1
6953 0
6955 1
6962 1
6970 0
6979 1
6988 0
6991 1
6999 0
7002 0
7016 0
7031 1
7045 1
7060 1
7068 1
7073 1
7074 0
7080 0
7086 1
7087 1
7092 0
7104 0
7108 1
7122 0
7134 0
7140 1
7149 1
7157 0
7158 0
7170 1
7184 1
7188 1
7196 1
7201 1
7205 1
7220 1
7223 1
7228 1
7239 0
7243 0
7251 0
7255 1
7257 0
7262 0
7276 1
7289 0
7293 1
7308 0
7334 1
7348 0
7362 1
7366 1
7379 0
7392 0
7395 0
7406 1
7417 1
7418 0
7420 0
7421 1
7435 1
7444 1
7458 1
7464 1
7470 0
7472 0
7483 0
7497 1
7501 1
7502 1
7511 0
7526 1
7528 1
7529 0
7541 1
7556 0
7562 0
7576 0
7580 1
7583 1
7584 0
7590 0
7591 0
7603 0
7617 0
7622 0
7635 0
7642 0
7649 1
7656 0
7661 1
7669 1
7670 1
7673 0
7678 1
7691 1
7697 1
7711 1
7724 1
7729 0
7749 1
7760 1
7761 0
7776 1
7787 0
7794 1
7795 1
7807 1
7811 0
7822 0
7826 1
7831 1
7836 1
7849 0
7864 1
7870 1
7882 1
7896 1
7903 1
7905 0
7918 1
7932 1
7938 0
7953 0
7954 0
7965 0
7969 0
7981 0
7985 0
7990 1
7997 1
7999 0
8001 0
8013 0
8028 0
8042 0
8054 0
8056 0
8070 1
8073 1
8079 1
8081 0
8090 1
8092 0
8096 0
8104 1
8111 1
8114 1
8125 0
8131 0
8137 0
8149 0
8160 0
8164 0
8173 0
8182 1
8195 0
8200 1
8201 1
8204 0
8209 1
8212 1
8220 1
8227 1
8234 1
8241 1
8255 1
8263 1
8271 1
8278 0
8282 1
8296 0
8305 1
8324 1
8335 1
8337 1
8350 1
8364 1
8372 0
8378 1
8381 0
8396 1
8397 0
8399 1
8414 0
8426 0
8433 0
8442 1
8449 1
8456 1
8457 0
8458 0
8467 1
8474 1
8488 1
8490 1
8502 1
8504 1
8505 0
8506 1
8510 0
8513 0
8528 1
8529 1
8533 1
8534 0
8537 1
8551 0
8562 0
8568 1
8579 0
8599 1
8614 0
8615 1
8629 1
8633 1
8648 1
8662 0
8671 1
8694 1
8699 0
8701 0
8707 1
8716 0
8739 1
8748 0
8751 0
8765 1
8767 1
8772 0
8779 1
8790 1
8802 0
8803 1
8818 1
8830 1
8838 1
8852 1
8855 0
8856 0
8871 0
8876 1
8879 1
8884 0
8895 1
8912 0
8915 1
8921 0
8932 0
8943 1
8949 0
8950 0
8958 1
8969 0
8983 1
8987 0
8994 1
9015 1
9027 0
9042 0
9048 1
9068 1
9071 1
9082 1
9095 1
9101 0
9109 1
9114 0
9118 1
9127 0
9135 1
9143 0
9158 1
9161 1
9174 1
9186 1
9201 0
9214 1
9221 0
9241 0
9255 0
9270 0
9276 0
9282 1
9285 1
9300 0
9302 1
9304 0
9316 1
9318 1
9332 0
9337 1
9344 0
9346 0
9360 1
9374 0
9379 0
9386 0
9387 1
9389 1
9401 0
9407 1
9420 1
9433 0
9444 0
9446 1
9450 1
9463 0
9478 0
9489 0
9496 1
9500 1
9506 0
9518 1
9526 1
9529 1
9536 0
9540 1
9547 1
9550 0
9555 1
9557 0
9558 1
9570 0
9572 0
9576 0
9590 1
9592 1
9605 1
9607 0
9620 0
9623 1
9635 1
9642 1
9647 1
9656 1
9667 0
9671 1
9680 1
9686 1
9695 1
9709 0
9714 0
9723 0
9730 0
9744 1
9757 0
9768 1
9777 1
9781 0
9789 0
9792 0
9804 0
9805 1
9818 0
9832 1
9837 0
9848 0
9859 0
9865 0
9872 0
9883 1
9890 1
9896 1
9900 0
9905 1
9909 1
9914 1
9916 0
9923 0
9925 0
9939 0
9950 0
9955 1
9968 1
9983 1
9992 0
10006 0
10012 1
10024 0
10037 0
10041 0
10045 1
10047 1
10056 1
10062 0
10063 0
10070 0
10072 1
10075 1
10103 0
10110 1
10112 1
10132 0
10143 1
10158 1
10169 1
10180 0
10191 1
10192 1
10206 0
10210 0
10222 0
10233 1
10239 1
10252 1
10267 1
10279 1
10280 1
10281 0
10296 0
10310 0
10324 1
10337 0
10342 0
10350 0
10353 0
10358 0
10372 1
10386 1
10388 1
10395 0
10396 1
10401 1
10416 1
10420 1
10425 1
10439 0
10441 1
10445 1
10472 1
10481 0
10490 0
10494 1
10503 1
10514 0
10523 1
10525 1
10532 0
10550 1
10554 0
10565 0
10569 1
10583 1
10594 1
10595 0
10601 0
10616 0
10624 0
10628 0
10637 0
10643 0
10654 1
10669 0
10682 0
10697 1
10698 1
10713 1
10726 1
10740 1
10751 1
10763 0
10767 1
10768 0
10773 1
10784 0
10790 0
10797 0
10804 0
10807 1
10821 1
10827 0
10830 0
10832 0
10838 1
10843 1
10850 0
10856 0
10869 1
10880 0
10895 0
10909 0
10916 0
10920 1
10925 1
10938 1
10943 1
10949 1
10961 1
10972 0
10974 0
10982 0
10997 1
11004 1
11010 1
11025 1
11040 0
11045 0
11056 0
11061 1
11070 1
11072 0
11078 0
11079 1
11086 1
11101 0
11109 0
11120 0
11127 1
11129 0
11131 1
11140 1
11153 0
11166 1
11173 0
11178 0
11193 1
11200 1
11204 1
11209 1
11218 1
11226 0
11240 0
11241 1
11248 1
11252 1
11259 1
11270 1
11275 1
11284 0
11287 1
11299 1
11311 1
11323 1
11331 0
11344 1
11359 1
11373 0
11384 1
11396 1
11399 1
11405 0
11407 0
11415 0
11417 0
11419 1
11421 1
11429 1
11433 0
11445 0
11453 1
11468 1
11482 0
11487 0
11501 1
11507 0
11508 0
11520 0
11524 0
11532 1
11537 0
11546 0
11553 1
11557 0
11572 0
11585 0
11598 1
11604 0
11613 1
11621 0
11624 1
11626 1
11629 1
11641 1
11645 1
11652 0
11665 1
11676 0
11687 0
11688 1
11695 0
11709 0
11722 1
11730 1
11743 1
11747 1
11760 1
11765 1
11768 1
11772 0
11777 1
11778 1
11786 1
11789 0
11797 0
11803 0
11804 1
11817 0
11818 1
11821 1
11828 1
11841 1
11853 1
11856 1
11870 0
11874 0
11885 1
11892 1
11895 1
11907 1
11915 0
11930 0
11937 1
11951 0
11953 1
11962 0
11972 1
11978 1
11985 1
11989 0
11992 0
12006 1
12014 0
12017 0
12020 1
12034 0
12046 0
12060 0
12066 1
12075 0
12093 1
12101 0
12114 0
12116 1
12127 0
12140 0
12141 1
12156 1
12167 1
12176 1
12190 0
12198 0
12202 0
12209 0
12223 0
12231 0
12233 0
12245 1
12254 1
12269 0
12284 0
12290 0
12303 1
12311 0
12312 0
12326 1
12327 0
12334 0
12337 0
12348 0
12355 1
12367 0
12379 1
12386 0
12401 0
12408 1
12415 0
12420 0
12432 1
12440 1
12449 1
12461 1
12474 0
12487 0
12489 0
12493 1
12498 0
12512 0
12524 1
12537 0
12549 0
12558 0
12561 1
12563 0
12572 0
12581 1
12593 1
12608 1
12615 1
12620 0
12627 1
12628 0
12631 0
12644 0
12658 1
12664 1
12666 0
12670 0
12682 0
12689 0
12697 1
12703 1
12709 1
12724 0
12731 0
12738 0
12753 0
12766 1
12777 1
12791 1
12806 1
12808 0
12823 0
12825 1
12838 1
12846 0
12859 0
12873 0
12880 0
12884 1
12892 0
12904 1
12919 1
12933 1
12937 0
12949 0
12950 1
12963 0
12978 0
12983 1
12991 1
12993 1
13008 0
13017 0
13028 1
13036 0
13039 0
13045 0
13046 1
13060 0
13080 1
13089 0
13095 1
13109 1
13121 0
13135 1
13150 0
13154 0
13155 0
13162 0
13163 0
13166 0
13167 0
13176 1
13178 0
13183 1
13195 0
13206 0
13210 1
13217 1
13228 1
13235 0
13250 1
13251 0
13254 1
13262 0
13277 1
13291 1
13306 1
13313 0
13314 1
13316 1
13331 0
13345 0
13357 1
13368 0
13371 0
13379 1
13388 1
13395 0
13406 1
13415 0
13429 0
13435 0
13443 1
13452 1
13466 1
13477 0
13488 0
13503 1
13505 0
13516 1
13529 1
13534 1
13543 0
13549 0
13554 1
13562 1
13564 1
13577 0
13583 0
13587 0
13600 0
13612 1
13618 1
13626 0
13635 0
13642 0
13647 0
13649 1
13650 0
13653 0
13666 0
13678 1
13686 0
13691 1
13698 0
13712 1
13714 1
13721 1
13723 1
13734 0
13737 0
13738 1
13751 0
13765 0
13771 0
13778 1
13784 0
13797 0
13811 1
13818 0
13822 1
13830 1
13843 0
13845 1
13848 0
13849 0
13864 0
13866 0
13870 0
13871 1
13878 1
13883 0
13885 1
13894 1
13909 1
13916 1
13920 1
13934 0
13949 1
13953 1
13968 1
13972 1
13973 0
13980 1
13987 1
13998 1
14001 1
14012 0
14021 0
14024 1
14032 1
14044 1
14051 1
14065 1
14071 0
14080 0
14088 1
14092 1
14107 1
14111 1
14113 1
14116 1
14129 1
14131 0
14135 0
14150 1
14152 0
14155 0
14167 1
14173 0
14187 0
14192 1
14198 0
14199 1
14202 0
14208 0
14222 1
14228 1
14243 1
14256 1
14261 1
14265 0
14266 0
14274 0
14278 0
14287 0
14299 0
14303 1
14318 1
14325 0
14330 1
14336 0
14345 0
14356 0
14371 1
14374 1
14386 1
14399 0
14413 1
14426 1
14430 1
14431 1
14438 1
14447 1
14452 0
14465 0
14472 1
14484 1
14496 1
14497 0
14509 1
14511 0
14526 0
14534 0
14547 1
14556 1
14560 0
14573 1
14597 0
14603 1
14621 0
14629 0
14630 1
14632 0
14646 1
14659 0
14662 1
14671 1
14685 0
14686 0
14694 1
14698 0
14699 1
14700 0
14715 0
14718 0
14723 1
14737 1
14738 0
14752 1
14759 1
14772 0
14777 1
14786 0
14794 0
14797 1
14800 0
14802 1
14805 1
14819 1
14822 0
14823 1
14824 1
14838 1
14839 1
14843 1
14845 0
14857 1
14861 1
14873 1
14874 1
14889 1
14895 1
14896 1
14903 0
14911 0
14913 0
14927 1
14928 1
14936 0
14943 1
14962 1
14964 1
14966 1
14970 0
14972 0
14974 0
14980 1
14982 0
14985 0
14987 0
14994 1
15005 1
15006 1
15017 1
15023 1
15024 0
15025 0
15028 1
15031 0
15036 0
15037 0
15041 1
15056 1
15061 0
15074 1
15080 1
15086 0
15089 0
15101 1
15103 1
15115 1
15129 1
15142 0
15145 1
15153 1
15157 0
15158 0
15160 0
15162 0
15165 0
15180 0
15193 1
15196 0
15204 1
15211 0
15218 1
15230 1
15235 0
15244 0
15259 0
15267 0
15281 0
15293 1
15295 1
15303 0
15319 1
15322 1
15335 1
15349 1
15351 1
15363 1
15368 1
15375 0
15380 0
15385 1
15392 0
15406 1
15419 0
15432 1
15446 1
15459 0
15462 0
15477 0
15485 1
15496 1
15497 0
15504 0
15510 0
15525 0
15526 0
15541 0
15554 0
15557 1
15563 0
15577 0
15579 1
15588 0
15600 0
15605 1
15612 1
15616 1
15631 0
15633 1
15647 1
15648 1
15657 1
15671 1
15684 0
15685 1
15692 0
15701 0
15702 1
15709 1
15717 1
15724 1
15737 0
15744 1
15746 1
15760 1
15766 1
15780 0
15794 1
15798 0
15809 0
15814 1
15820 1
15821 0
15835 0
15848 1
15861 1
15874 1
15883 0
15905 0
15909 0
15914 1
15925 0
15934 0
15940 0
15945 1
15958 1
15961 0
15966 1
15968 0
15973 1
15988 1
15989 1
16008 1
16015 0
16021 0
16028 1
16033 1
16035 1
16046 0
16052 1
16053 0
16058 0
16064 0
16078 1
16079 0
16084 0
16090 1
16092 1
16105 0
16116 0
16130 0
16141 0
16146 1
16174 0
16182 0
16197 1
16203 0
16205 0
16206 0
16211 1
16215 0
16223 0
16235 0
16237 0
16239 1
16243 0
16257 0
16269 0
16281 0
16293 0
16308 1
16312 0
16315 0
16323 0
16326 0
16332 1
16339 0
16352 1
16369 0
16374 0
16378 1
16380 1
16382 0
16391 1
16399 1
16405 0
16411 0
16425 0
16426 0
16434 0
16438 1
16450 0
16458 0
16472 1
16481 0
16493 0
16504 1
16511 1
16525 1
16534 0
16540 1
16548 1
16556 0
16571 0
16573 1
16579 1
16593 0
16596 0
16598 0
16603 1
16606 0
16619 1
16625 1
16633 1
16637 1
16639 1
16647 1
16658 0
16661 1
16662 1
16666 0
16674 1
16675 0
16681 1
16688 0
16690 0
16701 0
16716 0
16723 0
16738 1
16741 1
16756 0
16764 0
16773 1
16775 1
16787 0
16802 0
16813 1
16825 1
16833 1
16837 1
16848 0
16851 0
16865 1
16867 1
16874 1
16885 0
16898 1
16909 0
16910 1
16918 1
16924 1
16935 1
16941 1
16946 0
16949 1
16961 0
16966 1
16977 0
16986 1
16995 0
16999 1
17004 1
17008 0
17017 0
17030 0
17042 0
17054 0
17059 1
17068 0
17075 1
17085 1
17096 0
17099 1
17103 1
17109 1
17112 0
17120 0
17121 0
17130 0
17139 0
17146 1
17160 0
17167 1
17169 0
17171 1
17180 0
17183 0
17188 0
17190 1
17194 0
17203 0
17211 1
17215 1
17227 1
17229 0
17243 1
17254 0
17268 1
17283 0
17288 0
17292 0
17304 0
17309 0
17313 1
17315 0
17330 1
17339 1
17343 1
17352 0
17357 1
17359 1
17365 0
17372 0
17374 0
17387 0
17396 0
17397 1
17402 0
17411 0
17414 1
17418 1
17430 1
17441 0
17442 0
17447 1
17451 1
17460 1
17469 0
17477 0
17490 0
17492 1
17493 1
17505 0
17514 0
17518 0
17533 1
17540 0
17542 1
17546 1
17548 1
17552 1
17553 0
17556 0
17565 0
17570 0
17572 1
17576 0
17578 1
17590 1
17605 0
17619 0
17623 1
17632 0
17641 0
17644 1
17648 1
17655 0
17667 0
17680 0
17688 1
17692 0
17696 1
17711 1
17719 1
17723 0
17728 0
17740 1
17755 1
17757 1
17760 0
17764 0
17766 0
17768 0
17770 1
17771 1
17773 0
17775 1
17789 1
17797 1
17811 1
17820 0
17827 0
17832 1
17836 0
17839 0
17840 0
17841 0
17845 0
17851 1
17858 1
17871 1
17882 0
17884 1
17896 1
17902 0
17915 0
17916 1
17919 0
17930 0
17942 1
17947 0
17948 0
17963 1
17978 1
17984 0
18005 1
18016 1
18019 0
18034 1
18039 1
18052 1
18054 1
18060 0
18088 0
18096 1
18111 1
18112 1
18124 1
18128 1
18133 0
18146 0
18150 0
18158 0
18160 1
18163 1
18167 1
18170 0
18183 0
18191 0
18205 0
18210 1
18216 0
18233 0
18246 0
18250 0
18259 1
18283 0
18290 0
18301 0
18306 1
18319 0
18339 0
18340 1
18342 0
18351 0
18358 1
18360 0
18366 0
18367 0
18374 1
18388 0
18396 1
18397 0
18400 0
18414 1
18417 0
18426 0
18433 1
18437 1
18445 0
18452 0
18457 0
18468 0
18474 0
18478 1
18491 1
18502 0
18511 1
18523 1
18528 1
18542 1
18549 1
18561 1
18575 0
18590 1
18604 0
18609 1
18616 1
18622 1
18631 0
18633 1
18639 0
18653 0
18654 0
18657 1
18663 0
18672 0
18677 1
18688 0
18690 0
18704 0
18705 1
18707 1
18711 1
18718 0
18719 1
18725 0
18728 1
18737 0
18752 1
18755 0
18756 1
18769 1
18774 1
18780 0
18795 1
18802 0
18814 0
18819 1
18827 0
18833 0
18835 0
18837 1
18848 1
18859 0
18871 0
18879 1
18885 0
18904 0
18917 0
18932 1
18946 1
18960 0
18962 1
18968 1
18982 1
18995 0
19010 0
19018 1
19035 0
19037 0
19045 0
19057 0
19066 0
19075 0
19079 0
19081 1
19093 0
19096 0
19116 0
19129 1
19134 0
19146 1
19162 1
19177 1
19190 0
19205 1
19211 1
19215 1
19226 1
19228 1
19239 1
19242 0
19250 0
19259 0
19264 1
19278 1
19287 0
19295 1
19301 1
19312 0
19316 1
19324 0
19338 1
19351 0
19355 1
19361 0
19372 0
19373 1
19380 1
19387 1
19401 1
19415 1
19420 0
19429 0
19441 1
19455 0
19469 0
19480 1
19481 0
19494 0
19507 0
19509 0
19513 0
19515 1
19518 0
19532 1
19535 1
19539 0
19546 1
19548 0
19551 0
19555 1
19570 0
19584 0
19597 0
19602 1
19614 1
19617 0
19630 0
19631 0
19638 0
19651 0
19654 1
19656 0
19670 0
19684 1
19697 0
19710 0
19717 1
19731 0
19732 1
19746 0
19755 1
19769 0
19786 1
19793 0
19794 1
19796 1
19809 0
19812 1
19824 1
19829 1
19830 1
19845 0
19846 0
19850 0
19855 1
19861 1
19873 0
19878 0
19881 1
19895 0
19900 0
19903 0
19916 0
19930 1
19937 1
19945 1
19959 0
19961 1
19962 1
19966 0
19967 0
19974 1
19982 0
19983 1
19990 1
19995 1
20006 0
20009 0
20013 0
20017 1
20018 0
20020 0
20023 0
20038 0
20047 1
20061 1
20073 1
20079 1
20085 1
20093 1
20105 0
20117 0
20130 1
20143 1
20148 0
20157 1
20172 0
20175 1
20177 0
20186 1
20195 1
20197 0
20201 0
20208 0
20213 0
20224 0
20227 0
20232 1
20239 0
20245 0
20260 0
20272 0
20274 1
20286 1
20293 0
20305 1
20308 1
20319 1
20323 1
20332 1
20340 1
20349 0
20351 1
20356 0
20368 0
20382 1
20393 1
20394 1
20401 0
20406 1
20419 0
20427 0
20428 1
20436 1
20448 0
20455 1
20462 1
20471 1
20476 1
20484 0
20495 0
20497 1
20509 0
20513 1
20520 1
20527 1
20542 1
20555 1
20556 0
20557 0
20566 0
20571 0
20583 1
20588 1
20589 0
20595 1
20597 1
20611 0
20612 1
20626 1
20638 1
20646 1
20658 1
20663 1
20675 0
20678 1
20679 1
20683 1
20691 1
20698 0
20712 1
20719 0
20723 1
20735 0
20741 1
20747 0
20749 0
20753 0
20756 1
20762 0
20773 1
20786 0
20787 1
20793 1
20800 1
20809 0
20811 0
20812 1
20818 0
20832 1
20837 1
20839 0
20843 1
20847 0
20860 1
20868 1
20875 1
20878 0
20884 0
20888 0
20890 1
20892 0
20899 0
20902 0
20906 1
20911 0
20924 1
20937 0
20940 1
20942 0
20947 1
20958 0
20960 1
20964 0
20977 1
20985 0
20986 0
20994 1
21008 1
21016 0
21021 0
21027 0
21039 1
21052 1
21064 0
21071 0
21080 1
21088 1
21094 0
21095 0
21111 1
21113 0
21126 0
21132 1
21141 0
21148 1
21153 1
21159 1
21166 1
21169 1
21180 0
21191 1
21199 0
21213 0
21216 1
21225 0
21232 1
21236 1
21244 0
21248 0
21260 1
21272 1
21281 1
21285 0
21290 0
21303 0
21315 0
21330 0
21345 1
21356 1
21368 1
21369 0
21377 0
21392 0
21406 1
21411 0
21417 0
21420 0
21432 0
21435 0
21439 0
21442 0
21447 0
21456 0
21462 0
21465 0
21473 0
21480 0
21487 1
21502 0
21517 0
21530 1
21535 0
21537 0
21542 0
21545 1
21547 1
21559 0
21573 1
21576 1
21585 0
21588 0
21590 0
21598 1
21622 0
21625 1
21638 0
21640 1
21652 0
21667 1
21675 1
21680 1
21687 1
21699 0
21701 1
21706 1
21727 0
21730 0
21732 1
21741 0
21754 1
21765 0
21778 0
21791 1
21804 0
21805 1
21816 0
21818 0
21821 0
21836 0
21850 0
21855 1
21875 1
21884 0
21886 0
21901 0
21904 0
21909 1
21910 1
21922 1
21934 0
21948 0
21957 1
21964 0
21971 1
21986 0
21997 1
22007 0
22015 1
22019 1
22022 0
22024 1
22039 1
22050 0
22062 1
22070 1
22071 0
22078 1
22080 1
22087 1
22090 0
22102 1
22108 0
22121 0
22136 1
22143 0
22155 0
22156 0
22163 1
22170 0
22178 1
22189 0
22197 1
22204 1
22212 1
22225 0
22230 0
22239 0
22241 1
22256 0
22271 1
22282 1
22283 0
22286 1
22291 1
22299 1
22314 0
22326 1
22327 0
22330 0
22335 0
22343 1
22353 0
22367 1
22380 1
22381 0
22394 0
22403 0
22407 0
22410 1
22421 1
22426 0
22433 1
22435 0
22444 1
22448 0
22451 0
22463 0
22471 0
22486 0
22490 0
22503 1
22504 1
22505 1
22510 1
22513 0
22522 1
22534 1
22536 0
22548 0
22556 0
22567 0
22571 0
22586 0
22597 0
22600 1
22605 0
22613 1
22620 1
22625 1
22626 0
22632 0
22640 0
22654 1
22656 0
22665 1
22677 1
22688 0
22696 1
22715 0
22716 1
22717 0
22719 0
22727 1
22734 1
22747 1
22760 0
22773 0
22777 0
22784 0
22799 0
22802 1
22806 1
22817 1
22826 1
22833 1
22844 1
22848 1
22854 1
22863 1
22866 0
22878 1
22890 1
22902 1
22909 1
22923 1
22928 1
22937 1
22939 1
22951 1
22954 0
22966 0
22978 1
22982 0
22994 1
22999 1
23001 1
23003 0
23010 0
23017 0
23026 1
23041 1
23052 0
23054 1
23057 0
23069 0
23084 1
23088 0
23108 0
23116 1
23120 0
23135 0
23147 1
23159 1
23170 1
23184 0
23196 1
23199 0
23204 0
23217 0
23222 0
23231 0
23233 0
23244 0
23249 1
23261 0
23263 0
23277 1
23291 1
23292 0
23304 1
23315 0
23316 1
23327 1
23338 0
23351 0
23358 1
23360 1
23375 1
23384 0
23390 0
23395 1
23404 0
23413 0
23428 0
23429 0
23442 1
23453 1
23462 1
23468 0
23481 0
23493 0
23505 0
23512 1
23520 0
23529 1
23541 0
23557 0
23560 0
23562 0
23565 0
23569 0
23575 1
23578 0
23589 1
23594 0
23621 1
23628 1
23634 1
23643 0
23651 0
23663 1
23666 0
23680 1
23694 0
23700 1
23709 0
23723 0
23732 1
23744 0
23759 0
23766 1
23778 1
23786 0
23797 0
23803 1
23806 0
23810 0
23814 1
23823 1
23825 1
23828 1
23834 1
23836 0
23843 1
23852 0
23855 1
23856 1
23864 1
23869 1
23883 1
23885 0
23886 1
23897 0
23905 1
23911 1
23920 0
23935 0
23941 0
23942 0
23946 1
23948 1
23954 0
23968 0
23975 0
23978 0
23982 1
23995 1
23998 1
24000 0
24003 1
24011 1
24024 1
24027 0
24041 1
24049 0
24052 1
24066 0
24096 0
24103 1
24109 0
24118 1
24130 0
24142 1
24150 1
24158 1
24162 0
24177 1
24186 0
24197 0
24200 1
24203 0
24215 0
24230 1
24245 0
24254 0
24257 1
24258 1
24267 1
24282 0
24287 1
24299 0
24310 1
24315 1
24321 1
24330 1
24333 0
24342 1
24356 1
24364 0
24379 0
24383 1
24386 0
24394 1
24403 0
24412 0
24418 0
24430 1
24443 1
24451 1
24457 1
24464 0
24476 1
24478 1
24487 0
24490 0
24501 0
24503 0
24511 0
24522 1
24531 0
24546 0
24550 1
24552 0
24567 0
24574 1
24579 0
24586 0
24600 0
24603 0
24611 1
24623 1
24627 1
24634 1
24636 1
24638 1
24649 0
24658 1
24672 0
24679 0
24692 1
24693 0
24698 1
24704 1
24709 0
24710 0
24735 0
24748 1
24756 0
24770 0
24771 1
24772 0
24777 0
24780 1
24792 0
24800 1
24811 1
24816 0
24817 1
24824 1
24825 0
24840 0
24846 1
24861 0
24875 1
24889 0
24901 0
24908 1
24915 0
24917 1
24922 0
24936 1
24949 1
24964 0
24977 0
24991 0
24992 1
25005 0
25017 0
25020 1
25033 1
25044 1
25059 0
25060 0
25066 0
25077 0
25088 1
25091 0
25095 0
25110 1
25111 1
25122 0
25129 0
25140 0
25152 1
25161 1
25169 0
25177 0
25186 0
25199 0
25203 0
25210 1
25216 0
25221 1
25228 0
25239 0
25243 1
25246 0
25260 1
25275 0
25282 0
25288 1
25293 0
25296 0
25300 0
25314 1
25327 0
25342 1
25354 0
25360 0
25361 1
25362 0
25365 0
25368 1
25369 1
25383 1
25384 1
25398 1
25399 0
25407 0
25422 1
25429 1
25438 0
25441 0
25445 0
25458 0
25472 0
25481 0
25488 1
25492 0
25504 0
25517 1
25525 1
25539 1
25541 0
25555 1
25568 0
25571 1
25577 0
25582 0
25586 0
25598 1
25599 0
25607 0
25621 1
25633 1
25647 0
25659 1
25664 0
25668 0
25671 0
25682 1
25687 0
25701 0
25706 0
25711 0
25724 1
25729 1
25741 0
25752 1
25753 0
25755 1
25768 0
25775 0
25777 1
25791 1
25793 0
25802 0
25813 0
25820 1
25827 0
25836 1
25840 1
25842 0
25856 0
25875 0
25890 0
25892 0
25907 0
25910 1
25925 0
25933 0
25946 1
25953 1
25960 0
25966 1
25967 1
25980 0
25981 0
25984 0
25995 1
26006 1
26011 1
26022 1
26035 1
26040 1
26044 0
26046 0
26059 0
26067 0
26080 1
26084 1
26096 0
26109 1
26110 0
26117 0
26121 1
26125 0
26136 1
26147 1
26160 0
26161 1
26166 1
26178 0
26183 1
26198 1
26211 0
26223 1
26230 0
26244 0
26250 1
26262 1
26271 0
26277 1
26295 1
26310 1
26313 1
26324 0
26331 1
26336 1
26347 0
26361 0
26372 1
26386 0
26389 0
26390 0
26398 1
26413 1
26427 0
26440 1
26443 0
26449 0
26454 0
26468 0
26470 0
26481 0
26485 0
26500 1
26505 1
26513 1
26524 0
26532 0
26539 1
26553 1
26557 0
26569 1
26597 0
26606 1
26618 1
26631 0
26638 0
26651 1
26655 0
26669 0
26672 0
26680 0
26691 1
26704 0
26707 1
26721 0
26722 1
26727 1
26729 1
26743 1
26752 1
26761 1
26772 1
26787 1
26789 1
26796 1
26804 1
26817 0
26831 1
26846 1
26847 0
26854 0
26871 1
26884 1
26887 0
26901 0
26915 1
26929 0
26938 1
26952 1
26961 1
26962 0
26965 1
26969 0
26983 1
26998 1
27009 0
27023 0
27031 0
27038 1
27050 0
27062 0
27068 0
27083 0
27084 1
27089 1
27091 1
27100 1
27106 0
27113 1
27118 1
27125 0
27134 0
27139 1
27153 1
27162 1
27166 0
27178 1
27190 1
27195 0
27203 0
27208 0
27212 1
27217 0
27225 0
27227 0
27232 0
27241 1
27256 0
27271 0
27282 1
27284 1
27297 1
27312 0
27317 1
27326 1
27340 0
27353 0
27366 1
27373 0
27387 0
27388 1
27391 1
27399 1
27410 0
27415 1
27429 0
27441 1
27449 0
27464 0
27468 1
27476 1
27482 0
27494 1
27505 0
27509 1
27518 1
27521 0
27530 0
27533 1
27535 1
27538 1
27549 0
27554 0
27567 0
27574 0
27582 0
27586 1
27587 0
27594 1
27602 1
27615 1
27619 1
27634 0
27639 1
27651 0
27657 1
27663 0
27674 0
27685 1
27697 0
27706 0
27720 1
27725 1
27740 1
27752 0
27755 1
27761 1
27770 0
27781 0
27783 1
27787 0
27791 0
27796 0
27810 0
27825 1
27827 0
27841 0
27856 0
27861 0
27862 0
27875 1
27883 0
27891 0
27893 1
27896 1
27902 0
27905 1
27908 0
27914 0
27919 1
27923 0
27924 0
27930 0
27942 0
27954 1
27955 0
27968 0
27977 1
27988 0
27999 0
28007 1
28011 1
28018 0
28030 0
28045 1
28047 0
28054 1
28055 0
28060 1
28073 0
28080 0
28083 1
28085 1
28091 0
28099 1
28114 1
28127 0
28136 0
28145 1
28164 1
28173 1
28187 1
28198 0
28210 1
28223 0
28228 1
28232 0
28233 0
28237 1
28241 1
28256 0
28258 1
28270 1
28273 0
28274 1
28288 1
28301 0
28306 1
28312 0
28321 0
28332 1
28345 1
28347 1
28348 1
28360 0
28369 0
28373 1
28387 1
28396 0
28408 0
28414 1
28419 0
28434 0
28443 0
28451 0
28466 0
28468 0
28483 1
28486 1
28498 1
28502 1
28515 0
28527 0
28534 1
28541 1
28550 1
28553 0
28565 1
28568 0
28576 1
28584 0
28587 0
28589 0
28597 1
28610 1
28625 1
28633 1
28639 0
28646 1
28666 0
28671 1
28683 0
28695 1
28707 0
28721 0
28727 1
28736 1
28750 0
28756 1
28768 1
28774 0
28785 1
28799 0
28801 0
28802 1
28817 0
28820 0
28829 1
28844 0
28851 0
28857 1
28862 1
28869 0
28883 1
28892 1
28898 0
28903 1
28904 1
28913 0
28918 0
28936 1
28945 0
28954 0
28966 1
28972 1
28981 0
28983 0
28995 1
29008 1
29012 0
29024 0
29037 0
29046 0
29053 1
29062 0
29069 0
29083 1
29098 1
29109 0
29124 0
29125 1
29137 1
29148 0
29159 1
29165 1
29170 1
29176 1
29181 0
29195 0
29208 0
29223 1
29225 0
29227 0
29239 1
29245 1
29256 1
29269 0
29284 0
29298 1
29300 1
29307 0
29315 1
29326 0
29334 0
29341 1
29347 1
29360 1
29369 0
29371 1
29385 0
29397 0
29412 0
29424 0
29425 0
29431 1
29433 1
29439 1
29452 1
29453 0
29467 1
29494 1
29502 0
29503 0
29518 1
29524 0
29547 0
29559 0
29571 1
29576 0
29579 1
29582 1
29587 0
29596 1
29608 0
29617 1
29620 0
29623 1
29625 0
29627 0
29631 0
29642 0
29644 1
29648 0
29657 1
29663 1
29676 0
29678 0
29690 1
29705 1
29710 0
29712 0
29717 1
29720 1
29724 1
29738 0
29753 1
29760 1
29769 0
29781 0
29795 1
29797 0
29804 1
29811 0
29822 0
29824 0
29837 1
29846 1
29850 0
29861 1
29863 0
29872 1
29875 0
29878 1
29891 1
29904 0
29915 1
29924 1
29935 0
29942 0
29955 1
29959 1
29965 0
29971 0
29973 1
29984 1
29996 0
30000 0
30003 1
30014 0
30025 1
30031 0
30039 0
30048 0
30057 1
30061 1
30072 1
30073 1
30082 1
30094 0
30107 1
30122 0
30131 1
30133 0
30134 0
30143 1
30158 1
30160 0
30173 0
30181 0
30183 1
30189 1
30196 0
30205 1
30218 0
30229 1
30242 1
30254 1
30266 0
30272 0
30283 0
30292 0
30297 1
30310 0
30318 0
30324 1
30330 1
30332 0
30333 1
30339 0
30340 1
30352 1
30358 0
30363 0
30364 0
30368 0
30376 1
30389 0
30390 1
30393 1
30394 0
30399 1
30406 0
30419 1
30431 1
30442 0
30446 1
30454 0
30465 0
30466 1
30478 0
30489 0
30504 0
30509 1
30515 1
30518 1
30532 1
30540 1
30548 0
30556 0
30570 0
30579 0
30586 1
30591 1
30603 1
30607 1
30621 0
30629 0
30641 1
30649 1
30658 1
30663 0
30670 1
30682 1
30697 1
30700 1
30712 0
30713 1
30727 1
30740 1
30747 0
30755 0
30759 0
30770 1
30776 1
30782 1
30788 1
30791 1
30803 1
30809 0
30812 1
30825 1
30840 1
30849 1
30856 0
30861 1
30883 0
30891 1
30907 1
30921 1
30926 0
30935 1
30947 1
30951 0
30960 0
30962 1
30969 0
30973 1
30984 1
30987 1
30990 0
30995 0
31001 1
31012 1
31027 1
31040 0
31043 0
31045 1
31056 0
31068 1
31085 0
31087 0
31093 1
31108 0
31113 0
31114 1
31115 1
31127 0
31134 1
31140 0
31151 1
31160 0
31173 1
31184 1
31189 1
31201 0
31202 1
31217 0
31232 0
31236 1
31237 1
31251 1
31256 1
31271 1
31278 0
31289 0
31291 1
31295 1
31317 1
31320 1
31334 0
31342 0
31351 0
31352 1
31366 1
31367 1
31376 0
31382 0
31386 1
31400 0
31408 0
31422 1
31430 0
31433 0
31438 0
31445 1
31450 1
31465 1
31474 0
31482 1
31497 1
31510 0
31521 1
31522 0
31523 0
31530 0
31532 1
31545 1
31553 1
31560 1
31566 1
31567 1
31581 1
31593 0
31597 1
31608 0
31621 0
31634 0
31639 1
31641 1
31653 1
31661 0
31675 0
31684 0
31696 1
31705 0
31714 1
31733 1
31740 1
31748 0
31755 1
31756 0
31764 0
31771 1
31786 0
31799 0
31807 0
31814 0
31826 1
31841 1
31848 0
31859 0
31868 1
31882 0
31896 1
31904 0
31919 1
31925 0
31927 0
31934 0
31935 1
31943 0
31957 1
31965 0
31978 1
31982 0
31995 1
32006 1
32012 1
32013 0
32014 1
32025 1
32043 0
32058 0
32063 0
32071 0
32082 0
32094 1
32102 0
32115 1
32126 1
32134 1
32145 0
32159 0
32166 1
32167 1
32171 1
32184 0
32195 0
32207 0
32211 0
32226 1
32233 0
32238 1
32239 0
32252 0
32266 0
32269 1
32270 1
32285 0
32287 1
32293 1
32300 0
32312 0
32319 0
32330 1
32332 1
32340 0
32351 0
32358 0
32371 1
32376 1
32380 1
32389 0
32403 1
32404 1
32409 1
32420 0
32426 0
32437 1
32445 1
32447 1
32452 0
32475 0
32477 0
32485 0
32490 0
32505 0
32516 0
32520 0
32526 0
32541 1
32547 1
32561 1
32562 0
32566 0
32589 0
32601 0
32614 1
32626 0
32641 1
32655 0
32668 0
32674 1
32679 1
32686 0
32688 0
32693 0
32702 1
32710 0
32726 0
32728 0
32743 1
32751 0
32755 1
32758 0
32764 1
32765 0
32773 0
32785 1
32790 1
32794 1
32802 0
32816 0
32821 1
32825 1
32830 1
32831 1
32835 0
32850 1
32855 0
32863 1
32878 1
32892 1
32903 0
32904 1
32918 0
32929 0
32932 0
32940 1
32960 1
32973 1
32985 1
33000 0
33007 1
33009 1
33021 0
33027 1
33043 1
33046 0
33055 0
33067 0
33072 1
33083 0
33085 1
33088 0
33091 0
33093 0
33102 1
33111 0
33117 0
33119 0
33133 1
33136 1
33148 0
33149 1
33152 1
33155 1
33169 1
33181 0
33195 1
33201 1
33213 1
33217 1
33220 0
33226 1
33232 1
33235 1
33243 0
33250 0
33252 1
33257 0
33272 0
33286 1
33300 0
33304 1
33312 1
33319 1
33323 0
33338 1
33340 1
33342 1
33348 0
33349 1
33357 0
33365 0
33370 0
33383 0
33387 1
33390 1
33418 0
33426 0
33432 1
33443 1
33449 0
33458 1
33472 0
33485 0
33500 1
33501 1
33505 1
33513 0
33522 1
33533 1
33547 1
33553 1
33564 1
33566 0
33577 1
33583 0
33594 0
33608 0
33622 0
33625 0
33632 1
33644 0
33648 0
33650 1
33651 1
33662 0
33666 1
33677 0
33682 1
33696 1
33711 0
33717 0
33732 1
33747 0
33751 1
33755 0
33768 0
33772 1
33774 1
33777 0
33781 1
33783 0
33784 1
33797 1
33808 1
33821 0
33828 0
33834 0
33843 1
33850 0
33867 1
33876 0
33879 0
33890 1
33905 1
33913 1
33924 0
33938 0
33950 0
33959 0
33972 1
33984 0
33998 0
34011 0
34015 0
34022 0
34024 1
34026 0
34030 1
34032 1
34033 1
34038 1
34052 0
34065 1
34066 1
34074 0
34079 0
34094 0
34097 0
34112 1
34115 0
34127 0
34128 0
34132 0
34140 0
34154 1
34163 1
34170 1
34176 1
34183 0
34190 0
34198 0
34212 1
34214 0
34223 1
34229 0
34243 0
34248 1
34249 1
34260 0
34263 0
34264 0
34269 1
34278 0
34283 0
34296 1
34303 1
34304 1
34315 0
34317 1
34320 0
34329 1
34337 1
34339 1
34346 0
34350 0
34362 0
34367 1
34373 1
34379 1
34382 1
34397 0
34403 1
34418 1
34432 1
34443 1
34451 1
34457 0
34485 0
34490 1
34496 1
34504 1
34509 1
34524 1
34532 0
34539 1
34541 1
34556 0
34562 1
34567 0
34580 0
34582 0
34587 0
34602 1
34615 1
34626 0
34637 0
34640 0
34645 1
34659 0
34661 0
34664 0
34667 0
34682 1
34691 0
34703 1
34710 1
34711 0
34725 1
34731 1
34744 1
34747 0
34762 0
34776 1
34788 1
34791 1
34804 0
34807 1
34812 0
34818 1
34825 0
34826 1
34834 1
34841 1
34849 1
34850 1
34851 1
34852 1
34857 1
34860 0
34874 1
34880 0
34891 0
34894 1
34906 1
34915 0
34924 0
34938 0
34952 0
34956 1
34971 1
34974 1
34978 1
34991 0
34992 1
34994 1
35007 0
35015 1
35019 0
35020 1
35024 1
35033 1
35035 0
35036 1
35043 0
35051 0
35064 1
35072 1
35075 1
35079 0
35090 1
35094 0
35098 1
35100 0
35107 0
35112 0
35126 0
35129 1
35138 1
35146 1
35157 1
35170 0
35182 1
35183 0
35196 1
35201 1
35206 1
35220 1
35234 1
35245 1
35258 0
35263 1
35266 0
35274 1
35283 0
35287 0
35294 1
35301 0
35306 1
35314 1
35327 1
35335 1
35338 1
35347 1
35349 1
35357 0
35371 0
35373 1
35375 0
35386 1
35388 1
35401 0
35408 0
35411 0
35424 0
35435 1
35438 0
35451 0
35464 0
35465 0
35480 0
35487 1
35505 1
35510 0
35511 1
35512 1
35519 0
35523 1
35526 0
35538 0
35553 0
35560 0
35562 0
35575 1
35578 1
35593 0
35597 0
35609 0
35622 1
35625 1
35630 0
35631 1
35637 1
35650 1
35665 0
35670 0
35675 1
35677 0
35682 0
35686 1
35693 1
35705 0
35710 1
35719 1
35734 0
35735 1
35739 1
35756 0
35761 0
35765 0
35766 1
35770 1
35779 1
35786 0
35788 0
35800 0
35805 1
35818 0
35829 1
35833 1
35841 0
35844 1
35868 0
35869 1
35872 0
35886 0
35887 1
35890 1
35903 0
35912 0
35914 0
35926 0
35933 1
35945 0
35948 1
35959 1
35968 1
35975 0
35976 0
35981 1
35992 1
35999 0
36003 0
36014 0
36027 1
36035 0
36046 0
36047 1
36051 0
36066 0
36072 1
36087 1
36094 0
36118 0
36131 1
36143 0
36157 1
36160 0
36164 0
36166 0
36171 1
36183 0
36188 0
36194 0
36200 1
36209 1
36211 0
36226 0
36235 0
36237 0
36241 1
36246 0
36248 0
36260 1
36271 0
36283 1
36297 0
36299 1
36302 0
36310 0
36315 1
36316 1
36327 0
36331 0
36345 1
36353 0
36368 0
36377 0
36384 1
36385 1
36393 0
36401 0
36403 0
36412 0
36425 1
36433 0
36459 0
36463 0
36467 1
36481 1
36490 1
36496 1
36499 1
36511 1
36526 1
36540 0
36544 1
36555 1
36568 0
36574 0
36577 0
36586 1
36593 0
36604 1
36613 1
36617 1
36628 1
36637 1
36642 1
36651 1
36655 0
36669 1
36674 0
36696 1
36711 0
36717 0
36723 0
36730 0
36735 1
36736 0
36747 0
36762 0
36765 0
36769 1
36782 0
36790 0
36796 0
36808 0
36823 1
36829 1
36836 1
36848 1
36852 1
36867 1
36881 0
36892 0
36904 0
36907 0
36920 0
36928 1
36934 1
36938 1
36943 1
36956 0
36961 1
36973 1
36980 0
36987 1
37008 0
37014 1
37015 0
37030 1
37032 1
37036 1
37045 0
37058 0
37067 0
37071 0
37080 1
37083 1
37092 1
37103 1
37116 1
37125 0
37143 0
37155 1
37162 1
37163 1
37171 0
37174 0
37178 0
37192 0
37199 1
37203 1
37217 1
37221 1
37224 1
37228 0
37236 1
37240 1
37242 1
37253 1
37261 1
37265 1
37266 1
37272 1
37273 1
37274 0
37281 0
37286 0
37300 1
37301 0
37304 0
37312 0
37319 0
37330 0
37335 1
37347 1
37356 1
37360 1
37373 0
37384 1
37396 0
37409 0
37422 0
37426 1
37438 0
37439 0
37440 0
37454 0
37469 0
37483 1
37491 1
37498 1
37512 0
37526 1
37537 0
37550 0
37558 0
37560 0
37571 0
37580 1
37593 0
37595 0
37610 0
37613 1
37625 0
37633 1
37634 0
37645 0
37660 0
37668 0
37680 1
37695 0
37697 0
37706 0
37712 0
37723 1
37736 1
37738 1
37744 0
37755 0
37764 0
37771 0
37779 0
37791 0
37798 0
37800 0
37811 1
37825 1
37836 0
37839 0
37853 0
37860 0
37866 1
37873 1
37878 0
37889 1
37901 1
37913 0
37926 0
37941 0
37946 1
37950 0
37962 1
37967 0
37975 1
37987 1
37994 1
38002 0
38007 0
38022 0
38023 0
38028 1
38041 0
38055 1
38070 1
38079 0
38084 0
38090 1
38097 0
38099 0
38112 1
38121 1
38134 0
38136 0
38143 1
38151 0
38164 1
38179 0
38184 1
38198 1
38209 0
38220 1
38221 0
38229 0
38243 0
38252 0
38258 0
38273 1
38276 0
38288 1
38292 0
38296 0
38305 0
38311 1
38312 0
38323 1
38334 0
38346 0
38353 0
38367 1
38371 1
38386 0
38400 0
38409 1
38417 1
38432 0
38444 0
38445 0
38451 1
38457 1
38458 0
38460 0
38463 1
38471 1
38485 1
38493 1
38500 1
38515 0
38518 0
38530 1
38542 0
38557 0
38571 1
38586 0
38600 0
38615 0
38617 1
38626 0
38646 1
38655 1
38663 1
38665 1
38677 0
38689 0
38702 0
38714 0
38718 1
38722 0
38737 1
38745 0
38758 1
38764 1
38766 0
38778 0
38790 0
38797 1
38806 1
38817 0
38823 1
38828 0
38830 1
38839 0
38847 1
38856 0
38869 0
38873 1
38887 0
38893 0
38900 1
38909 1
38910 0
38922 1
38927 1
38942 1
38954 1
38958 1
38959 0
38963 1
38965 0
38971 0
38976 1
38997 0
39011 0
39015 1
39027 1
39034 1
39040 0
39047 0
39060 0
39074 1
39081 0
39095 1
39100 0
39113 1
39114 1
39121 0
39134 0
39141 1
39145 1
39150 0
39156 1
39176 0
39190 1
39198 1
39209 0
39217 1
39222 1
39235 1
39246 0
39251 0
39255 1
39263 0
39272 1
39288 1
39290 0
39305 0
39320 0
39326 1
39327 1
39342 1
39357 0
39372 1
39381 1
39390 0
39404 0
39411 1
39425 1
39440 0
39445 1
39456 0
39462 1
39463 1
39477 1
39491 1
39502 1
39507 1
39508 1
39511 1
39516 0
39518 0
39525 1
39537 0
39539 1
39552 0
39565 1
39573 0
39582 1
39587 0
39589 1
39594 1
39600 0
39621 0
39632 1
39637 0
39650 1
39654 1
39656 0
39659 1
39668 1
39669 0
39676 1
39682 1
39697 1
39704 1
39706 0
39717 0
39729 1
39744 0
39758 1
39764 1
39773 1
39775 1
39776 0
39789 1
39791 0
39803 1
39817 0
39825 1
39833 0
39842 0
39848 1
39853 0
39855 0
39866 1
39869 1
39884 0
39889 0
39894 0
39898 1
39899 0
39911 1
39923 0
39929 1
39934 1
39945 0
39949 0
39961 0
39974 1
39989 0
39990 0
39996 1
40009 0
40011 0
40026 1
40031 0
40052 1
40067 0
40081 0
40087 1
40088 1
40103 1
40105 1
40110 1
40118 1
40127 1
40139 0
40153 1
40161 1
40168 1
40173 1
40180 1
40188 0
40194 0
40199 1
40206 0
40210 0
40215 1
40223 1
40231 0
40242 1
40257 1
40270 0
40271 0
40279 0
40293 1
40298 0
40309 0
40318 0
40323 0
40327 0
40335 1
40342 0
40349 1
40356 0
40362 1
40363 1
40375 1
40386 1
40395 0
40402 1
40407 0
40418 0
40420 0
40434 0
40442 0
40449 1
40460 0
40474 0
40483 1
40495 1
40497 0
40503 1
40515 1
40529 1
40541 0
40545 0
40548 1
40556 0
40559 1
40562 1
40575 1
40579 0
40588 1
40591 1
40603 0
40606 0
40620 0
40622 1
40625 0
40630 1
40637 1
40640 1
40653 0
40654 0
40663 0
40670 1
40684 1
40685 1
40699 0
40702 0
40710 1
40725 1
40738 0
40753 0
40757 1
40768 1
40770 0
40782 0
40795 1
40809 1
40817 0
40822 0
40834 0
40843 1
40852 1
40867 1
40874 1
40888 1
40901 0
40910 0
40921 1
40924 0
40927 1
40929 0
40936 0
40938 1
40949 1
40961 0
40968 1
40980 0
40984 1
40997 1
41002 0
41025 1
41034 0
41052 0
41060 0
41065 0
41073 0
41077 0
41080 1
41095 0
41104 1
41119 1
41120 0
41135 1
41137 1
41152 0
41160 0
41163 0
41170 0
41177 1
41182 0
41184 0
41188 0
41194 1
41209 1
41220 1
41226 0
41233 0
41240 1
41241 0
41249 1
41252 0
41256 1
41267 1
41278 0
41285 1
41296 1
41309 0
41321 1
41329 1
41330 1
41333 0
41344 1
41353 0
41358 0
41362 0
41364 1
41377 1
41383 1
41392 0
41407 0
41411 0
41416 0
41425 1
41433 1
41442 0
41456 0
41458 1
41464 1
41475 0
41488 1
41496 0
41499 0
41501 1
41513 1
41527 0
41542 0
41557 1
41570 0
41572 0
41586 0
41601 1
41610 1
41619 1
41620 1
41628 1
41639 1
41643 0
41648 0
41655 0
41658 1
41669 0
41682 0
41693 0
41701 0
41706 0
41710 1
41718 0
41732 1
41740 0
41745 0
41747 0
41748 0
41756 0
41764 0
41776 1
41780 1
41788 1
41801 1
41804 0
41805 0
41816 1
41824 1
41826 1
41831 1
41845 1
41857 1
41871 0
41873 1
41888 0
41894 1
41897 1
41912 1
41917 1
41918 1
41922 0
41923 0
41927 0
41941 1
41946 1
41953 0
41967 0
41969 0
41977 0
41990 1
41995 1
42010 0
42018 0
42026 0
42033 1
42045 0
42050 1
42051 1
42062 0
42063 0
42071 1
42080 0
42091 1
42098 1
42103 0
42117 1
42123 0
42129 0
42143 1
42155 0
42166 0
42172 1
42187 0
42190 0
42203 1
42207 1
42215 0
42223 1
42229 0
42238 0
42245 0
42254 0
42255 0
42262 1
42287 0
42294 1
42302 0
42316 1
42319 0
42328 0
42329 1
42335 0
42349 1
42350 0
42351 1
42357 1
42358 0
42373 0
42385 0
42396 0
42404 1
42417 1
42418 0
42429 0
42441 1
42449 1
42453 1
42468 1
42477 1
42480 1
42488 0
42502 0
42507 1
42516 0
42531 1
42536 1
42540 0
42545 1
42547 1
42553 1
42558 0
42561 1
42574 0
42582 1
42588 1
42600 0
42603 0
42615 1
42628 1
42639 0
42652 1
42657 0
42658 0
42670 1
42687 0
42701 1
42702 1
42707 1
42712 1
42721 0
42726 0
42735 0
42740 0
42753 0
42764 1
42778 1
42789 0
42798 0
42806 0
42820 1
42824 0
42839 1
42847 0
42865 0
42870 0
42878 0
42881 0
42894 1
42908 0
42917 0
42929 0
42930 0
42941 1
42944 0
42958 1
42967 0
42975 1
42979 0
42988 1
43001 1
43002 1
43013 0
43020 0
43025 1
43041 1
43044 1
43047 1
43061 1
43064 1
43070 0
43083 0
43087 0
43100 0
43108 1
43109 1
43111 0
43116 0
43117 1
43128 0
43143 1
43154 1
43167 1
43175 1
43183 1
43196 0
43209 0
43212 1
43224 1
43237 0
43246 1
43250 1
43262 0
43268 1
43273 1
43277 0
43279 0
43290 1
43298 0
43310 0
43324 1
43328 1
43331 0
43345 0
43354 0
43357 0
43371 1
43382 1
43394 0
43400 1
43406 0
43420 1
43433 0
43435 0
43439 1
43452 1
43467 0
43473 1
43480 0
43495 0
43502 0
43507 0
43516 0
43528 0
43532 0
43547 1
43560 1
43567 1
43569 0
43578 1
43585 1
43588 1
43590 0
43604 1
43609 0
43622 0
43625 1
43626 1
43629 1
43643 1
43646 1
43647 0
43651 1
43658 1
43665 1
43669 1
43676 0
43683 1
43687 1
43694 1
43705 1
43717 1
43730 1
43738 1
43751 0
43752 0
43761 0
43775 1
43787 1
43795 1
43810 1
43824 0
43835 1
43840 1
43841 0
43853 0
43856 1
43860 0
43868 1
43881 0
43892 0
43903 1
43904 0
43905 1
43910 0
43922 1
43926 1
43932 1
43947 0
43954 1
43961 1
43968 1
43979 1
43983 0
43986 0
43993 1
43997 1
44014 1
44027 1
44034 0
44042 0
44054 1
44059 1
44072 0
44074 1
44075 0
44089 0
44092 1
44096 1
44104 0
44107 0
44108 1
44113 1
44121 0
44122 1
44137 1
44141 1
44154 1
44163 0
44178 1
44180 0
44187 0
44202 0
44208 0
44214 0
44218 0
44221 1
44233 1
44245 0
44257 1
44260 0
44271 0
44284 0
44287 0
44300 1
44307 1
44319 1
44332 0
44333 0
44347 1
44358 0
44371 0
44386 1
44391 0
44404 0
44418 1
44427 0
44442 0
44444 0
44447 0
44451 1
44466 1
44470 1
44482 0
44493 0
44501 0
44503 0
44509 1
44517 0
44531 0
44542 1
44550 0
44561 1
44573 1
44577 0
44586 1
44594 1
44606 0
44618 0
44633 0
44636 0
44651 0
44656 0
44671 1
44685 1
44689 1
44696 0
44707 0
44721 0
44722 1
44725 0
44734 1
44746 0
44758 0
44760 1
44771 0
44773 1
44777 1
44780 0
44791 1
44793 1
44806 0
44808 0
44812 1
44825 0
44836 0
44844 1
44845 0
44860 0
44861 0
44870 1
44884 0
44887 0
44900 0
44902 0
44905 1
44906 1
44919 0
44921 1
44922 0
44930 1
44939 0
44941 0
44943 0
44956 0
44957 0
44965 1
44972 0
45001 0
45003 1
45012 1
45017 0
45024 1
45031 0
45044 1
45051 0
45067 0
45079 0
45085 0
45099 0
45114 1
45120 1
45128 0
45136 1
45141 1
45155 0
45161 1
45168 0
45172 0
45176 1
45188 1
45200 0
45214 0
45225 1
45240 0
45242 1
45248 0
45250 1
45259 1
45271 1
45274 0
45282 0
45297 1
45308 1
45317 0
45332 0
45336 0
45351 1
45358 0
45365 0
45369 0
45377 0
45382 0
45389 1
45395 0
45398 0
45411 0
45419 0
45432 0
45445 1
45446 1
45458 0
45466 0
45477 1
45479 1
45490 1
45504 1
45508 0
45517 0
45518 1
45524 1
45528 0
45536 1
45539 1
45552 0
45558 1
45564 0
45577 0
45592 1
45606 0
45614 0
45625 1
45639 1
45650 1
45654 1
45665 0
45676 0
45691 0
45702 0
45703 0
45707 1
45712 0
45727 1
45734 1
45742 1
45756 1
45758 1
45765 1
45767 1
45771 1
45773 1
45777 1
45784 0
45785 1
45789 1
45796 0
45803 1
45807 1
45820 1
45825 1
45831 1
45838 1
45840 0
45845 1
45859 1
45864 1
45878 1
45890 1
45903 1
45915 0
45920 1
45933 0
45934 0
45943 1
45952 0
45967 0
45972 1
45986 1
45989 0
45994 0
46009 1
46021 1
46027 0
46034 0
46036 1
46043 0
46044 1
46052 1
46064 0
46070 0
46071 0
46079 0
46080 0
46083 0
46087 0
46095 1
46102 1
46114 0
46128 1
46141 1
46146 1
46154 1
46167 1
46175 1
46189 1
46195 0
46201 0
46213 0
46220 1
46234 0
46245 0
46251 1
46256 0
46271 0
46279 0
46293 0
46297 1
46302 1
46304 1
46313 1
46326 1
46331 1
46337 0
46345 0
46347 1
46350 0
46355 1
46356 0
46364 1
46372 1
46384 0
46390 0
46394 1
46402 1
46416 0
46425 1
46429 1
46437 1
46443 1
46451 1
46459 1
46468 1
46474 0
46475 0
46487 0
46498 0
46506 0
46513 0
46521 1
46528 1
46537 1
46548 0
46555 0
46567 0
46576 0
46591 0
46600 1
46608 0
46636 0
46638 0
46653 1
46668 1
46680 1
46681 0
46695 1
46698 0
46711 1
46712 1
46716 0
46719 1
46733 0
46745 1
46753 0
46758 1
46769 1
46782 0
46793 0
46806 0
46817 1
46824 0
46836 0
46848 0
46860 1
46861 0
46875 0
46882 1
46894 1
46897 1
46903 0
46916 0
46930 1
46939 0
46951 0
46965 1
46966 1
46968 0
46982 1
46985 0
46991 0
46998 1
46999 0
47012 0
47021 0
47033 0
47044 0
47050 1
47061 0
47068 1
47081 1
47083 0
47087 0
47094 0
47096 0
47103 1
47115 1
47127 1
47132 0
47141 0
47150 0
47156 1
47168 1
47174 0
47189 1
47193 1
47202 1
47205 0
47211 0
47225 0
47226 0
47241 1
47255 0
47262 0
47274 1
47280 1
47294 0
47308 0
47317 1
47324 1
47325 1
47336 0
47337 0
47338 1
47344 1
47369 0
47376 1
47391 0
47399 1
47406 0
47420 1
47432 1
47446 1
47457 0
47463 0
47472 1
47486 0
47492 1
47500 1
47506 0
47508 1
47522 1
47530 0
47544 1
47556 1
47565 1
47574 1
47575 1
47584 1
47596 1
47599 1
47601 0
47603 0
47614 0
47620 0
47626 1
47629 0
47644 0
47648 1
47649 0
47654 1
47666 1
47673 1
47697 1
47698 1
47699 1
47708 1
47710 0
47715 0
47730 0
47743 0
47744 0
47758 0
47772 1
47777 1
47785 1
47798 0
47809 0
47824 1
47825 1
47839 1
47850 1
47854 0
47866 0
47868 1
47872 1
47873 0
47888 1
47897 0
47910 1
47917 1
47922 1
47929 1
47931 0
47938 0
47940 0
47943 1
47952 1
47965 0
47977 1
47990 0
47991 1
47995 0
48007 1
48016 1
48018 1
48029 1
48031 1
48038 1
48041 1
48045 0
48046 1
48049 0
48061 0
48065 0
48072 0
48081 0
48082 1
48085 0
48094 0
48100 1
48106 0
48118 1
48126 1
48131 1
48137 1
48143 0
48156 1
48165 0
48180 1
48189 0
48198 0
48203 1
48215 1
48216 0
48220 1
48233 1
48241 0
48254 1
48258 1
48266 1
48267 0
48281 1
48294 0
48302 1
48314 1
48320 0
48331 0
48335 0
48340 1
48349 1
48364 1
48367 0
48369 0
48376 0
48384 1
48389 0
48392 1
48403 0
48407 1
48416 0
48421 0
48425 1
48430 0
48442 1
48444 0
48445 1
48451 1
48453 1
48461 1
48470 1
48485 0
48488 1
48502 1
48517 1
48525 1
48533 0
48548 1
48551 0
48552 0
48566 1
48579 1
48594 1
48606 1
48610 0
48612 0
48615 1
48627 0
48639 0
48645 1
48654 0
48670 1
48674 1
48685 1
48700 1
48703 0
48708 1
48720 0
48734 1
48747 1
48762 0
48764 0
48776 0
48789 0
48792 1
48800 1
48804 1
48819 1
48824 1
48829 1
48832 0
48847 1
48852 1
48854 0
48859 1
48865 0
48866 1
48877 1
48888 1
48895 1
48910 1
48923 1
48938 1
48953 0
48966 1
48974 0
48978 1
48985 0
48997 0
49001 0
49017 1
49031 0
49044 1
49055 0
49067 0
49079 1
49082 0
49084 0
49098 0
49106 0
49115 0
49129 1
49142 0
49151 1
49155 0
49160 1
49166 0
49177 0
49179 0
49184 1
49195 1
49203 0
49208 1
49211 1
49226 1
49234 1
49241 0
49252 0
49266 0
49281 1
49296 0
49301 0
49306 0
49311 1
49317 0
49332 1
49338 0
49339 0
49353 0
49357 1
49369 1
49375 0
49387 1
49406 1
49419 1
49421 0
49425 1
49437 0
49443 1
49454 1
49460 0
49473 0
49486 1
49488 0
49500 1
49502 0
49505 0
49514 1
49526 1
49541 1
49552 1
49560 1
49568 0
49569 1
49573 1
49577 0
49579 0
49587 1
49592 1
49607 0
49611 0
49617 1
49632 0
49635 1
49648 1
49651 0
49654 1
49662 1
49665 1
49667 0
49669 1
49680 0
49681 0
49685 0
49688 0
49690 0
49703 0
49705 1
49710 0
49722 1
49737 1
49746 0
49752 1
49758 1
49760 0
49765 0
49766 0
49767 1
49780 0
49784 1
49791 1
49796 1
49799 1
49807 1
49819 0
49822 0
49830 0
49834 0
49835 0
49841 0
49848 0
49859 0
49871 0
49876 1
49880 1
49894 1
49899 0
49906 0
49910 1
49914 0
49919 0
49931 0
49933 1
49945 0
49952 1
49964 1
49971 0
49986 0
49994 1
50002 0
50010 1
50021 1
50030 0
50038 0
50039 0
50051 1
50064 0
50069 0
50076 0
50077 1
50089 0
50097 1
50119 1
50121 1
50124 1
50125 1
50138 0
50151 1
50160 1
50163 1
50177 1
50179 1
50191 0
50202 0
50207 1
50213 0
50218 1
50221 0
50230 1
50233 0
50239 0
50247 1
50248 1
50251 1
50258 0
50263 1
50272 0
50285 0
50298 1
50305 0
50317 1
50341 0
50355 1
50360 1
50373 1
50388 0
50394 0
50409 1
50415 0
50423 1
50428 1
50443 0
50458 1
50461 0
50462 0
50477 1
50492 0
50503 0
50504 0
50508 1
50523 1
50527 1
50528 1
50532 1
50540 0
50553 0
50566 1
50580 1
50593 0
50600 1
50608 1
50613 1
50622 1
50628 1
50642 0
50653 0
50654 1
50665 0
50679 1
50685 1
50690 1
50697 0
50704 1
50717 0
50722 1
50728 0
50743 1
50757 0
50770 0
50781 1
50782 1
50789 1
50804 1
50809 0
50835 1
50841 0
50846 0
50848 0
50863 1
50876 0
50879 1
50891 0
50904 1
50912 0
50921 1
50935 1
50949 0
50961 0
50974 0
50981 1
50995 0
51009 0
51015 1
51021 0
51033 1
51036 0
51048 1
51059 0
51072 0
51087 0
51091 1
51100 0
51118 1
51132 1
51137 0
51151 1
51153 1
51166 1
51170 0
51173 1
51176 0
51178 1
51184 1
51189 1
51196 0
51205 1
51207 0
51211 0
51223 1
51231 1
51233 1
51247 0
51255 0
51256 0
51265 1
51277 0
51290 1
51303 1
51316 0
51319 1
51327 1
51338 1
51339 0
51341 0
51349 1
51352 0
51355 0
51361 0
51376 1
51388 1
51399 1
51402 1
51410 0
51417 0
51418 1
51431 0
51446 0
51452 0
51458 1
51460 1
51465 0
51480 0
51494 0
51498 1
51511 1
51526 1
51533 1
51536 0
51540 0
51545 1
51546 0
51547 1
51560 0
51574 0
51586 1
51592 1
51606 0
51612 0
51623 1
51626 1
51639 0
51641 0
51654 0
51668 1
51682 0
51696 0
51709 0
51721 0
51733 0
51735 1
51748 0
51754 0
51757 0
51762 0
51770 1
51778 0
51791 0
51795 1
51798 1
51807 0
51814 0
51815 0
51819 1
51827 0
51839 0
51850 0
51854 1
51865 0
51868 0
51881 1
51882 0
51897 1
51915 1
51928 1
51929 0
51931 1
51935 1
51936 0
51943 1
51948 0
51975 1
51980 1
51992 1
51998 1
52004 1
52011 0
52019 0
52022 0
52025 0
52028 1
52030 0
52035 0
52042 0
52046 1
52055 1
52056 1
52067 0
52078 1
52093 1
52104 0
52119 0
52123 0
52135 0
52141 0
52147 1
52162 1
52174 1
52189 0
52197 0
52201 1
52205 1
52214 0
52229 1
52240 1
52251 1
52255 1
52264 1
52275 0
52278 0
52289 1
52302 1
52304 1
52319 1
52321 1
52335 1
52340 0
52347 0
52360 1
52364 1
52371 0
52382 0
52383 1
52394 1
52409 0
52414 1
52425 0
52440 1
52455 0
52460 1
52469 0
52484 0
52492 1
52497 0
52511 1
52515 1
52526 1
52535 1
52536 0
52541 1
52552 1
52564 0
52578 0
52591 0
52600 1
52607 0
52616 0
52624 1
52632 0
52640 0
52641 1
52643 1
52647 1
52673 1
52674 0
52687 1
52701 0
52716 1
52727 0
52731 0
52740 1
52748 0
52755 0
52761 0
52773 1
52782 1
52786 0
52793 1
52804 0
52815 1
52828 0
52836 0
52845 1
52859 1
52867 1
52879 0
52882 0
52893 0
52902 1
52904 0
52925 0
52937 0
52946 0
52951 1
52970 1
52977 1
52985 1
53000 0
53013 0
53014 0
53025 0
53038 1
53047 0
53056 0
53057 0
53063 0
53078 0
53089 1
53103 1
53107 1
53115 1
53128 0
53142 1
53144 1
53150 1
53155 0
53158 0
53165 0
53169 1
53173 0
53177 0
53184 1
53189 1
53201 1
53215 1
53216 0
53217 0
53223 0
53231 0
53242 0
53250 0
53254 0
53266 1
53279 0
53280 1
53292 1
53307 0
53309 0
53322 1
53324 0
53327 1
53329 0
53338 1
53352 1
53360 1
53375 0
53381 0
53388 0
53399 1
53404 1
53406 0
53410 1
53415 1
53429 1
53437 1
53443 0
53452 1
53463 0
53475 1
53486 0
53501 0
53516 0
53530 1
53542 1
53544 0
53547 1
53559 0
53563 1
53578 1
53591 0
53603 1
53617 1
53631 0
53638 0
53639 0
53644 0
53652 1
53667 1
53680 1
53693 1
53697 0
53702 0
53708 0
53720 1
53722 1
53723 1
53731 1
53734 0
53748 1
53756 1
53762 1
53775 0
53789 0
53793 0
53798 1
53806 0
53821 1
53822 0
53833 1
53836 0
53845 1
53860 1
53863 1
53877 0
53885 1
53891 1
53906 0
53921 1
53929 1
53932 1
53943 0
53955 1
53956 0
53962 1
53964 1
53971 1
53974 0
53982 1
53983 1
53986 1
53987 1
54000 1
54004 0
54013 1
54025 1
54036 1
54038 1
54042 0
54053 1
54065 1
54069 0
54074 0
54079 1
54087 0
54100 0
54107 0
54121 0
54129 1
54134 0
54146 0
54161 1
54176 0
54179 0
54188 0
54193 1
54199 1
54211 0
54226 0
54231 1
54240 0
54242 1
54248 1
54257 1
54269 0
54271 0
54277 1
54290 0
54298 0
54299 1
54310 0
54312 0
54316 0
54333 1
54346 0
54358 1
54362 0
54369 1
54383 1
54398 1
54400 1
54403 1
54417 1
54428 1
54439 1
54454 1
54466 0
54471 1
54479 0
54488 0
54503 1
54508 1
54519 1
54534 0
54548 0
54560 0
54569 0
54575 1
54577 0
54578 0
54581 1
54596 1
54611 0
54616 1
54627 0
54632 0
54639 0
54652 1
54661 0
54665 0
54673 0
54679 0
54693 1
54698 0
54705 0
54706 0
54711 1
54713 0
54722 0
54734 1
54741 1
54753 0
54762 1
54767 0
54779 0
54794 1
54803 1
54808 0
54814 1
54821 0
54830 0
54839 1
54843 0
54856 0
54859 1
54873 0
54877 1
54878 0
54882 1
54894 1
54901 0
54905 0
54906 1
54919 1
54934 1
54947 0
54960 0
54972 0
54987 0
54993 0
54999 1
55008 1
55019 0
55026 0
55032 0
55040 0
55053 0
55058 1
55069 1
55074 1
55078 0
55086 1
55090 0
55099 0
55113 0
55120 1
55125 1
55128 1
55132 1
55145 1
55160 0
55172 1
55175 1
55180 0
55186 0
55199 1
55212 0
55217 0
55222 1
55229 0
55234 1
55245 1
55246 1
55255 0
55270 0
55271 0
55286 0
55287 0
55290 0
55303 1
55311 1
55312 1
55314 0
55323 0
55324 0
55331 1
55340 1
55345 0
55359 0
55368 1
55377 0
55385 0
55398 0
55403 1
55410 1
55423 1
55432 0
55438 1
55451 1
55454 0
55460 1
55467 0
55471 0
55486 1
55495 0
55507 0
55521 0
55534 0
55538 0
55545 1
55549 0
55565 0
55580 1
55587 1
55596 0
55601 1
55609 0
55614 0
55623 1
55630 0
55643 0
55651 0
55663 0
55667 0
55676 0
55679 1
55688 1
55692 0
55700 0
55707 1
55718 0
55725 0
55739 1
55750 1
55755 0
55759 0
55774 0
55776 1
55788 1
55795 1
55798 0
55813 1
55819 1
55824 0
55835 0
55837 1
55851 0
55854 0
55867 1
55879 1
55884 0
55887 0
55893 1
55902 1
55904 1
55916 1
55922 1
55924 1
55928 0
55933 1
55948 1
55950 1
55959 1
55970 0
55973 1
55987 0
56001 1
56013 0
56015 0
56021 0
56035 1
56037 0
56048 0
56054 0
56068 1
56075 0
56083 0
56096 0
56097 0
56109 0
56112 1
56125 1
56136 1
56145 1
56150 0
56159 0
56164 1
56170 1
56174 1
56178 1
56183 0
56187 1
56200 1
56206 0
56214 0
56221 1
56228 1
56232 0
56244 1
56256 1
56260 1
56264 1
56267 0
56276 1
56290 0
56297 0
56301 0
56303 0
56307 0
56319 0
56324 0
56339 1
56343 0
56356 1
56357 0
56364 1
56370 0
56375 1
56378 0
56390 0
56393 1
56399 1
56412 0
56418 0
56423 0
56429 1
56441 1
56452 1
56457 1
56459 0
56461 0
56464 0
56478 0
56482 1
56489 1
56498 1
56504 0
56517 0
56528 1
56532 0
56539 1
56541 1
56545 1
56552 0
56559 1
56570 0
56574 0
56575 0
56577 0
56589 1
56604 0
56609 1
56621 0
56629 0
56630 1
56644 1
56648 1
56656 0
56663 0
56678 1
56692 1
56698 1
56699 1
56711 1
56725 1
56737 1
56746 0
56750 0
56756 1
56768 0
56776 0
56780 0
56786 0
56788 0
56800 1
56807 1
56816 1
56824 0
56838 1
56850 1
56858 1
56869 1
56870 0
56873 1
56884 1
56896 0
56901 0
56907 0
56911 0
56926 0
56937 1
56949 1
56963 1
56969 0
56982 0
56997 0
57010 0
57012 1
57021 1
57026 1
57034 0
57048 0
57057 0
57062 0
57070 0
57085 1
57091 0
57098 1
57104 0
57105 0
57112 0
57117 1
57146 1
57158 0
57160 0
57163 1
57164 1
57176 0
57179 0
57194 1
57201 0
57203 0
57212 1
57218 1
57230 0
57241 0
57252 0
57261 1
57263 0
57267 1
57278 1
57284 1
57299 1
57307 0
57314 1
57318 1
57326 0
57332 0
57337 0
57339 1
57350 0
57355 0
57359 1
57373 0
57384 0
57396 1
57411 0
57425 0
57427 0
57431 0
57436 1
57444 0
57447 1
57451 1
57457 0
57465 0
57471 1
57500 1
57504 1
57506 0
57520 0
57527 0
57536 0
57549 1
57553 1
57560 1
57563 1
57578 1
57585 1
57589 0
57601 0
57603 1
57605 0
57616 0
57628 0
57630 0
57639 1
57641 1
57656 0
57669 0
57674 0
57679 1
57693 0
57695 1
57701 1
57716 1
57723 1
57730 1
57738 1
57747 1
57748 1
57753 1
57767 1
57771 1
57783 1
57796 1
57798 1
57806 1
57813 0
57824 1
57830 0
57837 0
57841 1
57856 0
57869 0
57873 0
57874 0
57877 0
57880 1
57884 1
57909 0
57912 1
57925 1
57937 0
57938 1
57940 0
57952 0
57965 0
57969 0
57983 0
57996 0
58008 0
58023 1
58029 0
58042 0
58055 0
58059 1
58071 0
58072 1
58086 1
58095 1
58110 0
58112 1
58123 0
58131 1
58134 1
58135 0
58139 0
58143 1
58148 0
58162 1
58176 1
58179 1
58181 1
58182 0
58196 1
58210 0
58218 0
58232 0
58235 0
58236 0
58238 0
58245 0
58251 0
58259 1
58264 1
58277 0
58290 1
58295 0
58325 0
58327 0
58335 0
58347 0
58349 1
58362 0
58369 1
58384 0
58385 1
58397 1
58411 0
58424 0
58436 1
58450 0
58461 1
58469 0
58475 1
58482 0
58487 0
58496 1
58498 0
58512 0
58517 0
58519 0
58526 1
58527 0
58535 1
58559 1
58566 0
58571 0
58580 1
58585 1
58588 1
58603 0
58605 1
58606 1
58615 1
58629 1
58640 0
58648 0
58653 1
58660 0
58669 0
58684 1
58697 0
58705 1
58720 0
58732 1
58747 1
58750 0
58763 0
58771 1
58788 1
58800 1
58815 1
58830 0
58833 1
58848 0
58849 0
58852 0
58856 0
58870 0
58876 0
58889 0
58897 0
58911 0
58913 0
58917 1
58925 1
58938 1
58953 0
58966 1
58978 0
58989 1
59004 0
59007 1
59015 1
59016 0
59028 0
59032 0
59041 1
59054 1
59068 0
59082 0
59090 0
59097 1
59105 1
59114 1
59116 1
59123 1
59124 0
59137 0
59149 0
59157 1
59164 1
59176 0
59184 1
59187 0
59192 1
59195 1
59203 1
59214 0
59228 1
59231 0
59245 0
59258 1
59270 0
59278 0
59293 0
59308 1
59316 1
59330 1
59335 0
59346 1
59359 0
59364 1
59377 0
59379 0
59387 0
59396 1
59410 0
59417 0
59430 0
59442 1
59447 0
59459 1
59461 1
59467 0
59475 1
59484 1
59493 0
59495 0
59506 0
59507 0
59509 0
59512 0
59514 0
59526 1
59528 0
59532 1
59535 0
59538 1
59549 0
59551 0
59556 1
59569 0
59570 0
59584 1
59591 1
59594 0
59600 1
59602 1
59603 1
59617 1
59625 1
59638 1
59641 1
59649 0
59662 0
59673 0
59685 1
59693 1
59708 1
59719 0
59731 1
59745 0
59751 0
59763 0
59776 0
59789 0
59790 0
59793 1
59804 1
59818 1
59829 0
59833 0
59844 0
59856 1
59870 1
59879 0
59893 0
59901 0
59910 0
59913 0
59919 0
59921 0
59935 1
59948 0
59956 1
59969 1
59982 0
59990 0
60005 1
60019 1
60022 1
60037 0
60046 0
60058 0
60069 0
60082 1
60094 0
60102 1
60111 1
60119 1
60126 1
60134 0
60135 1
60143 1
60156 1
60157 1
60166 1
60180 0
60184 0
60195 0
60197 1
60203 1
60206 0
60220 1
60231 0
60244 0
60250 1
60256 0
60270 1
60271 0
60276 1
60282 1
60285 0
60288 0
60315 0
60317 0
60319 1
60320 0
60327 0
60330 0
60335 1
60353 1
60358 0
60362 1
60373 0
60380 0
60391 0
60396 1
60405 1
60406 0
60420 0
60434 0
60437 1
60451 1
60466 0
60472 0
60478 1
60487 0
60494 1
60500 1
60514 0
60526 1
60532 0
60554 0
60566 1
60578 1
60582 1
60593 1
60601 0
60604 1
60619 0
60620 0
60642 0
60655 1
60668 1
60682 1
60691 0
60699 1
60703 1
60711 0
60729 1
60740 1
60741 1
60745 0
60760 0
60762 0
60765 1
60768 1
60784 0
60790 0
60802 0
60809 1
60821 0
60835 1
60843 1
60855 0
60860 0
60873 0
60887 0
60892 1
60900 0
60909 1
60913 0
60926 1
60941 1
60944 1
60947 0
60958 0
60970 1
60976 0
60979 0
60983 0
60994 1
60996 0
60998 1
61003 0
61005 0
61020 0
61024 0
61039 0
61047 1
61056 1
61069 0
61073 1
61080 1
61091 1
61092 1
61103 1
61112 1
61118 0
61136 0
61145 1
61158 0
61167 0
61180 0
61186 1
61192 1
61201 0
61215 0
61218 1
61227 0
61241 0
61247 0
61256 0
61261 0
61268 1
61273 1
61280 1
61286 1
61300 1
61311 0
61313 1
61322 1
61327 0
61341 1
61355 1
61358 1
61361 0
61373 1
61384 0
61385 1
61398 0
61399 0
61405 1
61423 1
61438 0
61447 0
61449 0
61455 0
61457 1
61471 0
61486 1
61501 0
61504 1
61518 0
61532 0
61547 1
61560 0
61566 1
61573 0
61581 0
61594 1
61599 0
61600 0
61602 1
61616 1
61621 1
61626 1
61639 0
61647 0
61652 1
61661 0
61673 1
61674 0
61681 1
61696 1
61705 1
61716 0
61729 0
61736 1
61744 0
61753 0
61754 0
61756 1
61769 1
61775 0
61787 1
61804 1
61817 1
61831 0
61845 0
61859 0
61871 1
61878 1
61883 1
61887 0
61898 1
61905 0
61917 1
61929 1
61943 1
61952 1
61954 0
61955 0
61963 0
61971 1
61979 0
61985 1
61998 0
62007 0
62011 1
62026 1
62029 1
62038 0
62045 0
62052 0
62055 1
62066 0
62080 0
62091 0
62096 1
62110 1
62123 1
62124 1
62139 0
62145 0
62156 0
62164 0
62177 1
62184 0
62186 1
62191 0
62194 0
62198 1
62209 1
62223 1
62236 1
62245 0
62259 1
62267 1
62272 1
62286 0
62292 0
62296 1
62301 1
62315 0
62328 0
62337 0
62350 0
62358 0
62362 0
62374 0
62378 1
62389 0
62417 0
62429 0
62442 0
62454 1
62460 1
62467 0
62472 0
62474 0
62489 0
62502 0
62510 1
62514 1
62527 1
62532 1
62547 1
62558 1
62565 1
62568 0
62569 0
62570 0
62584 1
62592 0
62599 0
62607 0
62616 1
62618 0
62622 1
62623 1
62626 0
62641 0
62646 1
62659 1
62660 0
62663 0
62672 1
62687 1
62691 0
62699 0
62712 1
62720 1
62722 1
62731 1
62744 1
62759 0
62766 0
62773 1
62782 0
62790 0
62798 0
62803 0
62807 0
62810 0
62818 1
62829 1
62837 0
62843 0
62856 0
62863 0
62868 0
62872 0
62887 0
62890 1
62902 1
62908 0
62910 0
62918 0
62926 1
62939 1
62940 0
62943 0
62944 0
62946 1
62957 1
62971 1
62982 1
62991 1
62998 0
63003 1
63009 1
63014 1
63027 1
63028 0
63040 1
63048 1
63050 0
63061 0
63067 1
63079 1
63082 1
63088 0
63089 1
63104 1
63105 0
63113 0
63120 0
63122 1
63136 1
63145 0
63158 0
63173 0
63179 0
63193 0
63201 1
63212 0
63218 1
63221 0
63222 1
63224 1
63238 1
63249 0
63263 0
63275 1
63276 1
63287 1
63301 1
63303 0
63314 0
63318 0
63323 1
63337 0
63352 1
63353 1
63362 0
63371 1
63375 1
63388 1
63393 0
63405 1
63409 0
63411 0
63423 0
63428 1
63430 0
63445 0
63453 1
63458 0
63462 0
63476 0
63490 0
63505 1
63517 0
63525 0
63534 0
63538 0
63551 0
63555 1
63559 1
63567 0
63579 0
63583 0
63587 1
63602 1
63614 0
63626 0
63639 1
63641 0
63646 0
63651 0
63665 0
63668 1
63679 1
63694 1
63697 1
63703 0
63711 1
63721 0
63723 0
63730 1
63745 0
63754 1
63762 0
63773 1
63781 0
63796 0
63798 1
63805 1
63814 1
63818 1
63831 0
63834 0
63838 1
63846 1
63847 1
63851 0
63854 0
63861 1
63870 1
63874 0
63881 1
63896 0
63903 0
63914 0
63925 0
63931 1
63934 0
63936 1
63937 0
63951 1
63954 1
63960 1
63971 0
63977 1
63979 0
63991 1
63992 1
64001 0
64016 0
64025 0
64034 0
64039 1
64047 1
64055 1
64064 1
64065 1
64068 0
64081 0
64086 1
64095 1
64100 1
64114 1
64122 1
64123 1
64134 1
64148 0
64152 0
64163 0
64171 1
64175 1
64177 0
64190 0
64191 0
64206 1
64210 0
64221 0
64225 0
64232 1
64260 1
64269 1
64272 1
64287 0
64298 0
64303 1
64316 0
64330 1
64343 0
64349 0
64351 0
64364 1
64368 1
64379 1
64384 0
64388 1
64399 0
64402 0
64411 0
64415 1
64422 0
64426 1
64430 1
64434 0
64439 0
64443 0
64447 1
64462 0
64469 1
64470 0
64473 0
64474 1
64489 1
64502 1
64513 1
64518 1
64530 1
64535 1
64549 1
64560 0
64569 1
64578 1
64585 1
64594 0
64607 0
64621 1
64623 0
64634 0
64637 0
64643 1
64646 1
64651 1
64660 0
64679 0
64686 0
64699 1
64706 1
64721 1
64735 0
64740 1
64754 0
64758 1
64763 0
64771 0
64775 1
64777 0
64781 0
64794 1
64800 0
64801 1
64809 1
64822 1
64823 0
64824 0
64827 1
64841 0
64845 0
64846 1
64857 0
64871 1
64876 1
64883 1
64889 1
64897 1
64912 1
64920 1
64924 1
64928 0
64933 1
64948 0
64960 0
64975 1
64990 0
65004 1
65006 0
65021 1
65030 0
65032 1
65047 1
65050 1
65056 1
65061 0
65068 0
65080 0
65095 1
65103 0
65109 1
65116 1
65117 1
65121 0
65130 1
65139 0
65143 1
65154 0
65159 0
65172 1
65184 0
65185 0
65189 0
65203 0
65216 1
65231 1
65244 0
65246 1
65260 1
65271 1
65279 1
65284 1
65292 0
65295 1
65299 1
65310 1
65318 1
65322 0
65335 1
65350 0
65354 0
65355 1
65362 0
65374 1
65388 1
65393 1
65398 1
65406 1
65417 1
65421 1
65433 1
65446 0
65454 0
65459 1
65471 1
65473 1
65475 0
65486 0
65492 1
65503 1
65514 1
65517 1
65530 1
65531 1
65538 1
65552 1
65554 0
65560 1
65562 0
65565 1
65566 0
65578 0
65592 0
65599 0
65601 0
65613 1
65627 1
65642 0
65655 1
65663 1
65668 0
65669 1
65682 1
65683 1
65684 1
65686 0
65701 0
65714 1
65730 1
65742 1
65755 1
65758 0
65759 0
65760 1
65771 1
65775 1
65788 0
65794 0
65796 0
65810 0
65823 0
65834 1
65835 0
65838 0
65851 1
65858 1
65872 0
65874 0
65877 1
65883 0
65898 0
65911 1
65924 0
65937 1
65940 0
65949 1
65952 0
65957 1
65969 1
65980 0
65993 0
65997 1
65999 1
66001 1
66010 0
66036 1
66037 0
66042 1
66055 0
66062 0
66073 0
66081 1
66082 1
66094 0
66107 0
66111 1
66124 1
66127 1
66139 1
66150 1
66156 0
66168 1
66182 1
66188 1
66189 0
66190 1
66202 0
66205 0
66219 1
66223 0
66237 1
66253 0
66255 0
66259 0
66268 0
66271 0
66278 1
66286 1
66297 0
66308 0
66316 1
66331 0
66343 1
66350 1
66353 1
66361 1
66369 1
66381 0
66395 1
66396 0
66409 0
66411 1
66424 1
66436 1
66439 1
66442 0
66454 1
66466 1
66467 1
66473 1
66479 0
66491 0
66506 1
66521 1
66535 1
66540 1
66546 0
66561 1
66574 0
66579 0
66581 1
66590 1
66591 1
66602 1
66610 1
66621 0
66636 1
66642 0
66648 1
66670 1
66678 0
66679 1
66690 0
66692 1
66694 0
66696 0
66708 0
66714 1
66722 1
66730 0
66755 0
66766 1
66774 0
66788 0
66794 1
66809 1
66823 1
66834 1
66835 0
66843 1
66844 1
66852 1
66864 1
66868 1
66876 1
66887 0
66902 0
66913 1
66925 0
66932 0
66944 1
66949 0
66952 0
66953 0
66960 1
66972 1
66981 0
66984 0
66987 1
66990 1
66997 1
66999 1
67004 0
67008 1
67020 1
67029 1
67044 0
67059 0
67067 0
67082 1
67093 1
67102 1
67105 0
67111 1
67126 0
67133 0
67136 0
67140 0
67142 1
67149 0
67162 0
67171 0
67180 0
67189 1
67191 0
67193 1
67206 1
67215 1
67219 1
67227 0
67231 1
67235 0
67244 0
67249 1
67263 0
67270 0
67275 1
67284 0
67291 0
67295 0
67304 1
67310 1
67315 1
67324 0
67330 1
67332 1
67340 1
67345 0
67362 1
67366 1
67373 0
67379 0
67386 0
67395 1
67397 1
67408 0
67419 0
67420 0
67434 1
67440 0
67443 0
67448 0
67454 0
67461 0
67462 1
67476 1
67477 0
67484 0
67497 0
67503 1
67514 1
67519 0
67533 0
67535 1
67546 1
67560 1
67572 0
67587 0
67595 0
67610 1
67615 1
67628 0
67634 1
67656 0
67664 1
67669 1
67672 0
67686 0
67695 1
67700 0
67707 0
67720 0
67722 0
67737 0
67744 1
67746 0
67747 0
67751 1
67766 1
67767 1
67771 0
67778 1
67782 1
67794 0
67806 1
67815 0
67822 1
67838 1
67853 0
67858 1
67871 0
67878 0
67893 0
67905 0
67906 0
67913 1
67920 0
67941 1
67949 1
67955 1
67966 1
67968 0
67980 0
67982 0
67988 1
67989 0
67994 1
68006 0
68010 0
68015 0
68018 0
68030 0
68038 0
68044 1
68055 1
68070 1
68071 1
68077 0
68080 1
68085 1
68100 0
68111 0
68123 1
68124 1
68132 0
68136 1
68143 0
68148 1
68156 1
68170 1
68177 1
68180 1
68187 0
68199 0
68205 1
68210 1
68218 1
68227 0
68241 1
68242 0
68247 0
68273 0
68277 0
68283 0
68284 1
68296 0
68307 0
68314 1
68330 0
68332 0
68337 1
68344 1
68358 0
68361 1
68366 0
68375 0
68384 0
68389 0
68400 0
68404 0
68408 1
68409 0
68416 0
68427 0
68440 1
68455 1
68469 1
68475 1
68483 1
68484 1
68486 0
68497 0
68510 0
68522 0
68536 1
68548 0
68553 1
68564 0
68569 1
68572 1
68584 0
68590 0
68598 0
68609 0
68612 0
68616 0
68628 0
68636 1
68651 0
68658 0
68659 0
68672 0
68681 0
68692 1
68697 1
68702 0
68706 1
68708 0
68711 1
68725 0
68736 0
68744 1
68755 1
68761 1
68770 0
68778 1
68790 0
68793 0
68797 1
68812 0
68827 0
68833 0
68848 0
68861 0
68868 0
68875 0
68887 1
68888 0
68901 0
68909 1
68924 0
68931 0
68938 1
68949 1
68958 0
68964 0
68965 0
68974 0
68986 0
68991 1
68998 1
69007 1
69020 1
69025 0
69038 1
69046 1
69052 1
69061 1
69072 0
69073 1
69081 0
69085 1
69089 0
69093 0
69098 0
69113 0
69124 1
69125 0
69129 0
69141 1
69143 0
69146 0
69160 1
69177 1
69179 0
69184 0
69192 1
69204 1
69218 0
69221 0
69225 0
69233 1
69244 1
69252 1
69265 0
69277 1
69280 0
69294 0
69302 1
69315 0
69320 0
69335 1
69339 1
69352 1
69364 1
69365 1
69370 0
69371 1
69382 0
69384 1
69385 0
69400 1
69408 1
69412 0
69421 1
69434 1
69446 0
69451 0
69459 1
69472 0
69474 0
69482 1
69488 0
69503 0
69507 1
69519 1
69528 1
69533 1
69547 1
69555 1
69561 0
69572 0
69583 1
69586 1
69601 0
69612 0
69624 1
69635 1
69647 0
69648 0
69660 1
69672 1
69675 1
69681 0
69688 0
69694 0
69707 0
69719 0
69728 1
69731 0
69743 1
69754 1
69769 0
69773 1
69777 0
69792 1
69803 1
69812 0
69826 1
69828 0
69839 1
69852 0
69865 0
69866 1
69879 0
69887 1
69900 0
69908 0
69913 1
69921 1
69925 1
69936 0
69945 1
69963 0
69971 1
69978 1
69987 0
69996 1
70011 1
70018 1
70029 0
70033 0
70046 1
70058 0
70069 1
70071 1
70080 1
70089 0
70104 1
70107 0
70113 0
70128 1
70141 0
70149 1
70162 0
70168 0
70175 0
70176 0
70181 0
70190 0
70203 1
70216 1
70220 0
70227 0
70239 0
70245 0
70248 1
70253 1
70256 0
70259 0
70274 1
70298 0
70311 1
70317 0
70318 0
70323 1
70337 1
70345 1
70346 0
70354 0
70359 0
70363 1
70374 1
70387 0
70395 1
70396 1
70409 1
70410 1
70424 1
70425 0
70431 0
70458 1
70463 1
70477 0
70478 1
70481 1
70488 1
70503 1
70518 0
70522 1
70524 1
70527 1
70534 1
70538 0
70543 0
70558 1
70573 0
70575 0
70584 1
70597 1
70606 1
70612 1
70613 0
70614 1
70625 1
70638 1
70650 1
70655 1
70666 1
70669 1
70670 0
70676 1
70691 1
70698 0
70712 1
70723 0
70724 0
70728 1
70739 1
70752 1
70763 1
70771 0
70786 1
70794 1
70796 0
70799 0
70811 0
70820 1
70829 1
70831 0
70834 0
70847 0
70859 1
70868 1
70870 1
70872 0
70884 0
70890 1
70893 1
70906 1
70912 1
70919 0
70940 1
70952 0
70955 0
70963 0
70965 1
70979 0
70981 1
70987 0
70990 1
70998 1
71000 0
71011 1
71026 1
71033 1
71039 0
71054 1
71058 1
71072 1
71087 1
71088 1
71092 1
71094 0
71103 0
71106 0
71117 1
71132 0
71141 0
71154 1
71163 0
71172 1
71175 1
71189 0
71201 1
71202 0
71208 0
71214 1
71217 0
71230 1
71236 0
71237 0
71248 0
71249 0
71250 1
71258 0
71264 0
71267 0
71271 1
71274 1
71282 0
71291 1
71306 0
71314 0
71328 0
71334 1
71342 1
71347 1
71351 0
71358 0
71373 0
71375 1
71386 0
71401 0
71412 1
71413 1
71419 0
71425 1
71434 1
71436 0
71448 0
71457 1
71464 0
71470 0
71481 1
71492 1
71503 1
71514 0
71518 1
71527 0
71539 0
71550 0
71556 0
71570 0
71577 0
71583 1
71590 0
71601 0
71612 1
71613 0
71618 0
71633 0
71646 0
71657 0
71670 0
71679 0
71691 0
71704 1
71713 1
71726 1
71732 0
71740 0
71744 0
71758 1
71772 1
71781 0
71793 0
71794 0
71808 1
71815 0
71820 0
71833 1
71837 1
71846 1
71848 0
71855 0
71860 0
71867 0
71875 1
71880 0
71889 1
71893 0
71902 0
71904 1
71906 1
71907 1
71909 0
71910 1
71914 0
71915 1
71916 1
71927 1
71938 1
71939 1
71941 0
71946 1
71949 1
71955 0
71963 0
71968 1
71969 1
71974 0
71975 1
71986 1
72000 0
72011 0
72018 1
72020 0
72021 1
72034 0
72045 0
72051 0
72053 1
72057 1
72070 0
72075 1
72076 0
72090 1
72091 0
72098 1
72111 0
72113 1
72127 1
72139 0
72146 1
72148 1
72171 1
72172 1
72178 0
72190 1
72196 0
72209 1
72220 0
72229 0
72241 1
72254 1
72267 0
72273 0
72277 0
72284 0
72288 1
72289 1
72296 1
72300 1
72305 1
72306 0
72311 1
72317 0
72324 0
72335 1
72342 0
72346 0
72355 0
72364 1
72370 1
72371 1
72377 1
72388 0
72390 0
72401 0
72412 1
72418 0
72423 0
72430 1
72435 0
72447 1
72455 0
72470 0
72475 1
72484 1
72497 0
72509 0
72513 0
72519 0
72530 1
72539 0
72546 0
72555 1
72567 0
72570 0
72578 0
72579 1
72587 0
72599 0
72613 0
72616 0
72628 0
72636 1
72641 0
72650 1
72666 0
72673 0
72687 0
72693 0
72708 0
72717 0
72723 0
72736 0
72738 1
72745 1
72754 0
72769 1
72775 0
72790 1
72798 1
72800 1
72801 0
72807 1
72818 1
72830 1
72837 1
72838 1
72853 1
72854 0
72868 0
72871 0
72885 0
72888 1
72891 0
72893 0
72901 0
72907 1
72922 1
72936 0
72939 1
72952 0
72960 1
72974 1
72989 0
73002 0
73013 1
73019 1
73031 1
73034 0
73036 0
73043 1
73060 0
73073 1
73085 1
73092 1
73103 1
73112 0
73119 1
73128 0
73134 1
73141 0
73155 1
73159 1
73171 0
73179 1
73182 0
73186 0
73193 1
73200 1
73204 0
73216 1
73245 0
73256 0
73259 1
73270 1
73282 0
73285 0
73300 1
73309 1
73314 0
73322 1
73331 1
73334 0
73335 1
73341 1
73348 1
73349 0
73357 1
73358 1
73369 0
73380 0
73386 1
73397 1
73409 0
73411 1
73423 0
73438 0
73442 0
73453 1
73462 1
73468 1
73469 1
73475 0
73482 1
73486 1
73500 1
73508 1
73509 1
73518 0
73523 0
73528 0
73537 1
73552 0
73560 1
73566 0
73574 1
73589 0
73596 0
73600 1
73603 1
73612 1
73613 1
73624 1
73633 0
73637 1
73651 0
73662 1
73665 1
73680 1
73695 1
73707 1
73718 1
73723 1
73724 1
73731 1
73740 1
73751 1
73758 1
73764 0
73776 0
73781 1
73785 0
73794 0
73809 1
73822 1
73823 1
73827 0
73832 1
73833 1
73844 0
73851 1
73856 1
73862 1
73863 0
73865 1
73869 1
73882 1
73885 1
73898 0
73924 1
73937 1
73938 0
73939 0
73941 0
73945 0
73950 0
73954 0
73967 1
73976 1
73991 0
73997 0
73999 0
74014 1
74016 1
74029 1
74041 0
74043 1
74047 0
74050 1
74053 1
74059 0
74061 1
74076 0
74088 1
74100 1
74103 1
74106 1
74111 1
74117 1
74126 1
74138 0
74141 0
74155 1
74157 0
74168 0
74171 1
74176 1
74189 1
74192 0
74205 1
74210 0
74212 0
74224 1
74230 1
74233 0
74235 0
74236 0
74237 1
74248 0
74251 1
74259 1
74263 1
74276 0
74288 1
74302 0
74306 1
74320 0
74328 1
74340 0
74355 0
74368 0
74375 1
74389 0
74393 1
74407 0
74421 0
74425 0
74427 0
74435 0
74447 0
74454 1
74460 0
74475 1
74489 0
74491 0
74498 1
74524 0
74538 1
74545 0
74560 1
74563 1
74578 0
74585 0
74591 1
74604 0
74617 1
74630 1
74635 1
74641 1
74655 0
74664 1
74671 1
74684 0
74692 0
74696 1
74709 0
74718 0
74719 0
74730 1
74742 1
74743 1
74745 0
74758 0
74765 1
74769 0
74772 1
74786 1
74794 0
74795 1
74807 0
74810 0
74815 1
74821 0
74835 1
74857 0
74859 1
74863 1
74870 1
74885 0
74890 0
74892 1
74904 1
74906 1
74920 0
74924 0
74929 1
74930 1
74932 0
74944 0
74947 1
74949 1
74953 1
74962 1
74976 1
74990 1
74991 0
75002 0
75016 0
75017 1
75025 1
75034 0
75047 1
75055 1
75056 0
75059 1
75061 1
75074 1
75087 0
75099 1
75112 0
75113 1
75120 1
75135 0
75136 0
75142 1
75149 0
75157 1
75169 0
75171 1
75180 1
75187 0
75203 0
75204 0
75211 0
75224 1
75231 1
75236 0
75237 1
75245 1
75260 0
75269 1
75283 0
75295 1
75298 0
75307 1
75318 0
75327 0
75341 0
75352 0
75365 0
75377 0
75378 1
75385 1
75400 0
75405 0
75418 0
75425 0
75433 0
75437 0
75449 0
75458 1
75460 0
75466 0
75481 0
75496 0
75507 0
75516 1
75520 1
75531 0
75533 0
75535 0
75544 1
75556 0
75569 1
75571 0
75573 1
75582 1
75589 0
75596 1
75597 0
75599 1
75611 1
75622 0
75633 1
75640 0
75657 0
75666 0
75669 1
75684 1
75687 0
75695 0
75709 1
75723 1
75732 0
75736 0
75740 0
75743 0
75758 1
75759 0
75763 1
75768 0
75779 0
75790 1
75792 1
75794 1
75806 1
75815 1
75816 1
75817 1
75821 0
75824 0
75826 0
75835 0
75849 1
75856 1
75861 1
75874 0
75879 1
75887 0
75892 1
75894 1
75906 1
75912 1
75920 0
75946 1
75947 0
75954 1
75968 1
75977 0
75990 0
76002 1
76006 1
76021 0
76036 0
76044 0
76050 0
76065 0
76078 1
76081 1
76085 1
76091 1
76103 1
76111 1
76117 0
76125 1
76140 1
76154 0
76156 1
76162 0
76164 1
76169 0
76184 0
76202 1
76213 1
76221 1
76225 1
76230 0
76234 0
76248 1
76259 1
76270 0
76281 1
76293 0
76301 0
76314 0
76323 1
76332 0
76358 0
76363 0
76378 0
76384 0
76395 1
76397 0
76410 1
76416 1
76423 1
76438 1
76439 1
76454 1
76467 1
76482 0
76483 1
76490 0
76492 0
76495 0
76508 1
76523 0
76526 1
76530 0
76541 0
76544 1
76545 0
76546 1
76547 1
76549 1
76563 1
76565 0
76576 0
76580 1
76582 0
76591 0
76597 0
76608 1
76613 0
76624 1
76639 1
76644 0
76656 0
76662 0
76668 1
76671 0
76682 0
76694 0
76697 0
76708 1
76711 0
76723 0
76736 1
76740 1
76755 1
76770 1
76771 1
76784 0
76795 0
76802 0
76815 0
76821 1
76827 0
76830 1
76838 1
76853 1
76859 0
76861 1
76863 0
76865 0
76866 0
76873 1
76878 1
76892 0
76900 1
76904 0
76909 1
76920 1
76923 0
76927 1
76932 1
76936 1
76940 1
76954 0
76967 1
76978 0
76979 1
76993 1
76999 1
77011 0
77016 0
77017 0
77019 0
77030 1
77032 1
77046 0
77053 0
77065 1
77067 1
77069 1
77076 0
77087 0
77101 0
77115 1
77122 0
77126 1
77127 0
77135 0
77143 1
77146 1
77155 1
77162 1
77165 1
77169 0
77180 1
77187 1
77191 0
77198 1
77199 1
77222 0
77236 0
77248 1
77253 1
77265 1
77268 1
77269 0
77271 1
77278 0
77284 0
77297 1
77310 1
77325 0
77327 0
77332 0
77341 0
77353 0
77360 1
77381 0
77390 1
77399 0
77403 0
77406 1
77421 0
77426 0
77432 1
77433 0
77434 1
77437 1
77445 0
77456 0
77463 0
77478 1
77493 0
77496 0
77502 1
77505 1
77510 0
77513 0
77521 0
77530 1
77535 0
77544 1
77559 1
77563 1
77567 0
77568 1
77571 1
77580 1
77584 1
77596 0
77603 1
77620 0
77634 1
77647 0
77655 0
77669 0
77670 1
77678 0
77692 1
77700 1
77708 0
77722 0
77736 0
77739 0
77754 1
77763 0
77778 1
77787 0
77790 1
77802 1
77805 0
77811 1
77825 1
77833 1
77839 1
77852 1
77861 0
77868 0
77873 1
77881 0
77886 1
77887 0
77895 0
77902 0
77915 1
77916 1
77921 0
77930 0
77936 1
77937 0
77940 0
77944 1
77953 1
77956 1
77965 1
77968 0
77974 1
77987 0
77992 0
77998 1
78005 0
78007 1
78008 1
78020 0
78031 0
78045 1
78056 1
78058 0
78059 0
78064 0
78079 1
78087 0
78098 1
78113 0
78120 0
78126 0
78130 0
78134 1
78135 1
78139 1
78142 1
78157 1
78171 0
78172 1
78179 0
78194 0
78206 1
78234 1
78243 0
78249 0
78251 0
78259 0
78270 1
78274 0
78279 0
78286 1
78292 0
78295 0
78313 0
78321 1
78329 0
78342 1
78347 0
78350 0
78356 0
78369 0
78384 1
78393 0
78412 1
78415 0
78427 1
78429 0
78432 0
78434 1
78435 0
78447 1
78448 0
78460 1
78465 0
78476 0
78479 0
78480 0
78483 0
78489 0
78491 0
78497 0
78509 0
78515 1
78520 1
78524 0
78532 1
78544 1
78555 0
78566 0
78579 1
78590 1
78595 0
78609 1
78611 0
78634 1
78636 0
78640 1
78649 0
78652 1
78663 1
78670 1
78673 1
78685 1
78699 0
78707 0
78712 0
78723 1
78729 1
78740 1
78745 0
78752 0
78755 1
78761 0
78776 0
78785 0
78792 0
78795 1
78799 0
78802 0
78806 1
78818 1
78821 1
78828 1
78840 1
78852 1
78854 0
78859 0
78864 1
78881 1
78895 1
78899 0
78908 0
78909 1
78915 1
78922 0
78937 1
78952 0
78966 0
78981 1
78987 1
78994 1
78999 0
79013 1
79019 0
79036 0
79048 0
79057 1
79069 1
79083 0
79084 0
79093 1
