100
3 1
11 0
12 1
16 1
19 1
22 1
24 1
30 1
31 1
39 1
41 1
49 1
54 1
56 1
65 1
68 1
70 1
76 1
85 1
87 1
89 1
98 1
99 1
105 1
110 1
118 1
127 1
134 1
137 1
139 1
143 1
148 1
156 1
163 1
167 1
171 1
176 1
185 1
193 1
197 1
204 1
210 1
214 1
215 1
222 1
226 1
233 1
242 1
244 1
245 1
252 1
253 1
255 1
260 1
265 1
273 1
281 1
290 1
292 1
294 1
295 1
298 1
306 1
313 1
321 1
323 1
325 1
331 1
333 1
336 1
341 1
342 1
348 1
352 1
360 1
368 1
375 1
381 1
387 1
389 1
390 1
398 1
407 1
414 1
416 1
420 1
427 1
429 1
433 1
441 1
448 1
454 1
463 1
465 1
471 1
472 1
477 1
482 1
490 1
495 1
