1000
4 1
7 0
13 1
18 1
26 1
33 1
41 1
44 1
51 1
53 1
58 1
67 1
73 1
82 1
83 1
88 1
90 1
95 1
98 1
101 1
105 1
114 1
116 1
122 1
127 1
133 1
138 1
145 1
152 1
157 1
162 1
163 1
164 1
170 1
175 1
184 1
188 1
194 1
203 1
210 1
218 1
224 1
231 1
232 1
240 1
243 1
251 1
259 1
268 1
272 1
279 1
287 1
291 1
293 1
301 1
304 1
311 1
313 1
321 1
330 1
334 1
338 1
347 1
354 1
356 1
362 1
370 1
379 1
384 1
392 1
393 1
402 1
405 1
414 1
420 1
427 1
433 1
438 1
445 1
446 1
449 1
458 1
461 1
465 1
474 1
475 1
481 1
487 1
490 1
494 1
502 1
506 1
514 1
517 1
525 1
527 1
535 1
541 1
545 1
549 1
557 1
566 1
574 1
575 1
578 1
582 1
587 1
594 1
597 1
603 1
605 1
612 1
613 1
622 1
631 1
633 1
642 1
648 1
656 1
665 1
671 1
678 1
682 1
686 1
692 1
696 1
701 1
709 1
713 1
718 1
725 1
730 1
731 1
733 1
735 1
736 1
738 1
742 1
749 1
755 1
757 1
763 1
768 1
776 1
780 1
783 1
792 1
793 1
801 1
802 1
811 1
814 1
818 1
820 1
829 1
831 1
838 1
841 1
846 1
847 1
856 1
861 1
862 1
865 1
870 1
871 1
878 1
883 1
886 1
887 1
888 1
894 1
896 1
904 1
911 1
913 1
914 1
920 1
926 1
929 1
935 1
939 1
946 1
954 1
959 1
966 1
969 1
977 1
985 1
986 1
988 1
996 1
1003 1
1010 1
1013 1
1018 1
1019 1
1021 1
1025 1
1030 1
1031 1
1036 1
1044 1
1053 1
1054 1
1060 1
1067 1
1068 1
1069 1
1073 1
1080 1
1085 1
1087 1
1089 1
1096 1
1097 1
1106 1
1109 1
1115 1
1122 1
1130 1
1133 1
1140 1
1145 1
1150 1
1159 1
1164 1
1173 1
1175 1
1183 1
1187 1
1193 1
1194 1
1198 1
1205 1
1210 1
1213 1
1219 1
1224 1
1231 1
1235 1
1244 1
1249 1
1256 1
1258 1
1266 1
1274 1
1278 1
1281 1
1285 1
1289 1
1295 1
1296 1
1304 1
1305 1
1309 1
1310 1
1311 1
1320 1
1321 1
1330 1
1331 1
1336 1
1340 1
1349 1
1355 1
1363 1
1367 1
1368 1
1376 1
1382 1
1389 1
1398 1
1406 1
1408 1
1409 1
1412 1
1416 1
1423 1
1430 1
1439 1
1444 1
1446 1
1449 1
1456 1
1458 1
1463 1
1467 1
1470 1
1471 1
1480 1
1486 1
1487 1
1492 1
1497 1
1503 1
1507 1
1513 1
1517 1
1524 1
1530 1
1537 1
1538 1
1546 1
1547 1
1548 1
1556 1
1563 1
1568 1
1575 1
1583 1
1584 1
1586 1
1591 1
1600 1
1608 1
1611 1
1616 1
1619 1
1625 1
1632 1
1633 1
1637 1
1643 1
1648 1
1655 1
1659 1
1660 1
1669 1
1675 1
1676 1
1684 1
1688 1
1695 1
1698 1
1700 1
1706 1
1707 1
1713 1
1721 1
1728 1
1733 1
1735 1
1737 1
1741 1
1742 1
1749 1
1758 1
1761 1
1768 1
1775 1
1784 1
1785 1
1792 1
1794 1
1800 1
1803 1
1809 1
1813 1
1818 1
1825 1
1834 1
1841 1
1845 1
1849 1
1856 1
1857 1
1861 1
1864 1
1868 1
1873 1
1880 1
1885 1
1892 1
1897 1
1901 1
1906 1
1914 1
1919 1
1925 1
1928 1
1929 1
1932 1
1939 1
1946 1
1947 1
1951 1
1953 1
1956 1
1961 1
1966 1
1972 1
1981 1
1983 1
1988 1
1990 1
1993 1
1995 1
1996 1
2002 1
2005 1
2012 1
2017 1
2026 1
2034 1
2041 1
2050 1
2059 1
2067 1
2071 1
2079 1
2088 1
2095 1
2096 1
2102 1
2107 1
2113 1
2117 1
2123 1
2132 1
2133 1
2135 1
2141 1
2148 1
2155 1
2158 1
2160 1
2161 1
2165 1
2172 1
2173 1
2180 1
2187 1
2190 1
2195 1
2204 1
2207 1
2209 1
2215 1
2222 1
2223 1
2229 1
2237 1
2241 1
2243 1
2250 1
2257 1
2259 1
2264 1
2267 1
2274 1
2282 1
2291 1
2295 1
2299 1
2308 1
2311 1
2320 1
2328 1
2333 1
2337 1
2342 1
2343 1
2347 1
2351 1
2357 1
2364 1
2372 1
2373 1
2374 1
2378 1
2386 1
2389 1
2398 1
2399 1
2404 1
2409 1
2410 1
2418 1
2424 1
2428 1
2432 1
2436 1
2442 1
2443 1
2451 1
2453 1
2458 1
2464 1
2466 1
2469 1
2476 1
2484 1
2493 1
2497 1
2504 1
2505 1
2508 1
2517 1
2523 1
2531 1
2538 1
2547 1
2548 1
2557 1
2560 1
2568 1
2573 1
2574 1
2581 1
2582 1
2585 1
2587 1
2588 1
2597 1
2599 1
2600 1
2608 1
2610 1
2615 1
2623 1
2632 1
2633 1
2634 1
2643 1
2644 1
2651 1
2655 1
2662 1
2667 1
2673 1
2682 1
2689 1
2691 1
2700 1
2707 1
2712 1
2713 1
2714 1
2720 1
2721 1
2727 1
2732 1
2736 1
2741 1
2745 1
2751 1
2752 1
2753 1
2759 1
2760 1
2761 1
2768 1
2772 1
2780 1
2782 1
2784 1
2790 1
2796 1
2804 1
2812 1
2813 1
2822 1
2826 1
2835 1
2838 1
2844 1
2850 1
2859 1
2866 1
2869 1
2878 1
2881 1
2882 1
2886 1
2889 1
2895 1
2900 1
2902 1
2909 1
2916 1
2921 1
2928 1
2932 1
2939 1
2941 1
2950 1
2959 1
2967 1
2971 1
2975 1
2978 1
2980 1
2989 1
2990 1
2992 1
3001 1
3008 1
3011 1
3018 1
3020 1
3023 1
3028 1
3030 1
3032 1
3039 1
3042 1
3046 1
3051 1
3057 1
3063 1
3064 1
3072 1
3073 1
3080 1
3087 1
3090 1
3094 1
3095 1
3101 1
3105 1
3113 1
3122 1
3127 1
3130 1
3133 1
3141 1
3143 1
3147 1
3149 1
3155 1
3157 1
3163 1
3168 1
3177 1
3178 1
3179 1
3181 1
3185 1
3186 1
3194 1
3195 1
3202 1
3206 1
3212 1
3214 1
3216 1
3221 1
3227 1
3228 1
3236 1
3238 1
3247 1
3254 1
3262 1
3271 1
3277 1
3285 1
3292 1
3296 1
3303 1
3308 1
3314 1
3323 1
3328 1
3335 1
3338 1
3340 1
3344 1
3353 1
3357 1
3365 1
3372 1
3380 1
3387 1
3389 1
3393 1
3394 1
3397 1
3404 1
3408 1
3415 1
3420 1
3423 1
3431 1
3439 1
3442 1
3443 1
3445 1
3453 1
3459 1
3468 1
3473 1
3476 1
3481 1
3486 1
3488 1
3489 1
3496 1
3499 1
3506 1
3508 1
3510 1
3518 1
3521 1
3528 1
3533 1
3536 1
3544 1
3552 1
3558 1
3562 1
3569 1
3577 1
3582 1
3591 1
3599 1
3600 1
3609 1
3612 1
3615 1
3624 1
3628 1
3636 1
3642 1
3646 1
3654 1
3660 1
3661 1
3667 1
3674 1
3679 1
3682 1
3683 1
3685 1
3686 1
3693 1
3694 1
3699 1
3705 1
3711 1
3717 1
3720 1
3724 1
3730 1
3732 1
3741 1
3745 1
3750 1
3753 1
3757 1
3760 1
3768 1
3777 1
3785 1
3788 1
3796 1
3797 1
3803 1
3808 1
3814 1
3821 1
3825 1
3829 1
3834 1
3839 1
3841 1
3845 1
3850 1
3853 1
3859 1
3863 1
3865 1
3869 1
3873 1
3878 1
3881 1
3884 1
3887 1
3891 1
3898 1
3907 1
3914 1
3920 1
3923 1
3927 1
3931 1
3935 1
3944 1
3950 1
3959 1
3963 1
3965 1
3966 1
3969 1
3978 1
3980 1
3989 1
3996 1
4001 1
4009 1
4013 1
4020 1
4023 1
4031 1
4037 1
4040 1
4047 1
4054 1
4058 1
4062 1
4064 1
4069 1
4078 1
4079 1
4084 1
4088 1
4092 1
4098 1
4106 1
4115 1
4120 1
4122 1
4123 1
4126 1
4135 1
4140 1
4147 1
4156 1
4161 1
4164 1
4169 1
4174 1
4175 1
4182 1
4183 1
4188 1
4192 1
4200 1
4203 1
4205 1
4209 1
4218 1
4226 1
4231 1
4240 1
4244 1
4251 1
4257 1
4258 1
4262 1
4270 1
4279 1
4288 1
4297 1
4303 1
4304 1
4309 1
4315 1
4317 1
4320 1
4324 1
4332 1
4334 1
4335 1
4336 1
4341 1
4345 1
4352 1
4356 1
4357 1
4365 1
4372 1
4375 1
4381 1
4385 1
4392 1
4400 1
4407 1
4410 1
4418 1
4425 1
4426 1
4429 1
4436 1
4444 1
4452 1
4458 1
4462 1
4467 1
4475 1
4483 1
4485 1
4493 1
4496 1
4501 1
4506 1
4510 1
4514 1
4520 1
4528 1
4530 1
4537 1
4538 1
4540 1
4543 1
4549 1
4554 1
4560 1
4565 1
4573 1
4581 1
4589 1
4590 1
4592 1
4595 1
4597 1
4599 1
4607 1
4616 1
4624 1
4632 1
4633 1
4640 1
4648 1
4655 1
4663 1
4670 1
4676 1
4680 1
4689 1
4698 1
4700 1
4703 1
4711 1
4716 1
4724 1
4729 1
4735 1
4743 1
4747 1
4756 1
4761 1
4766 1
4775 1
4779 1
4787 1
4792 1
4796 1
4798 1
4806 1
4815 1
4822 1
4828 1
4831 1
4836 1
4837 1
4842 1
4848 1
4855 1
4862 1
4866 1
4869 1
4872 1
4880 1
4885 1
4893 1
4896 1
4900 1
4909 1
4910 1
4911 1
4913 1
4914 1
4922 1
4928 1
4936 1
4944 1
4950 1
4951 1
4959 1
4964 1
4967 1
4973 1
4979 1
4987 1
4996 1
5000 1
5009 1
5012 1
5013 1
5017 1
5021 1
5029 1
5034 1
5042 1
5043 1
5052 1
5061 1
5064 1
