1000
6 0
7 1
15 0
23 0
32 0
38 0
47 0
52 0
61 0
62 0
71 0
73 0
76 0
84 0
90 0
96 0
102 0
105 0
108 0
116 0
121 0
126 0
127 0
136 0
139 0
147 0
148 0
150 0
153 0
160 0
167 0
169 0
174 0
181 0
190 0
196 0
203 0
204 0
213 0
216 0
224 0
231 0
233 0
238 0
241 0
249 0
258 0
265 0
267 0
274 0
279 0
283 0
287 0
288 0
289 0
293 0
300 0
306 0
314 0
319 0
328 0
330 0
331 0
336 0
337 0
338 0
341 0
349 0
356 0
360 0
361 0
370 0
371 0
373 0
382 0
383 0
388 0
395 0
401 0
403 0
412 0
417 0
420 0
429 0
437 0
446 0
450 0
453 0
461 0
466 0
473 0
478 0
484 0
487 0
489 0
496 0
502 0
511 0
513 0
522 0
529 0
536 0
545 0
554 0
560 0
568 0
573 0
581 0
583 0
585 0
589 0
590 0
595 0
601 0
602 0
607 0
612 0
618 0
626 0
632 0
636 0
642 0
651 0
655 0
658 0
663 0
665 0
670 0
675 0
681 0
690 0
694 0
699 0
700 0
706 0
711 0
720 0
729 0
735 0
742 0
744 0
749 0
756 0
765 0
766 0
768 0
769 0
773 0
777 0
779 0
788 0
792 0
799 0
800 0
801 0
808 0
809 0
818 0
820 0
821 0
826 0
831 0
836 0
839 0
842 0
846 0
854 0
861 0
863 0
870 0
876 0
881 0
887 0
894 0
902 0
909 0
910 0
915 0
921 0
924 0
933 0
939 0
947 0
951 0
953 0
959 0
966 0
975 0
979 0
983 0
984 0
993 0
996 0
1000 0
1005 0
1013 0
1017 0
1023 0
1030 0
1034 0
1035 0
1037 0
1039 0
1048 0
1056 0
1058 0
1065 0
1066 0
1069 0
1070 0
1071 0
1074 0
1083 0
1087 0
1095 0
1096 0
1100 0
1104 0
1112 0
1113 0
1116 0
1121 0
1130 0
1137 0
1145 0
1147 0
1153 0
1158 0
1165 0
1166 0
1175 0
1177 0
1186 0
1195 0
1201 0
1204 0
1208 0
1215 0
1220 0
1221 0
1230 0
1233 0
1241 0
1244 0
1252 0
1261 0
1267 0
1275 0
1280 0
1289 0
1291 0
1300 0
1309 0
1311 0
1315 0
1320 0
1324 0
1331 0
1333 0
1339 0
1346 0
1347 0
1349 0
1355 0
1364 0
1373 0
1376 0
1381 0
1386 0
1389 0
1398 0
1406 0
1413 0
1422 0
1425 0
1430 0
1438 0
1447 0
1454 0
1462 0
1467 0
1469 0
1471 0
1473 0
1476 0
1481 0
1490 0
1496 0
1504 0
1507 0
1511 0
1515 0
1517 0
1521 0
1530 0
1538 0
1541 0
1544 0
1545 0
1554 0
1555 0
1564 0
1566 0
1574 0
1576 0
1577 0
1579 0
1580 0
1587 0
1591 0
1594 0
1596 0
1605 0
1610 0
1616 0
1622 0
1626 0
1635 0
1639 0
1648 0
1653 0
1660 0
1663 0
1666 0
1667 0
1669 0
1678 0
1684 0
1690 0
1691 0
1697 0
1703 0
1706 0
1714 0
1716 0
1721 0
1727 0
1734 0
1735 0
1736 0
1742 0
1747 0
1748 0
1757 0
1765 0
1766 0
1772 0
1778 0
1781 0
1788 0
1794 0
1803 0
1805 0
1812 0
1817 0
1823 0
1830 0
1837 0
1845 0
1847 0
1856 0
1863 0
1870 0
1873 0
1876 0
1878 0
1879 0
1882 0
1885 0
1892 0
1895 0
1899 0
1907 0
1911 0
1912 0
1917 0
1924 0
1928 0
1933 0
1941 0
1944 0
1946 0
1954 0
1963 0
1970 0
1975 0
1981 0
1986 0
1995 0
2000 0
2002 0
2009 0
2013 0
2020 0
2021 0
2029 0
2035 0
2038 0
2043 0
2051 0
2057 0
2059 0
2066 0
2070 0
2077 0
2081 0
2089 0
2090 0
2096 0
2103 0
2111 0
2117 0
2118 0
2125 0
2134 0
2138 0
2146 0
2154 0
2161 0
2169 0
2177 0
2180 0
2188 0
2196 0
2200 0
2203 0
2210 0
2217 0
2218 0
2224 0
2228 0
2229 0
2238 0
2246 0
2250 0
2252 0
2255 0
2264 0
2268 0
2270 0
2276 0
2284 0
2287 0
2294 0
2296 0
2300 0
2308 0
2315 0
2322 0
2330 0
2336 0
2344 0
2346 0
2353 0
2355 0
2360 0
2366 0
2375 0
2381 0
2389 0
2398 0
2407 0
2408 0
2413 0
2416 0
2419 0
2421 0
2430 0
2436 0
2444 0
2445 0
2447 0
2452 0
2461 0
2467 0
2473 0
2474 0
2480 0
2483 0
2484 0
2490 0
2491 0
2499 0
2503 0
2512 0
2515 0
2521 0
2530 0
2539 0
2541 0
2543 0
2545 0
2549 0
2554 0
2562 0
2570 0
2578 0
2586 0
2587 0
2588 0
2590 0
2599 0
2601 0
2609 0
2617 0
2626 0
2632 0
2633 0
2639 0
2646 0
2652 0
2657 0
2665 0
2673 0
2682 0
2688 0
2697 0
2698 0
2701 0
2710 0
2713 0
2717 0
2719 0
2728 0
2736 0
2737 0
2739 0
2744 0
2746 0
2750 0
2754 0
2755 0
2764 0
2769 0
2773 0
2780 0
2787 0
2789 0
2793 0
2802 0
2805 0
2812 0
2819 0
2824 0
2832 0
2837 0
2841 0
2848 0
2854 0
2858 0
2866 0
2872 0
2873 0
2875 0
2877 0
2883 0
2889 0
2896 0
2898 0
2907 0
2911 0
2918 0
2922 0
2931 0
2934 0
2939 0
2943 0
2950 0
2957 0
2965 0
2969 0
2978 0
2985 0
2993 0
3000 0
3002 0
3006 0
3014 0
3015 0
3016 0
3022 0
3024 0
3027 0
3034 0
3042 0
3045 0
3047 0
3051 0
3055 0
3064 0
3065 0
3073 0
3081 0
3083 0
3086 0
3087 0
3095 0
3100 0
3107 0
3109 0
3116 0
3123 0
3125 0
3131 0
3135 0
3143 0
3147 0
3150 0
3158 0
3165 0
3173 0
3175 0
3179 0
3181 0
3187 0
3193 0
3202 0
3203 0
3210 0
3213 0
3219 0
3220 0
3221 0
3225 0
3234 0
3242 0
3251 0
3257 0
3258 0
3267 0
3276 0
3277 0
3281 0
3290 0
3291 0
3296 0
3305 0
3307 0
3311 0
3319 0
3320 0
3329 0
3332 0
3337 0
3345 0
3347 0
3353 0
3362 0
3369 0
3376 0
3378 0
3380 0
3381 0
3390 0
3398 0
3405 0
3409 0
3417 0
3422 0
3427 0
3430 0
3439 0
3447 0
3449 0
3453 0
3462 0
3467 0
3473 0
3482 0
3487 0
3495 0
3497 0
3504 0
3509 0
3518 0
3526 0
3533 0
3536 0
3537 0
3542 0
3544 0
3549 0
3555 0
3561 0
3564 0
3566 0
3571 0
3576 0
3580 0
3587 0
3593 0
3597 0
3603 0
3609 0
3618 0
3622 0
3624 0
3627 0
3628 0
3633 0
3639 0
3648 0
3651 0
3658 0
3662 0
3663 0
3664 0
3670 0
3678 0
3684 0
3688 0
3695 0
3699 0
3702 0
3709 0
3711 0
3715 0
3716 0
3725 0
3727 0
3735 0
3740 0
3746 0
3755 0
3759 0
3762 0
3768 0
3776 0
3781 0
3786 0
3792 0
3800 0
3805 0
3812 0
3815 0
3818 0
3822 0
3823 0
3827 0
3832 0
3835 0
3841 0
3842 0
3845 0
3851 0
3855 0
3859 0
3866 0
3875 0
3876 0
3883 0
3888 0
3893 0
3900 0
3909 0
3914 0
3919 0
3926 0
3933 0
3941 0
3946 0
3949 0
3950 0
3955 0
3964 0
3966 0
3971 0
3977 0
3978 0
3987 0
3992 0
3993 0
3997 0
4000 0
4002 0
4009 0
4017 0
4019 0
4028 0
4034 0
4041 0
4049 0
4050 0
4058 0
4059 0
4062 0
4068 0
4076 0
4081 0
4085 0
4087 0
4089 0
4097 0
4104 0
4111 0
4112 0
4118 0
4127 0
4130 0
4136 0
4140 0
4142 0
4145 0
4153 0
4158 0
4159 0
4166 0
4173 0
4178 0
4181 0
4186 0
4191 0
4192 0
4201 0
4207 0
4214 0
4220 0
4223 0
4228 0
4237 0
4241 0
4250 0
4254 0
4256 0
4264 0
4267 0
4271 0
4272 0
4279 0
4286 0
4292 0
4297 0
4300 0
4308 0
4315 0
4324 0
4331 0
4339 0
4340 0
4347 0
4353 0
4361 0
4364 0
4371 0
4373 0
4378 0
4386 0
4389 0
4393 0
4401 0
4406 0
4413 0
4419 0
4428 0
4429 0
4432 0
4436 0
4441 0
4450 0
4453 0
4458 0
4461 0
4464 0
4468 0
4477 0
4484 0
4493 0
4495 0
4503 0
4512 0
4520 0
4528 0
4535 0
4538 0
4547 0
4553 0
4555 0
4559 0
4562 0
4571 0
4572 0
4574 0
4578 0
4579 0
4582 0
4591 0
4598 0
4603 0
4611 0
4614 0
4622 0
4627 0
4631 0
4634 0
4637 0
4643 0
4652 0
4656 0
4665 0
4666 0
4675 0
4678 0
4680 0
4685 0
4689 0
4697 0
4705 0
4714 0
4718 0
4725 0
4727 0
4732 0
4735 0
4736 0
4745 0
4749 0
4757 0
4765 0
4767 0
4775 0
4780 0
4781 0
4786 0
4795 0
4800 0
4808 0
4810 0
4814 0
4818 0
4822 0
4830 0
4833 0
4842 0
4843 0
4850 0
4853 0
4858 0
4862 0
4863 0
4865 0
4869 0
4874 0
4876 0
4885 0
4888 0
4894 0
4897 0
4900 0
4905 0
4914 0
4923 0
4931 0
4933 0
4938 0
4944 0
4952 0
4955 0
4957 0
4964 0
4965 0
4971 0
4972 0
4976 0
4977 0
4985 0
4990 0
4999 0
5005 0
5006 0
5015 0
5018 0
5019 0
5028 0
5035 0
5044 0
5053 0
5059 0
5066 0
5071 0
5074 0
5078 0
5085 0
5086 0
5091 0
5092 0
5101 0
5108 0
5111 0
5116 0
5120 0
5124 0
5126 0
5134 0
5136 0
5142 0
5143 0
5148 0
5149 0
5154 0
5163 0
