10000
4 1
9 0
13 1
21 1
24 1
30 1
37 1
46 1
48 1
53 1
62 1
69 1
76 1
82 1
89 1
90 1
99 1
100 1
106 1
115 1
122 1
131 1
140 1
146 1
155 1
160 1
166 1
173 1
180 1
188 1
197 1
201 1
209 1
211 1
216 1
222 1
230 1
234 1
237 1
244 1
247 1
256 1
261 1
262 1
271 1
277 1
280 1
281 1
283 1
284 1
287 1
289 1
292 1
295 1
303 1
307 1
313 1
318 1
324 1
330 1
339 1
344 1
351 1
360 1
367 1
373 1
374 1
383 1
389 1
396 1
400 1
404 1
413 1
420 1
429 1
433 1
437 1
444 1
446 1
449 1
450 1
454 1
458 1
464 1
471 1
478 1
481 1
488 1
493 1
502 1
505 1
513 1
516 1
517 1
520 1
522 1
530 1
539 1
544 1
550 1
554 1
561 1
570 1
576 1
577 1
581 1
582 1
586 1
587 1
596 1
597 1
605 1
607 1
613 1
617 1
619 1
627 1
636 1
643 1
648 1
650 1
652 1
655 1
658 1
664 1
672 1
680 1
689 1
696 1
703 1
710 1
714 1
715 1
722 1
724 1
732 1
735 1
742 1
746 1
747 1
754 1
760 1
765 1
774 1
778 1
783 1
784 1
787 1
794 1
796 1
800 1
806 1
807 1
815 1
824 1
829 1
831 1
840 1
845 1
850 1
852 1
859 1
866 1
869 1
870 1
877 1
886 1
890 1
896 1
898 1
903 1
909 1
910 1
919 1
923 1
926 1
935 1
944 1
948 1
950 1
956 1
962 1
971 1
974 1
980 1
986 1
987 1
993 1
1000 1
1003 1
1010 1
1015 1
1024 1
1027 1
1031 1
1037 1
1040 1
1047 1
1055 1
1057 1
1066 1
1071 1
1079 1
1086 1
1090 1
1099 1
1107 1
1114 1
1123 1
1131 1
1133 1
1138 1
1143 1
1149 1
1157 1
1160 1
1169 1
1171 1
1174 1
1179 1
1186 1
1187 1
1195 1
1198 1
1203 1
1209 1
1211 1
1218 1
1223 1
1226 1
1232 1
1238 1
1239 1
1240 1
1242 1
1250 1
1251 1
1258 1
1264 1
1268 1
1269 1
1271 1
1273 1
1275 1
1281 1
1286 1
1289 1
1296 1
1303 1
1310 1
1317 1
1319 1
1328 1
1329 1
1335 1
1343 1
1349 1
1354 1
1358 1
1359 1
1361 1
1366 1
1371 1
1373 1
1382 1
1383 1
1384 1
1391 1
1392 1
1401 1
1406 1
1409 1
1418 1
1425 1
1426 1
1429 1
1430 1
1439 1
1446 1
1455 1
1462 1
1471 1
1480 1
1484 1
1485 1
1490 1
1499 1
1507 1
1516 1
1524 1
1533 1
1535 1
1541 1
1548 1
1556 1
1565 1
1571 1
1576 1
1581 1
1584 1
1593 1
1602 1
1609 1
1611 1
1619 1
1627 1
1634 1
1642 1
1643 1
1646 1
1649 1
1656 1
1660 1
1669 1
1678 1
1683 1
1685 1
1691 1
1698 1
1707 1
1712 1
1715 1
1723 1
1725 1
1731 1
1737 1
1741 1
1750 1
1759 1
1761 1
1767 1
1769 1
1775 1
1780 1
1785 1
1786 1
1794 1
1802 1
1806 1
1810 1
1819 1
1821 1
1824 1
1828 1
1834 1
1837 1
1845 1
1852 1
1857 1
1862 1
1868 1
1875 1
1878 1
1887 1
1890 1
1897 1
1904 1
1913 1
1921 1
1924 1
1932 1
1938 1
1945 1
1946 1
1955 1
1959 1
1963 1
1967 1
1974 1
1978 1
1986 1
1993 1
1999 1
2005 1
2010 1
2016 1
2018 1
2025 1
2034 1
2039 1
2047 1
2052 1
2057 1
2062 1
2070 1
2076 1
2077 1
2081 1
2089 1
2096 1
2104 1
2105 1
2109 1
2118 1
2120 1
2126 1
2130 1
2133 1
2138 1
2143 1
2144 1
2153 1
2160 1
2167 1
2171 1
2177 1
2178 1
2185 1
2190 1
2198 1
2203 1
2205 1
2207 1
2211 1
2213 1
2215 1
2221 1
2226 1
2227 1
2228 1
2229 1
2238 1
2246 1
2251 1
2255 1
2263 1
2268 1
2274 1
2275 1
2280 1
2289 1
2293 1
2298 1
2304 1
2310 1
2312 1
2315 1
2317 1
2321 1
2324 1
2331 1
2336 1
2338 1
2344 1
2346 1
2351 1
2354 1
2357 1
2362 1
2368 1
2372 1
2373 1
2382 1
2389 1
2396 1
2399 1
2400 1
2405 1
2412 1
2421 1
2429 1
2436 1
2437 1
2438 1
2447 1
2454 1
2460 1
2469 1
2477 1
2486 1
2493 1
2496 1
2500 1
2503 1
2506 1
2511 1
2516 1
2518 1
2523 1
2526 1
2533 1
2541 1
2544 1
2545 1
2546 1
2551 1
2554 1
2562 1
2570 1
2577 1
2583 1
2586 1
2588 1
2591 1
2595 1
2600 1
2601 1
2604 1
2611 1
2619 1
2622 1
2631 1
2637 1
2646 1
2650 1
2652 1
2660 1
2664 1
2668 1
2673 1
2678 1
2680 1
2686 1
2692 1
2701 1
2707 1
2714 1
2719 1
2726 1
2731 1
2734 1
2743 1
2744 1
2752 1
2760 1
2764 1
2765 1
2767 1
2769 1
2776 1
2782 1
2787 1
2791 1
2794 1
2796 1
2805 1
2814 1
2819 1
2825 1
2826 1
2831 1
2834 1
2839 1
2846 1
2849 1
2852 1
2854 1
2860 1
2863 1
2866 1
2875 1
2882 1
2889 1
2894 1
2898 1
2903 1
2904 1
2912 1
2915 1
2919 1
2924 1
2926 1
2927 1
2932 1
2934 1
2937 1
2939 1
2945 1
2952 1
2955 1
2956 1
2957 1
2958 1
2962 1
2967 1
2975 1
2982 1
2987 1
2991 1
2999 1
3005 1
3009 1
3013 1
3018 1
3022 1
3029 1
3034 1
3041 1
3043 1
3049 1
3051 1
3055 1
3059 1
3060 1
3069 1
3071 1
3079 1
3082 1
3084 1
3085 1
3091 1
3098 1
3100 1
3104 1
3106 1
3109 1
3110 1
3115 1
3117 1
3118 1
3124 1
3131 1
3135 1
3141 1
3149 1
3157 1
3164 1
3172 1
3175 1
3183 1
3186 1
3192 1
3200 1
3204 1
3207 1
3211 1
3215 1
3223 1
3226 1
3233 1
3237 1
3246 1
3251 1
3257 1
3263 1
3267 1
3275 1
3281 1
3286 1
3292 1
3299 1
3308 1
3312 1
3321 1
3325 1
3331 1
3334 1
3336 1
3341 1
3349 1
3355 1
3362 1
3370 1
3373 1
3375 1
3378 1
3387 1
3393 1
3396 1
3401 1
3405 1
3411 1
3417 1
3418 1
3423 1
3430 1
3438 1
3445 1
3451 1
3452 1
3454 1
3456 1
3460 1
3463 1
3472 1
3479 1
3484 1
3490 1
3498 1
3502 1
3508 1
3516 1
3523 1
3531 1
3533 1
3541 1
3548 1
3554 1
3559 1
3565 1
3569 1
3574 1
3576 1
3585 1
3592 1
3598 1
3606 1
3614 1
3621 1
3629 1
3630 1
3634 1
3643 1
3646 1
3649 1
3658 1
3664 1
3665 1
3670 1
3671 1
3680 1
3682 1
3687 1
3690 1
3692 1
3696 1
3699 1
3703 1
3706 1
3712 1
3715 1
3721 1
3726 1
3731 1
3732 1
3737 1
3745 1
3752 1
3753 1
3757 1
3758 1
3759 1
3766 1
3769 1
3777 1
3779 1
3786 1
3791 1
3792 1
3798 1
3805 1
3807 1
3810 1
3818 1
3821 1
3822 1
3825 1
3833 1
3842 1
3851 1
3854 1
3857 1
3861 1
3865 1
3874 1
3876 1
3878 1
3879 1
3882 1
3887 1
3892 1
3900 1
3905 1
3906 1
3911 1
3920 1
3927 1
3933 1
3941 1
3950 1
3954 1
3959 1
3966 1
3967 1
3968 1
3970 1
3974 1
3981 1
3983 1
3988 1
3994 1
3997 1
3998 1
4005 1
4013 1
4018 1
4019 1
4027 1
4036 1
4042 1
4049 1
4054 1
4061 1
4070 1
4077 1
4083 1
4088 1
4096 1
4098 1
4107 1
4114 1
4120 1
4126 1
4128 1
4132 1
4137 1
4141 1
4150 1
4154 1
4156 1
4159 1
4160 1
4164 1
4173 1
4179 1
4180 1
4183 1
4184 1
4189 1
4194 1
4197 1
4205 1
4212 1
4216 1
4217 1
4219 1
4226 1
4232 1
4236 1
4240 1
4247 1
4250 1
4255 1
4261 1
4269 1
4275 1
4282 1
4288 1
4293 1
4294 1
4302 1
4303 1
4312 1
4315 1
4323 1
4329 1
4333 1
4342 1
4350 1
4359 1
4368 1
4377 1
4379 1
4388 1
4396 1
4403 1
4405 1
4410 1
4419 1
4428 1
4430 1
4438 1
4446 1
4455 1
4461 1
4463 1
4470 1
4477 1
4482 1
4484 1
4493 1
4495 1
4497 1
4498 1
4506 1
4508 1
4516 1
4522 1
4527 1
4534 1
4537 1
4543 1
4548 1
4550 1
4554 1
4558 1
4559 1
4564 1
4572 1
4581 1
4584 1
4591 1
4594 1
4598 1
4603 1
4611 1
4613 1
4616 1
4619 1
4627 1
4631 1
4635 1
4639 1
4642 1
4644 1
4649 1
4655 1
4661 1
4664 1
4671 1
4675 1
4676 1
4683 1
4692 1
4696 1
4697 1
4703 1
4704 1
4710 1
4718 1
4722 1
4729 1
4731 1
4737 1
4741 1
4747 1
4752 1
4758 1
4766 1
4770 1
4772 1
4778 1
4782 1
4787 1
4788 1
4793 1
4799 1
4800 1
4801 1
4809 1
4811 1
4813 1
4816 1
4822 1
4829 1
4831 1
4839 1
4843 1
4846 1
4847 1
4848 1
4856 1
4862 1
4866 1
4868 1
4877 1
4879 1
4881 1
4889 1
4894 1
4903 1
4908 1
4914 1
4919 1
4923 1
4924 1
4929 1
4937 1
4939 1
4947 1
4950 1
4953 1
4954 1
4955 1
4957 1
4959 1
4960 1
4966 1
4973 1
4977 1
4984 1
4988 1
4989 1
4997 1
5000 1
5009 1
5011 1
5019 1
5020 1
5022 1
5030 1
5038 1
5041 1
5042 1
5049 1
5056 1
5063 1
5064 1
5065 1
5066 1
5072 1
5075 1
5084 1
5086 1
5093 1
5098 1
5099 1
5106 1
5113 1
5115 1
5121 1
5124 1
5133 1
5142 1
5146 1
5149 1
5155 1
5159 1
5163 1
5170 1
5174 1
5175 1
5176 1
5183 1
5189 1
5192 1
5193 1
5199 1
5204 1
5209 1
5214 1
5220 1
5222 1
5230 1
5234 1
5235 1
5238 1
5245 1
5247 1
5254 1
5256 1
5260 1
5262 1
5268 1
5275 1
5279 1
5280 1
5285 1
5288 1
5295 1
5297 1
5301 1
5305 1
5307 1
5313 1
5319 1
5320 1
5329 1
5331 1
5336 1
5342 1
5350 1
5355 1
5358 1
5360 1
5362 1
5370 1
5373 1
5377 1
5381 1
5385 1
5392 1
5396 1
5403 1
5410 1
5413 1
5420 1
5429 1
5433 1
5438 1
5444 1
5446 1
5448 1
5457 1
5460 1
5461 1
5466 1
5467 1
5476 1
5483 1
5487 1
5493 1
5495 1
5501 1
5503 1
5506 1
5514 1
5523 1
5528 1
5532 1
5536 1
5542 1
5543 1
5545 1
5553 1
5559 1
5562 1
5570 1
5572 1
5579 1
5586 1
5587 1
5593 1
5602 1
5607 1
5610 1
5618 1
5627 1
5634 1
5643 1
5646 1
5654 1
5657 1
5666 1
5669 1
5670 1
5673 1
5675 1
5678 1
5686 1
5693 1
5702 1
5707 1
5715 1
5724 1
5731 1
5739 1
5746 1
5752 1
5757 1
5765 1
5767 1
5772 1
5778 1
5786 1
5793 1
5800 1
5806 1
5812 1
5818 1
5824 1
5832 1
5833 1
5837 1
5846 1
5849 1
5851 1
5859 1
5868 1
5869 1
5877 1
5880 1
5886 1
5887 1
5890 1
5892 1
5899 1
5904 1
5911 1
5913 1
5917 1
5925 1
5931 1
5939 1
5940 1
5943 1
5951 1
5956 1
5961 1
5966 1
5971 1
5978 1
5987 1
5989 1
5998 1
6001 1
6009 1
6015 1
6022 1
6025 1
6029 1
6032 1
6039 1
6044 1
6045 1
6047 1
6054 1
6061 1
6067 1
6068 1
6076 1
6081 1
6086 1
6091 1
6098 1
6100 1
6103 1
6107 1
6114 1
6117 1
6123 1
6128 1
6136 1
6138 1
6146 1
6149 1
6156 1
6159 1
6167 1
6175 1
6178 1
6187 1
6196 1
6202 1
6206 1
6214 1
6215 1
6217 1
6220 1
6223 1
6227 1
6229 1
6234 1
6243 1
6251 1
6258 1
6261 1
6262 1
6263 1
6265 1
6267 1
6271 1
6275 1
6284 1
6290 1
6291 1
6294 1
6296 1
6305 1
6310 1
6311 1
6319 1
6323 1
6325 1
6326 1
6335 1
6343 1
6347 1
6353 1
6357 1
6365 1
6374 1
6382 1
6390 1
6398 1
6402 1
6409 1
6413 1
6415 1
6416 1
6417 1
6426 1
6432 1
6434 1
6443 1
6452 1
6461 1
6470 1
6475 1
6484 1
6490 1
6491 1
6494 1
6498 1
6504 1
6510 1
6514 1
6521 1
6528 1
6531 1
6538 1
6541 1
6546 1
6553 1
6562 1
6565 1
6566 1
6568 1
6576 1
6585 1
6589 1
6597 1
6598 1
6602 1
6611 1
6617 1
6624 1
6626 1
6631 1
6639 1
6648 1
6656 1
6662 1
6671 1
6678 1
6679 1
6685 1
6686 1
6694 1
6698 1
6703 1
6706 1
6711 1
6718 1
6726 1
6733 1
6740 1
6742 1
6751 1
6759 1
6762 1
6764 1
6767 1
6775 1
6776 1
6781 1
6786 1
6792 1
6796 1
6798 1
6802 1
6808 1
6813 1
6817 1
6820 1
6823 1
6831 1
6834 1
6842 1
6850 1
6858 1
6867 1
6870 1
6871 1
6877 1
6878 1
6881 1
6888 1
6897 1
6904 1
6908 1
6912 1
6915 1
6921 1
6928 1
6934 1
6941 1
6944 1
6945 1
6951 1
6955 1
6964 1
6966 1
6973 1
6982 1
6983 1
6985 1
6987 1
6988 1
6994 1
6995 1
7002 1
7010 1
7017 1
7024 1
7030 1
7035 1
7044 1
7053 1
7056 1
7060 1
7067 1
7076 1
7080 1
7086 1
7091 1
7097 1
7102 1
7108 1
7109 1
7116 1
7124 1
7131 1
7132 1
7141 1
7142 1
7151 1
7160 1
7163 1
7164 1
7169 1
7174 1
7182 1
7190 1
7194 1
7202 1
7207 1
7208 1
7216 1
7221 1
7228 1
7230 1
7237 1
7242 1
7244 1
7245 1
7253 1
7257 1
7260 1
7269 1
7277 1
7278 1
7285 1
7286 1
7287 1
7296 1
7303 1
7307 1
7315 1
7321 1
7328 1
7336 1
7343 1
7348 1
7349 1
7358 1
7366 1
7368 1
7370 1
7376 1
7384 1
7391 1
7394 1
7399 1
7400 1
7407 1
7412 1
7417 1
7421 1
7429 1
7432 1
7437 1
7444 1
7451 1
7455 1
7457 1
7459 1
7468 1
7474 1
7476 1
7483 1
7492 1
7496 1
7505 1
7514 1
7518 1
7526 1
7528 1
7533 1
7535 1
7540 1
7544 1
7547 1
7549 1
7553 1
7560 1
7567 1
7571 1
7572 1
7580 1
7581 1
7585 1
7589 1
7596 1
7604 1
7605 1
7606 1
7609 1
7612 1
7621 1
7624 1
7632 1
7641 1
7646 1
7655 1
7660 1
7667 1
7671 1
7680 1
7688 1
7695 1
7700 1
7702 1
7705 1
7707 1
7715 1
7721 1
7727 1
7729 1
7730 1
7738 1
7743 1
7746 1
7755 1
7764 1
7771 1
7780 1
7789 1
7798 1
7803 1
7807 1
7812 1
7820 1
7821 1
7823 1
7831 1
7838 1
7842 1
7845 1
7849 1
7854 1
7857 1
7863 1
7869 1
7878 1
7884 1
7887 1
7891 1
7893 1
7900 1
7907 1
7912 1
7921 1
7927 1
7930 1
7938 1
7942 1
7947 1
7954 1
7958 1
7964 1
7970 1
7978 1
7985 1
7991 1
7998 1
8007 1
8009 1
8016 1
8019 1
8025 1
8026 1
8033 1
8035 1
8038 1
8044 1
8050 1
8059 1
8064 1
8072 1
8078 1
8085 1
8092 1
8094 1
8101 1
8106 1
8114 1
8122 1
8130 1
8137 1
8141 1
8145 1
8152 1
8157 1
8163 1
8166 1
8174 1
8181 1
8182 1
8184 1
8190 1
8194 1
8198 1
8207 1
8211 1
8212 1
8214 1
8217 1
8224 1
8232 1
8237 1
8246 1
8247 1
8252 1
8260 1
8265 1
8268 1
8275 1
8284 1
8290 1
8291 1
8299 1
8305 1
8308 1
8311 1
8314 1
8317 1
8321 1
8324 1
8328 1
8331 1
8334 1
8337 1
8341 1
8350 1
8353 1
8362 1
8369 1
8372 1
8374 1
8382 1
8384 1
8392 1
8401 1
8408 1
8412 1
8417 1
8422 1
8427 1
8431 1
8432 1
8435 1
8438 1
8442 1
8446 1
8453 1
8460 1
8463 1
8467 1
8472 1
8474 1
8479 1
8480 1
8481 1
8482 1
8488 1
8497 1
8498 1
8506 1
8515 1
8518 1
8522 1
8523 1
8528 1
8533 1
8535 1
8543 1
8550 1
8555 1
8564 1
8573 1
8575 1
8582 1
8586 1
8591 1
8595 1
8596 1
8597 1
8605 1
8611 1
8619 1
8626 1
8634 1
8635 1
8637 1
8645 1
8652 1
8659 1
8660 1
8663 1
8672 1
8675 1
8676 1
8685 1
8688 1
8691 1
8693 1
8698 1
8705 1
8709 1
8717 1
8725 1
8733 1
8740 1
8743 1
8748 1
8756 1
8762 1
8766 1
8770 1
8775 1
8779 1
8781 1
8790 1
8791 1
8797 1
8800 1
8806 1
8813 1
8820 1
8822 1
8829 1
8830 1
8836 1
8844 1
8847 1
8852 1
8857 1
8865 1
8867 1
8871 1
8877 1
8886 1
8892 1
8900 1
8903 1
8904 1
8908 1
8909 1
8917 1
8925 1
8928 1
8933 1
8934 1
8936 1
8938 1
8944 1
8953 1
8960 1
8965 1
8970 1
8974 1
8982 1
8985 1
8990 1
8999 1
9006 1
9010 1
9019 1
9023 1
9029 1
9032 1
9040 1
9044 1
9045 1
9047 1
9054 1
9058 1
9061 1
9066 1
9069 1
9076 1
9078 1
9079 1
9084 1
9092 1
9101 1
9105 1
9114 1
9120 1
9121 1
9129 1
9135 1
9144 1
9149 1
9156 1
9159 1
9161 1
9163 1
9172 1
9177 1
9186 1
9190 1
9193 1
9199 1
9202 1
9211 1
9217 1
9218 1
9226 1
9233 1
9241 1
9245 1
9254 1
9255 1
9259 1
9265 1
9268 1
9271 1
9272 1
9276 1
9277 1
9281 1
9286 1
9289 1
9291 1
9293 1
9296 1
9297 1
9298 1
9301 1
9303 1
9310 1
9312 1
9314 1
9320 1
9324 1
9333 1
9336 1
9338 1
9341 1
9342 1
9346 1
9351 1
9360 1
9367 1
9376 1
9383 1
9392 1
9393 1
9397 1
9400 1
9404 1
9407 1
9408 1
9417 1
9421 1
9426 1
9435 1
9438 1
9440 1
9446 1
9455 1
9463 1
9467 1
9469 1
9477 1
9481 1
9482 1
9491 1
9498 1
9499 1
9508 1
9517 1
9523 1
9525 1
9532 1
9537 1
9539 1
9543 1
9545 1
9547 1
9548 1
9556 1
9557 1
9566 1
9571 1
9574 1
9577 1
9579 1
9586 1
9589 1
9598 1
9605 1
9614 1
9615 1
9622 1
9626 1
9630 1
9632 1
9639 1
9642 1
9646 1
9655 1
9663 1
9669 1
9675 1
9682 1
9685 1
9690 1
9692 1
9700 1
9706 1
9714 1
9720 1
9724 1
9733 1
9737 1
9744 1
9745 1
9752 1
9756 1
9757 1
9766 1
9772 1
9781 1
9789 1
9798 1
9804 1
9813 1
9820 1
9825 1
9829 1
9837 1
9841 1
9844 1
9850 1
9851 1
9856 1
9860 1
9867 1
9874 1
9875 1
9879 1
9886 1
9891 1
9892 1
9894 1
9895 1
9899 1
9906 1
9911 1
9915 1
9918 1
9920 1
9926 1
9931 1
9932 1
9940 1
9946 1
9954 1
9960 1
9967 1
9975 1
9976 1
9980 1
9986 1
9993 1
9995 1
10001 1
10008 1
10015 1
10017 1
10018 1
10022 1
10031 1
10040 1
10048 1
10050 1
10055 1
10060 1
10061 1
10065 1
10066 1
10070 1
10072 1
10080 1
10083 1
10090 1
10099 1
10100 1
10101 1
10110 1
10117 1
10124 1
10127 1
10130 1
10133 1
10142 1
10149 1
10158 1
10159 1
10168 1
10174 1
10180 1
10183 1
10186 1
10193 1
10196 1
10200 1
10202 1
10203 1
10210 1
10216 1
10225 1
10227 1
10230 1
10235 1
10243 1
10247 1
10250 1
10252 1
10259 1
10264 1
10273 1
10277 1
10281 1
10283 1
10288 1
10290 1
10299 1
10306 1
10310 1
10316 1
10318 1
10324 1
10325 1
10326 1
10334 1
10337 1
10343 1
10345 1
10348 1
10356 1
10358 1
10366 1
10375 1
10378 1
10383 1
10388 1
10397 1
10402 1
10411 1
10419 1
10428 1
10431 1
10437 1
10444 1
10453 1
10459 1
10466 1
10469 1
10473 1
10475 1
10476 1
10484 1
10489 1
10495 1
10501 1
10503 1
10509 1
10514 1
10515 1
10522 1
10524 1
10530 1
10534 1
10539 1
10544 1
10549 1
10551 1
10558 1
10566 1
10567 1
10573 1
10576 1
10580 1
10583 1
10591 1
10593 1
10598 1
10603 1
10612 1
10619 1
10620 1
10629 1
10634 1
10641 1
10643 1
10644 1
10651 1
10660 1
10664 1
10673 1
10677 1
10684 1
10693 1
10702 1
10706 1
10712 1
10716 1
10724 1
10729 1
10734 1
10735 1
10736 1
10741 1
10745 1
10748 1
10751 1
10752 1
10760 1
10763 1
10769 1
10774 1
10780 1
10787 1
10789 1
10792 1
10800 1
10808 1
10815 1
10823 1
10825 1
10832 1
10839 1
10840 1
10847 1
10854 1
10862 1
10863 1
10864 1
10868 1
10871 1
10879 1
10885 1
10889 1
10898 1
10899 1
10903 1
10911 1
10920 1
10929 1
10938 1
10947 1
10953 1
10957 1
10960 1
10963 1
10972 1
10975 1
10982 1
10987 1
10996 1
11000 1
11003 1
11009 1
11012 1
11017 1
11019 1
11026 1
11035 1
11040 1
11042 1
11044 1
11047 1
11051 1
11059 1
11060 1
11061 1
11070 1
11072 1
11077 1
11080 1
11086 1
11087 1
11089 1
11093 1
11098 1
11106 1
11107 1
11115 1
11121 1
11130 1
11131 1
11138 1
11145 1
11151 1
11155 1
11160 1
11163 1
11164 1
11171 1
11177 1
11186 1
11195 1
11200 1
11206 1
11210 1
11218 1
11224 1
11227 1
11230 1
11231 1
11238 1
11246 1
11247 1
11256 1
11257 1
11265 1
11273 1
11276 1
11283 1
11289 1
11294 1
11302 1
11305 1
11308 1
11314 1
11317 1
11321 1
11324 1
11330 1
11332 1
11335 1
11337 1
11340 1
11345 1
11348 1
11357 1
11363 1
11364 1
11368 1
11370 1
11375 1
11380 1
11388 1
11392 1
11395 1
11396 1
11397 1
11406 1
11414 1
11417 1
11419 1
11425 1
11434 1
11439 1
11446 1
11450 1
11453 1
11459 1
11465 1
11473 1
11477 1
11478 1
11483 1
11490 1
11498 1
11500 1
11504 1
11509 1
11515 1
11519 1
11524 1
11525 1
11527 1
11530 1
11539 1
11545 1
11548 1
11549 1
11551 1
11552 1
11561 1
11566 1
11573 1
11575 1
11580 1
11584 1
11593 1
11595 1
11596 1
11602 1
11607 1
11609 1
11611 1
11620 1
11622 1
11624 1
11632 1
11634 1
11639 1
11640 1
11642 1
11651 1
11656 1
11661 1
11663 1
11666 1
11667 1
11669 1
11677 1
11684 1
11688 1
11694 1
11695 1
11697 1
11704 1
11711 1
11720 1
11723 1
11730 1
11734 1
11737 1
11739 1
11746 1
11749 1
11754 1
11757 1
11761 1
11768 1
11772 1
11776 1
11781 1
11790 1
11793 1
11799 1
11802 1
11803 1
11804 1
11805 1
11813 1
11819 1
11826 1
11833 1
11839 1
11845 1
11851 1
11857 1
11865 1
11869 1
11877 1
11881 1
11890 1
11899 1
11902 1
11906 1
11908 1
11909 1
11917 1
11925 1
11934 1
11943 1
11946 1
11949 1
11955 1
11961 1
11966 1
11973 1
11978 1
11983 1
11991 1
11996 1
12003 1
12005 1
12013 1
12014 1
12017 1
12018 1
12027 1
12028 1
12034 1
12035 1
12044 1
12050 1
12052 1
12053 1
12058 1
12067 1
12068 1
12073 1
12082 1
12087 1
12092 1
12093 1
12097 1
12101 1
12105 1
12110 1
12115 1
12122 1
12126 1
12130 1
12133 1
12141 1
12146 1
12149 1
12152 1
12157 1
12166 1
12171 1
12178 1
12179 1
12183 1
12191 1
12200 1
12208 1
12214 1
12223 1
12228 1
12234 1
12239 1
12241 1
12245 1
12248 1
12254 1
12256 1
12265 1
12272 1
12274 1
12282 1
12290 1
12292 1
12295 1
12296 1
12303 1
12312 1
12318 1
12323 1
12331 1
12334 1
12336 1
12337 1
12339 1
12343 1
12345 1
12350 1
12355 1
12361 1
12370 1
12374 1
12379 1
12386 1
12391 1
12399 1
12400 1
12404 1
12407 1
12411 1
12413 1
12421 1
12427 1
12434 1
12438 1
12445 1
12452 1
12458 1
12460 1
12467 1
12474 1
12481 1
12490 1
12499 1
12506 1
12507 1
12509 1
12513 1
12517 1
12518 1
12525 1
12529 1
12530 1
12533 1
12541 1
12547 1
12555 1
12562 1
12565 1
12573 1
12581 1
12585 1
12590 1
12596 1
12604 1
12611 1
12618 1
12627 1
12629 1
12636 1
12639 1
12644 1
12649 1
12657 1
12658 1
12667 1
12676 1
12684 1
12693 1
12699 1
12700 1
12704 1
12710 1
12713 1
12717 1
12723 1
12729 1
12731 1
12732 1
12740 1
12742 1
12744 1
12751 1
12758 1
12766 1
12775 1
12777 1
12785 1
12787 1
12795 1
12801 1
12806 1
12810 1
12819 1
12820 1
12828 1
12829 1
12830 1
12837 1
12842 1
12845 1
12848 1
12853 1
12854 1
12863 1
12868 1
12876 1
12880 1
12882 1
12884 1
12891 1
12899 1
12902 1
12911 1
12917 1
12921 1
12925 1
12933 1
12936 1
12945 1
12946 1
12949 1
12955 1
12958 1
12965 1
12967 1
12968 1
12971 1
12975 1
12976 1
12979 1
12980 1
12984 1
12993 1
13001 1
13007 1
13014 1
13020 1
13023 1
13028 1
13036 1
13042 1
13051 1
13052 1
13057 1
13064 1
13069 1
13074 1
13076 1
13079 1
13081 1
13085 1
13089 1
13091 1
13097 1
13103 1
13109 1
13111 1
13116 1
13123 1
13124 1
13127 1
13135 1
13136 1
13138 1
13145 1
13153 1
13160 1
13164 1
13173 1
13174 1
13175 1
13184 1
13188 1
13192 1
13199 1
13208 1
13210 1
13219 1
13228 1
13237 1
13244 1
13248 1
13251 1
13258 1
13266 1
13268 1
13270 1
13271 1
13274 1
13277 1
13279 1
13284 1
13286 1
13290 1
13295 1
13298 1
13307 1
13313 1
13318 1
13321 1
13327 1
13335 1
13343 1
13352 1
13358 1
13365 1
13369 1
13378 1
13380 1
13388 1
13396 1
13405 1
13407 1
13410 1
13411 1
13413 1
13422 1
13424 1
13425 1
13426 1
13429 1
13432 1
13436 1
13440 1
13448 1
13450 1
13458 1
13466 1
13475 1
13482 1
13491 1
13493 1
13502 1
13505 1
13508 1
13510 1
13514 1
13519 1
13520 1
13529 1
13535 1
13541 1
13542 1
13544 1
13548 1
13550 1
13552 1
13555 1
13561 1
13566 1
13572 1
13581 1
13588 1
13596 1
13601 1
13604 1
13611 1
13616 1
13620 1
13628 1
13634 1
13635 1
13638 1
13640 1
13646 1
13652 1
13658 1
13662 1
13668 1
13671 1
13672 1
13681 1
13690 1
13693 1
13697 1
13701 1
13708 1
13713 1
13721 1
13729 1
13737 1
13743 1
13748 1
13753 1
13755 1
13761 1
13768 1
13777 1
13778 1
13784 1
13793 1
13800 1
13805 1
13809 1
13815 1
13823 1
13824 1
13832 1
13840 1
13848 1
13852 1
13856 1
13858 1
13866 1
13874 1
13880 1
13882 1
13886 1
13888 1
13890 1
13897 1
13899 1
13904 1
13911 1
13917 1
13925 1
13930 1
13931 1
13939 1
13945 1
13952 1
13954 1
13962 1
13969 1
13978 1
13982 1
13989 1
13998 1
14003 1
14009 1
14010 1
14011 1
14019 1
14025 1
14029 1
14033 1
14037 1
14042 1
14050 1
14051 1
14060 1
14068 1
14072 1
14080 1
14087 1
14093 1
14098 1
14104 1
14106 1
14109 1
14118 1
14125 1
14126 1
14135 1
14140 1
14142 1
14146 1
14150 1
14153 1
14156 1
14165 1
14172 1
14179 1
14185 1
14193 1
14198 1
14205 1
14206 1
14213 1
14218 1
14221 1
14227 1
14236 1
14244 1
14252 1
14255 1
14257 1
14259 1
14260 1
14266 1
14268 1
14273 1
14278 1
14285 1
14293 1
14297 1
14304 1
14310 1
14315 1
14319 1
14326 1
14332 1
14340 1
14348 1
14353 1
14359 1
14363 1
14368 1
14374 1
14377 1
14380 1
14384 1
14387 1
14394 1
14395 1
14399 1
14403 1
14405 1
14410 1
14419 1
14425 1
14430 1
14432 1
14441 1
14446 1
14452 1
14453 1
14462 1
14466 1
14467 1
14473 1
14478 1
14485 1
14488 1
14489 1
14493 1
14499 1
14500 1
14508 1
14513 1
14520 1
14524 1
14527 1
14530 1
14536 1
14541 1
14548 1
14556 1
14565 1
14568 1
14577 1
14582 1
14584 1
14585 1
14591 1
14596 1
14604 1
14610 1
14612 1
14615 1
14619 1
14621 1
14629 1
14637 1
14646 1
14654 1
14656 1
14658 1
14663 1
14667 1
14673 1
14677 1
14685 1
14686 1
14692 1
14694 1
14701 1
14703 1
14711 1
14718 1
14719 1
14720 1
14728 1
14729 1
14736 1
14741 1
14747 1
14756 1
14760 1
14766 1
14768 1
14769 1
14770 1
14779 1
14781 1
14788 1
14794 1
14801 1
14807 1
14811 1
14815 1
14817 1
14824 1
14828 1
14833 1
14840 1
14848 1
14849 1
14855 1
14857 1
14861 1
14863 1
14872 1
14876 1
14877 1
14880 1
14882 1
14890 1
14891 1
14895 1
14898 1
14899 1
14903 1
14904 1
14905 1
14911 1
14917 1
14922 1
14924 1
14927 1
14928 1
14929 1
14938 1
14945 1
14954 1
14957 1
14964 1
14966 1
14972 1
14976 1
14980 1
14986 1
14992 1
15000 1
15009 1
15012 1
15019 1
15027 1
15030 1
15037 1
15043 1
15049 1
15058 1
15064 1
15071 1
15079 1
15086 1
15095 1
15097 1
15100 1
15104 1
15107 1
15113 1
15115 1
15116 1
15118 1
15123 1
15132 1
15136 1
15138 1
15139 1
15146 1
15153 1
15162 1
15170 1
15172 1
15173 1
15181 1
15189 1
15192 1
15197 1
15199 1
15204 1
15212 1
15218 1
15226 1
15228 1
15233 1
15242 1
15251 1
15256 1
15261 1
15269 1
15271 1
15278 1
15287 1
15294 1
15298 1
15307 1
15315 1
15323 1
15325 1
15334 1
15339 1
15348 1
15350 1
15352 1
15361 1
15366 1
15375 1
15382 1
15383 1
15389 1
15395 1
15398 1
15404 1
15407 1
15415 1
15423 1
15427 1
15428 1
15437 1
15438 1
15441 1
15442 1
15448 1
15454 1
15462 1
15467 1
15470 1
15474 1
15475 1
15484 1
15490 1
15499 1
15506 1
15513 1
15519 1
15528 1
15535 1
15541 1
15543 1
15544 1
15547 1
15554 1
15563 1
15564 1
15572 1
15576 1
15585 1
15589 1
15591 1
15599 1
15607 1
15613 1
15619 1
15625 1
15627 1
15631 1
15635 1
15643 1
15651 1
15660 1
15662 1
15669 1
15672 1
15675 1
15679 1
15686 1
15692 1
15697 1
15705 1
15710 1
15716 1
15718 1
15719 1
15725 1
15728 1
15734 1
15737 1
15738 1
15743 1
15751 1
15757 1
15763 1
15766 1
15775 1
15776 1
15784 1
15788 1
15797 1
15803 1
15806 1
15812 1
15821 1
15828 1
15829 1
15832 1
15833 1
15842 1
15846 1
15847 1
15853 1
15855 1
15860 1
15867 1
15873 1
15880 1
15887 1
15890 1
15893 1
15897 1
15899 1
15906 1
15910 1
15916 1
15923 1
15930 1
15931 1
15933 1
15934 1
15940 1
15941 1
15946 1
15951 1
15954 1
15962 1
15964 1
15973 1
15978 1
15981 1
15986 1
15995 1
15996 1
16001 1
16007 1
16015 1
16021 1
16026 1
16034 1
16038 1
16046 1
16055 1
16060 1
16061 1
16066 1
16067 1
16068 1
16075 1
16078 1
16083 1
16092 1
16095 1
16099 1
16104 1
16107 1
16108 1
16110 1
16115 1
16122 1
16131 1
16134 1
16135 1
16143 1
16148 1
16156 1
16162 1
16169 1
16172 1
16179 1
16181 1
16184 1
16192 1
16196 1
16203 1
16207 1
16214 1
16216 1
16217 1
16226 1
16227 1
16228 1
16229 1
16238 1
16245 1
16250 1
16259 1
16260 1
16265 1
16274 1
16281 1
16288 1
16291 1
16296 1
16303 1
16309 1
16313 1
16315 1
16317 1
16326 1
16335 1
16337 1
16344 1
16348 1
16349 1
16356 1
16359 1
16364 1
16373 1
16381 1
16386 1
16395 1
16396 1
16397 1
16404 1
16408 1
16411 1
16416 1
16418 1
16425 1
16426 1
16435 1
16436 1
16444 1
16445 1
16450 1
16459 1
16460 1
16465 1
16471 1
16478 1
16480 1
16481 1
16488 1
16490 1
16494 1
16500 1
16509 1
16512 1
16514 1
16518 1
16522 1
16526 1
16529 1
16532 1
16541 1
16542 1
16545 1
16553 1
16562 1
16568 1
16574 1
16582 1
16583 1
16592 1
16600 1
16601 1
16602 1
16606 1
16614 1
16622 1
16630 1
16636 1
16643 1
16648 1
16649 1
16654 1
16663 1
16668 1
16671 1
16674 1
16683 1
16690 1
16692 1
16700 1
16707 1
16708 1
16717 1
16725 1
16732 1
16739 1
16742 1
16751 1
16754 1
16763 1
16764 1
16768 1
16776 1
16781 1
16784 1
16788 1
16790 1
16795 1
16797 1
16799 1
16807 1
16812 1
16818 1
16822 1
16827 1
16834 1
16837 1
16842 1
16849 1
16854 1
16863 1
16869 1
16872 1
16880 1
16884 1
16885 1
16888 1
16897 1
16898 1
16903 1
16904 1
16913 1
16918 1
16919 1
16927 1
16934 1
16936 1
16945 1
16953 1
16958 1
16966 1
16971 1
16980 1
16986 1
16993 1
17002 1
17007 1
17015 1
17023 1
17032 1
17038 1
17047 1
17055 1
17056 1
17062 1
17065 1
17074 1
17077 1
17082 1
17083 1
17090 1
17091 1
17094 1
17103 1
17105 1
17114 1
17120 1
17127 1
17130 1
17139 1
17142 1
17148 1
17157 1
17164 1
17169 1
17175 1
17176 1
17183 1
17189 1
17192 1
17201 1
17207 1
17208 1
17215 1
17222 1
17228 1
17231 1
17233 1
17235 1
17239 1
17248 1
17252 1
17259 1
17260 1
17268 1
17271 1
17272 1
17281 1
17285 1
17291 1
17298 1
17302 1
17310 1
17313 1
17320 1
17324 1
17332 1
17341 1
17346 1
17352 1
17356 1
17363 1
17369 1
17378 1
17387 1
17388 1
17395 1
17398 1
17402 1
17409 1
17413 1
17420 1
17429 1
17435 1
17436 1
17444 1
17451 1
17453 1
17456 1
17459 1
17460 1
17466 1
17472 1
17478 1
17481 1
17483 1
17485 1
17488 1
17489 1
17497 1
17499 1
17506 1
17510 1
17519 1
17523 1
17525 1
17527 1
17534 1
17539 1
17540 1
17546 1
17548 1
17551 1
17556 1
17563 1
17570 1
17577 1
17585 1
17594 1
17596 1
17603 1
17609 1
17611 1
17612 1
17615 1
17622 1
17625 1
17627 1
17633 1
17641 1
17649 1
17653 1
17657 1
17663 1
17671 1
17675 1
17677 1
17680 1
17686 1
17690 1
17692 1
17693 1
17698 1
17705 1
17714 1
17723 1
17727 1
17728 1
17730 1
17732 1
17736 1
17737 1
17743 1
17749 1
17754 1
17759 1
17762 1
17769 1
17778 1
17780 1
17788 1
17797 1
17801 1
17810 1
17813 1
17814 1
17823 1
17827 1
17830 1
17832 1
17833 1
17834 1
17842 1
17844 1
17853 1
17856 1
17859 1
17861 1
17865 1
17866 1
17868 1
17872 1
17877 1
17878 1
17883 1
17886 1
17893 1
17894 1
17898 1
17907 1
17911 1
17913 1
17915 1
17921 1
17925 1
17934 1
17940 1
17949 1
17951 1
17955 1
17958 1
17962 1
17971 1
17972 1
17976 1
17979 1
17982 1
17988 1
17989 1
17994 1
17996 1
18002 1
18006 1
18013 1
18017 1
18019 1
18022 1
18026 1
18034 1
18043 1
18046 1
18049 1
18055 1
18062 1
18066 1
18069 1
18074 1
18080 1
18082 1
18088 1
18089 1
18093 1
18099 1
18108 1
18112 1
18119 1
18122 1
18126 1
18131 1
18138 1
18147 1
18154 1
18158 1
18165 1
18174 1
18181 1
18186 1
18195 1
18203 1
18211 1
18220 1
18229 1
18235 1
18243 1
18252 1
18260 1
18268 1
18277 1
18281 1
18283 1
18285 1
18289 1
18294 1
18298 1
18300 1
18309 1
18310 1
18314 1
18319 1
18320 1
18325 1
18333 1
18336 1
18343 1
18352 1
18357 1
18361 1
18362 1
18365 1
18372 1
18377 1
18380 1
18386 1
18389 1
18397 1
18400 1
18407 1
18415 1
18420 1
18425 1
18429 1
18430 1
18439 1
18440 1
18447 1
18453 1
18458 1
18462 1
18463 1
18464 1
18467 1
18473 1
18475 1
18483 1
18486 1
18489 1
18498 1
18507 1
18508 1
18516 1
18525 1
18534 1
18541 1
18542 1
18549 1
18554 1
18559 1
18560 1
18567 1
18573 1
18578 1
18587 1
18591 1
18592 1
18594 1
18600 1
18604 1
18605 1
18613 1
18616 1
18619 1
18628 1
18629 1
18632 1
18639 1
18647 1
18650 1
18657 1
18666 1
18668 1
18676 1
18677 1
18684 1
18685 1
18694 1
18700 1
18706 1
18713 1
18714 1
18716 1
18725 1
18729 1
18734 1
18739 1
18746 1
18754 1
18755 1
18763 1
18766 1
18772 1
18779 1
18782 1
18784 1
18789 1
18796 1
18802 1
18804 1
18811 1
18816 1
18819 1
18822 1
18828 1
18832 1
18839 1
18845 1
18852 1
18857 1
18858 1
18863 1
18870 1
18877 1
18880 1
18889 1
18890 1
18896 1
18899 1
18901 1
18903 1
18906 1
18910 1
18913 1
18914 1
18920 1
18924 1
18928 1
18934 1
18940 1
18941 1
18949 1
18958 1
18963 1
18966 1
18974 1
18976 1
18977 1
18982 1
18983 1
18986 1
18991 1
18998 1
19004 1
19013 1
19020 1
19023 1
19031 1
19039 1
19045 1
19046 1
19053 1
19059 1
19060 1
19064 1
19069 1
19073 1
19082 1
19084 1
19090 1
19092 1
19096 1
19103 1
19105 1
19113 1
19119 1
19128 1
19133 1
19136 1
19142 1
19145 1
19146 1
19152 1
19153 1
19154 1
19159 1
19165 1
19168 1
19175 1
19184 1
19187 1
19191 1
19198 1
19204 1
19207 1
19213 1
19222 1
19225 1
19226 1
19227 1
19231 1
19238 1
19244 1
19246 1
19253 1
19257 1
19264 1
19268 1
19272 1
19276 1
19278 1
19280 1
19287 1
19289 1
19296 1
19299 1
19308 1
19316 1
19325 1
19329 1
19334 1
19342 1
19348 1
19356 1
19357 1
19366 1
19370 1
19373 1
19378 1
19387 1
19396 1
19405 1
19411 1
19412 1
19417 1
19426 1
19431 1
19434 1
19440 1
19445 1
19454 1
19459 1
19467 1
19471 1
19475 1
19483 1
19490 1
19497 1
19502 1
19508 1
19514 1
19522 1
19524 1
19526 1
19530 1
19537 1
19538 1
19543 1
19545 1
19550 1
19554 1
19561 1
19564 1
19566 1
19575 1
19584 1
19587 1
19593 1
19594 1
19603 1
19604 1
19613 1
19616 1
19619 1
19627 1
19634 1
19642 1
19650 1
19653 1
19657 1
19666 1
19668 1
19674 1
19681 1
19688 1
19689 1
19693 1
19694 1
19703 1
19710 1
19714 1
19715 1
19717 1
19718 1
19720 1
19725 1
19730 1
19737 1
19745 1
19753 1
19760 1
19761 1
19768 1
19777 1
19781 1
19784 1
19786 1
19792 1
19800 1
19806 1
19815 1
19822 1
19828 1
19833 1
19839 1
19847 1
19849 1
19850 1
19853 1
19855 1
19856 1
19858 1
19864 1
19866 1
19869 1
19874 1
19876 1
19883 1
19890 1
19893 1
19897 1
19903 1
19908 1
19913 1
19916 1
19922 1
19925 1
19929 1
19931 1
19933 1
19941 1
19944 1
19948 1
19955 1
19959 1
19965 1
19967 1
19976 1
19979 1
19980 1
19985 1
19992 1
19994 1
19998 1
19999 1
20006 1
20011 1
20018 1
20020 1
20025 1
20032 1
20033 1
20035 1
20038 1
20045 1
20053 1
20062 1
20067 1
20072 1
20075 1
20076 1
20079 1
20088 1
20094 1
20099 1
20103 1
20105 1
20113 1
20118 1
20124 1
20129 1
20131 1
20132 1
20136 1
20143 1
20149 1
20151 1
20157 1
20161 1
20165 1
20167 1
20170 1
20176 1
20182 1
20191 1
20194 1
20203 1
20205 1
20207 1
20209 1
20217 1
20219 1
20220 1
20221 1
20225 1
20231 1
20233 1
20236 1
20241 1
20243 1
20248 1
20253 1
20255 1
20260 1
20261 1
20269 1
20277 1
20282 1
20290 1
20299 1
20305 1
20309 1
20316 1
20325 1
20326 1
20329 1
20337 1
20343 1
20352 1
20358 1
20360 1
20367 1
20371 1
20379 1
20387 1
20394 1
20402 1
20408 1
20416 1
20418 1
20421 1
20427 1
20435 1
20441 1
20449 1
20452 1
20456 1
20463 1
20464 1
20472 1
20476 1
20484 1
20486 1
20491 1
20492 1
20498 1
20507 1
20511 1
20513 1
20519 1
20521 1
20529 1
20533 1
20534 1
20542 1
20546 1
20554 1
20558 1
20563 1
20567 1
20570 1
20575 1
20584 1
20590 1
20594 1
20599 1
20604 1
20609 1
20612 1
20619 1
20624 1
20627 1
20630 1
20635 1
20638 1
20646 1
20647 1
20650 1
20659 1
20666 1
20668 1
20669 1
20677 1
20681 1
20682 1
20686 1
20694 1
20697 1
20704 1
20707 1
20714 1
20723 1
20731 1
20736 1
20739 1
20746 1
20751 1
20758 1
20764 1
20765 1
20770 1
20775 1
20776 1
20779 1
20786 1
20793 1
20797 1
20806 1
20810 1
20819 1
20820 1
20826 1
20828 1
20833 1
20841 1
20847 1
20852 1
20861 1
20862 1
20863 1
20870 1
20878 1
20881 1
20884 1
20888 1
20892 1
20898 1
20902 1
20905 1
20910 1
20919 1
20927 1
20930 1
20933 1
20942 1
20948 1
20957 1
20966 1
20972 1
20974 1
20976 1
20981 1
20984 1
20989 1
20998 1
21003 1
21008 1
21009 1
21017 1
21021 1
21028 1
21037 1
21041 1
21042 1
21044 1
21047 1
21049 1
21051 1
21057 1
21062 1
21071 1
21072 1
21073 1
21080 1
21087 1
21092 1
21097 1
21102 1
21111 1
21116 1
21121 1
21122 1
21129 1
21133 1
21137 1
21143 1
21148 1
21154 1
21163 1
21164 1
21168 1
21169 1
21174 1
21176 1
21178 1
21179 1
21181 1
21182 1
21186 1
21188 1
21191 1
21193 1
21199 1
21204 1
21211 1
21217 1
21218 1
21220 1
21227 1
21233 1
21240 1
21247 1
21253 1
21259 1
21264 1
21273 1
21279 1
21280 1
21282 1
21288 1
21296 1
21304 1
21313 1
21320 1
21322 1
21324 1
21328 1
21332 1
21340 1
21342 1
21343 1
21345 1
21354 1
21363 1
21367 1
21370 1
21377 1
21379 1
21384 1
21389 1
21390 1
21393 1
21400 1
21407 1
21414 1
21423 1
21431 1
21435 1
21441 1
21446 1
21450 1
21453 1
21454 1
21462 1
21471 1
21479 1
21486 1
21494 1
21499 1
21508 1
21511 1
21516 1
21520 1
21526 1
21530 1
21539 1
21548 1
21549 1
21553 1
21554 1
21560 1
21564 1
21573 1
21580 1
21582 1
21588 1
21596 1
21602 1
21608 1
21615 1
21616 1
21622 1
21627 1
21635 1
21639 1
21644 1
21646 1
21651 1
21654 1
21658 1
21662 1
21666 1
21667 1
21673 1
21679 1
21680 1
21686 1
21688 1
21689 1
21694 1
21695 1
21699 1
21706 1
21713 1
21716 1
21722 1
21724 1
21732 1
21739 1
21744 1
21745 1
21753 1
21754 1
21755 1
21764 1
21766 1
21767 1
21771 1
21774 1
21782 1
21786 1
21795 1
21804 1
21808 1
21811 1
21818 1
21822 1
21828 1
21832 1
21838 1
21840 1
21843 1
21848 1
21849 1
21852 1
21855 1
21861 1
21862 1
21871 1
21878 1
21881 1
21883 1
21886 1
21890 1
21892 1
21901 1
21907 1
21909 1
21916 1
21925 1
21926 1
21933 1
21934 1
21936 1
21943 1
21944 1
21945 1
21948 1
21952 1
21960 1
21966 1
21972 1
21973 1
21975 1
21982 1
21986 1
21991 1
21997 1
22002 1
22011 1
22014 1
22021 1
22029 1
22035 1
22043 1
22049 1
22055 1
22060 1
22062 1
22070 1
22071 1
22074 1
22080 1
22086 1
22095 1
22098 1
22106 1
22108 1
22113 1
22115 1
22122 1
22128 1
22134 1
22135 1
22144 1
22146 1
22147 1
22152 1
22161 1
22162 1
22170 1
22173 1
22177 1
22184 1
22191 1
22195 1
22200 1
22206 1
22210 1
22216 1
22219 1
22224 1
22232 1
22240 1
22247 1
22250 1
22252 1
22254 1
22259 1
22264 1
22272 1
22274 1
22279 1
22284 1
22293 1
22295 1
22299 1
22308 1
22317 1
22318 1
22319 1
22323 1
22324 1
22326 1
22334 1
22337 1
22346 1
22352 1
22356 1
22360 1
22368 1
22370 1
22372 1
22378 1
22385 1
22387 1
22388 1
22396 1
22403 1
22407 1
22412 1
22418 1
22427 1
22431 1
22440 1
22449 1
22456 1
22465 1
22473 1
22476 1
22485 1
22494 1
22495 1
22500 1
22503 1
22512 1
22513 1
22515 1
22522 1
22528 1
22532 1
22536 1
22539 1
22546 1
22551 1
22552 1
22555 1
22556 1
22560 1
22565 1
22574 1
22576 1
22585 1
22588 1
22595 1
22600 1
22602 1
22610 1
22611 1
22617 1
22623 1
22625 1
22634 1
22641 1
22642 1
22650 1
22655 1
22664 1
22670 1
22677 1
22680 1
22681 1
22688 1
22689 1
22695 1
22704 1
22706 1
22710 1
22715 1
22721 1
22723 1
22727 1
22735 1
22740 1
22744 1
22753 1
22762 1
22768 1
22773 1
22775 1
22782 1
22791 1
22797 1
22805 1
22809 1
22815 1
22821 1
22828 1
22834 1
22836 1
22844 1
22846 1
22848 1
22854 1
22857 1
22859 1
22865 1
22870 1
22874 1
22877 1
22881 1
22889 1
22894 1
22895 1
22902 1
22909 1
22912 1
22917 1
22926 1
22932 1
22935 1
22938 1
22941 1
22945 1
22951 1
22954 1
22963 1
22967 1
22968 1
22969 1
22973 1
22977 1
22980 1
22987 1
22995 1
22996 1
22997 1
23005 1
23014 1
23022 1
23030 1
23032 1
23034 1
23042 1
23046 1
23048 1
23056 1
23061 1
23067 1
23069 1
23076 1
23079 1
23083 1
23092 1
23098 1
23100 1
23104 1
23113 1
23118 1
23123 1
23124 1
23128 1
23130 1
23136 1
23137 1
23140 1
23142 1
23148 1
23155 1
23157 1
23159 1
23160 1
23168 1
23174 1
23176 1
23183 1
23184 1
23191 1
23199 1
23201 1
23204 1
23211 1
23220 1
23223 1
23225 1
23229 1
23234 1
23240 1
23245 1
23246 1
23252 1
23253 1
23255 1
23257 1
23258 1
23265 1
23266 1
23271 1
23274 1
23280 1
23282 1
23285 1
23292 1
23297 1
23306 1
23310 1
23312 1
23314 1
23321 1
23322 1
23326 1
23333 1
23337 1
23340 1
23343 1
23351 1
23357 1
23364 1
23369 1
23371 1
23375 1
23379 1
23388 1
23392 1
23393 1
23399 1
23400 1
23408 1
23414 1
23422 1
23424 1
23433 1
23440 1
23443 1
23450 1
23452 1
23454 1
23458 1
23463 1
23469 1
23471 1
23479 1
23481 1
23484 1
23490 1
23498 1
23504 1
23508 1
23515 1
23521 1
23524 1
23525 1
23526 1
23534 1
23542 1
23550 1
23559 1
23566 1
23574 1
23583 1
23585 1
23591 1
23597 1
23601 1
23603 1
23610 1
23616 1
23617 1
23620 1
23628 1
23636 1
23644 1
23648 1
23652 1
23660 1
23667 1
23668 1
23676 1
23677 1
23682 1
23686 1
23693 1
23695 1
23700 1
23704 1
23712 1
23716 1
23723 1
23725 1
23729 1
23733 1
23741 1
23743 1
23750 1
23752 1
23757 1
23758 1
23766 1
23775 1
23779 1
23788 1
23793 1
23798 1
23802 1
23803 1
23808 1
23810 1
23815 1
23817 1
23824 1
23830 1
23833 1
23837 1
23843 1
23844 1
23850 1
23851 1
23855 1
23860 1
23863 1
23869 1
23871 1
23874 1
23876 1
23881 1
23882 1
23887 1
23892 1
23895 1
23898 1
23902 1
23903 1
23906 1
23907 1
23909 1
23915 1
23923 1
23929 1
23931 1
23937 1
23938 1
23947 1
23955 1
23961 1
23970 1
23979 1
23985 1
23989 1
23993 1
24002 1
24003 1
24009 1
24018 1
24027 1
24034 1
24040 1
24048 1
24054 1
24055 1
24056 1
24060 1
24064 1
24068 1
24069 1
24077 1
24078 1
24086 1
24089 1
24092 1
24098 1
24103 1
24105 1
24107 1
24113 1
24122 1
24124 1
24132 1
24134 1
24139 1
24146 1
24154 1
24160 1
24161 1
24163 1
24165 1
24167 1
24174 1
24182 1
24187 1
24195 1
24203 1
24205 1
24209 1
24210 1
24211 1
24213 1
24219 1
24223 1
24227 1
24233 1
24237 1
24241 1
24245 1
24248 1
24251 1
24252 1
24255 1
24262 1
24266 1
24268 1
24273 1
24274 1
24283 1
24291 1
24299 1
24307 1
24309 1
24312 1
24315 1
24318 1
24324 1
24328 1
24329 1
24332 1
24333 1
24339 1
24347 1
24355 1
24362 1
24364 1
24368 1
24369 1
24376 1
24384 1
24387 1
24389 1
24392 1
24394 1
24395 1
24399 1
24407 1
24414 1
24419 1
24428 1
24432 1
24437 1
24439 1
24440 1
24445 1
24446 1
24449 1
24455 1
24457 1
24464 1
24469 1
24471 1
24478 1
24485 1
24490 1
24492 1
24499 1
24501 1
24505 1
24507 1
24510 1
24513 1
24521 1
24522 1
24530 1
24538 1
24541 1
24543 1
24552 1
24555 1
24557 1
24565 1
24574 1
24576 1
24582 1
24584 1
24585 1
24591 1
24598 1
24607 1
24611 1
24612 1
24619 1
24628 1
24636 1
24639 1
24642 1
24644 1
24653 1
24659 1
24662 1
24668 1
24669 1
24672 1
24680 1
24682 1
24683 1
24684 1
24693 1
24694 1
24699 1
24705 1
24708 1
24715 1
24719 1
24726 1
24731 1
24734 1
24735 1
24736 1
24745 1
24748 1
24753 1
24755 1
24757 1
24765 1
24766 1
24774 1
24779 1
24788 1
24790 1
24797 1
24804 1
24809 1
24813 1
24820 1
24826 1
24827 1
24828 1
24833 1
24834 1
24841 1
24849 1
24858 1
24862 1
24864 1
24870 1
24875 1
24882 1
24889 1
24894 1
24900 1
24908 1
24909 1
24918 1
24923 1
24929 1
24931 1
24938 1
24943 1
24949 1
24953 1
24954 1
24963 1
24971 1
24980 1
24982 1
24991 1
24992 1
25001 1
25010 1
25015 1
25020 1
25023 1
25030 1
25035 1
25038 1
25041 1
25047 1
25048 1
25051 1
25055 1
25056 1
25060 1
25067 1
25074 1
25078 1
25086 1
25092 1
25101 1
25109 1
25118 1
25121 1
25130 1
25138 1
25140 1
25147 1
25149 1
25154 1
25156 1
25158 1
25163 1
25171 1
25176 1
25185 1
25186 1
25195 1
25201 1
25206 1
25215 1
25220 1
25227 1
25236 1
25242 1
25246 1
25254 1
25259 1
25261 1
25270 1
25274 1
25283 1
25291 1
25300 1
25304 1
25305 1
25309 1
25310 1
25315 1
25317 1
25322 1
25330 1
25333 1
25342 1
25344 1
25353 1
25362 1
25370 1
25377 1
25380 1
25384 1
25393 1
25397 1
25402 1
25406 1
25415 1
25424 1
25432 1
25441 1
25448 1
25455 1
25458 1
25466 1
25469 1
25477 1
25479 1
25481 1
25483 1
25485 1
25493 1
25495 1
25504 1
25508 1
25512 1
25520 1
25529 1
25533 1
25541 1
25549 1
25550 1
25559 1
25564 1
25570 1
25573 1
25577 1
25583 1
25591 1
25594 1
25601 1
25610 1
25612 1
25621 1
25624 1
25631 1
25637 1
25640 1
25642 1
25643 1
25646 1
25649 1
25651 1
25654 1
25656 1
25665 1
25670 1
25678 1
25679 1
25682 1
25689 1
25691 1
25692 1
25694 1
25697 1
25700 1
25708 1
25710 1
25714 1
25723 1
25730 1
25737 1
25744 1
25752 1
25757 1
25765 1
25774 1
25782 1
25783 1
25791 1
25795 1
25798 1
25800 1
25805 1
25811 1
25816 1
25818 1
25822 1
25831 1
25835 1
25836 1
25842 1
25846 1
25848 1
25855 1
25860 1
25868 1
25872 1
25880 1
25882 1
25889 1
25898 1
25901 1
25910 1
25913 1
25916 1
25920 1
25922 1
25927 1
25933 1
25942 1
25947 1
25956 1
25961 1
25968 1
25973 1
25978 1
25981 1
25983 1
25988 1
25992 1
25999 1
26006 1
26011 1
26012 1
26015 1
26018 1
26025 1
26031 1
26035 1
26044 1
26045 1
26049 1
26054 1
26057 1
26063 1
26065 1
26073 1
26077 1
26078 1
26084 1
26090 1
26096 1
26105 1
26113 1
26114 1
26123 1
26131 1
26139 1
26141 1
26150 1
26153 1
26157 1
26166 1
26167 1
26173 1
26180 1
26181 1
26187 1
26195 1
26201 1
26207 1
26211 1
26214 1
26222 1
26230 1
26235 1
26238 1
26245 1
26246 1
26254 1
26260 1
26264 1
26265 1
26269 1
26270 1
26278 1
26285 1
26288 1
26294 1
26302 1
26311 1
26320 1
26325 1
26330 1
26339 1
26341 1
26349 1
26354 1
26357 1
26365 1
26368 1
26372 1
26374 1
26379 1
26388 1
26393 1
26401 1
26406 1
26410 1
26417 1
26419 1
26428 1
26433 1
26434 1
26439 1
26445 1
26452 1
26461 1
26463 1
26467 1
26469 1
26476 1
26484 1
26489 1
26497 1
26504 1
26508 1
26509 1
26510 1
26513 1
26514 1
26517 1
26523 1
26530 1
26538 1
26542 1
26550 1
26551 1
26552 1
26558 1
26565 1
26566 1
26575 1
26579 1
26588 1
26589 1
26592 1
26596 1
26599 1
26603 1
26606 1
26614 1
26620 1
26628 1
26637 1
26641 1
26649 1
26653 1
26661 1
26668 1
26675 1
26678 1
26685 1
26689 1
26694 1
26695 1
26702 1
26704 1
26710 1
26713 1
26715 1
26717 1
26724 1
26729 1
26731 1
26740 1
26744 1
26749 1
26755 1
26759 1
26760 1
26766 1
26768 1
26777 1
26781 1
26790 1
26799 1
26803 1
26811 1
26814 1
26823 1
26831 1
26840 1
26849 1
26853 1
26862 1
26870 1
26875 1
26878 1
26884 1
26893 1
26898 1
26907 1
26911 1
26913 1
26919 1
26928 1
26937 1
26941 1
26950 1
26959 1
26966 1
26972 1
26973 1
26975 1
26979 1
26981 1
26984 1
26989 1
26994 1
27002 1
27004 1
27005 1
27007 1
27016 1
27017 1
27025 1
27026 1
27030 1
27038 1
27040 1
27044 1
27049 1
27056 1
27065 1
27068 1
27075 1
27082 1
27084 1
27091 1
27098 1
27106 1
27112 1
27116 1
27119 1
27125 1
27131 1
27133 1
27138 1
27143 1
27152 1
27158 1
27159 1
27161 1
27162 1
27168 1
27175 1
27180 1
27187 1
27193 1
27199 1
27208 1
27215 1
27221 1
27226 1
27231 1
27240 1
27243 1
27251 1
27260 1
27265 1
27268 1
27271 1
27278 1
27279 1
27284 1
27291 1
27293 1
27300 1
27308 1
27309 1
27315 1
27320 1
27326 1
27335 1
27337 1
27340 1
27349 1
27358 1
27359 1
27366 1
27375 1
27384 1
27389 1
27391 1
27397 1
27400 1
27401 1
27406 1
27415 1
27423 1
27431 1
27436 1
27437 1
27444 1
27451 1
27455 1
27459 1
27468 1
27476 1
27481 1
27490 1
27494 1
27503 1
27505 1
27512 1
27514 1
27516 1
27517 1
27520 1
27528 1
27537 1
27545 1
27548 1
27551 1
27560 1
27566 1
27568 1
27576 1
27577 1
27584 1
27593 1
27602 1
27609 1
27613 1
27617 1
27624 1
27627 1
27632 1
27641 1
27646 1
27651 1
27652 1
27657 1
27661 1
27669 1
27677 1
27685 1
27689 1
27692 1
27701 1
27706 1
27707 1
27712 1
27719 1
27721 1
27729 1
27736 1
27742 1
27746 1
27751 1
27756 1
27762 1
27769 1
27772 1
27776 1
27778 1
27787 1
27790 1
27796 1
27805 1
27812 1
27813 1
27815 1
27816 1
27821 1
27825 1
27831 1
27835 1
27837 1
27846 1
27851 1
27858 1
27860 1
27862 1
27863 1
27870 1
27872 1
27878 1
27879 1
27886 1
27892 1
27897 1
27898 1
27902 1
27910 1
27913 1
27914 1
27921 1
27929 1
27932 1
27937 1
27940 1
27947 1
27950 1
27959 1
27965 1
27968 1
27974 1
27979 1
27980 1
27983 1
27988 1
27990 1
27995 1
28002 1
28008 1
28010 1
28012 1
28016 1
28024 1
28029 1
28030 1
28038 1
28042 1
28047 1
28055 1
28057 1
28060 1
28062 1
28064 1
28067 1
28074 1
28080 1
28088 1
28095 1
28096 1
28105 1
28110 1
28112 1
28120 1
28124 1
28125 1
28126 1
28133 1
28140 1
28147 1
28152 1
28161 1
28170 1
28178 1
28185 1
28194 1
28199 1
28205 1
28213 1
28222 1
28224 1
28228 1
28231 1
28235 1
28240 1
28249 1
28256 1
28265 1
28273 1
28279 1
28281 1
28285 1
28292 1
28298 1
28305 1
28309 1
28310 1
28319 1
28326 1
28329 1
28333 1
28335 1
28343 1
28345 1
28349 1
28355 1
28363 1
28370 1
28379 1
28388 1
28395 1
28399 1
28408 1
28417 1
28426 1
28432 1
28436 1
28438 1
28447 1
28454 1
28457 1
28464 1
28470 1
28478 1
28484 1
28489 1
28490 1
28492 1
28495 1
28496 1
28501 1
28503 1
28510 1
28518 1
28520 1
28522 1
28531 1
28535 1
28543 1
28551 1
28557 1
28559 1
28567 1
28569 1
28573 1
28579 1
28585 1
28591 1
28598 1
28600 1
28607 1
28611 1
28615 1
28622 1
28627 1
28633 1
28640 1
28649 1
28652 1
28656 1
28658 1
28661 1
28662 1
28669 1
28673 1
28680 1
28688 1
28691 1
28692 1
28695 1
28700 1
28709 1
28710 1
28711 1
28719 1
28728 1
28734 1
28739 1
28746 1
28751 1
28754 1
28758 1
28763 1
28771 1
28778 1
28783 1
28784 1
28790 1
28796 1
28804 1
28807 1
28808 1
28814 1
28818 1
28822 1
28825 1
28834 1
28838 1
28847 1
28853 1
28860 1
28863 1
28872 1
28874 1
28876 1
28880 1
28883 1
28884 1
28888 1
28897 1
28900 1
28901 1
28904 1
28909 1
28917 1
28918 1
28924 1
28927 1
28934 1
28940 1
28949 1
28951 1
28956 1
28958 1
28963 1
28964 1
28968 1
28969 1
28978 1
28983 1
28986 1
28992 1
28993 1
28995 1
29001 1
29009 1
29012 1
29019 1
29023 1
29032 1
29041 1
29043 1
29044 1
29046 1
29055 1
29059 1
29064 1
29067 1
29073 1
29074 1
29081 1
29084 1
29092 1
29099 1
29104 1
29109 1
29118 1
29122 1
29127 1
29128 1
29136 1
29138 1
29139 1
29141 1
29147 1
29156 1
29159 1
29163 1
29168 1
29175 1
29184 1
29185 1
29190 1
29191 1
29196 1
29204 1
29209 1
29213 1
29215 1
29222 1
29226 1
29231 1
29236 1
29242 1
29251 1
29255 1
29261 1
29262 1
29263 1
29265 1
29268 1
29269 1
29274 1
29282 1
29288 1
29292 1
29300 1
29308 1
29310 1
29318 1
29325 1
29328 1
29332 1
29340 1
29346 1
29348 1
29353 1
29357 1
29358 1
29364 1
29367 1
29370 1
29374 1
29383 1
29386 1
29390 1
29396 1
29401 1
29409 1
29418 1
29422 1
29431 1
29436 1
29438 1
29441 1
29448 1
29455 1
29463 1
29466 1
29473 1
29482 1
29488 1
29492 1
29495 1
29504 1
29511 1
29515 1
29516 1
29521 1
29530 1
29531 1
29533 1
29534 1
29542 1
29549 1
29553 1
29558 1
29566 1
29569 1
29576 1
29579 1
29581 1
29588 1
29593 1
29598 1
29602 1
29603 1
29611 1
29612 1
29616 1
29621 1
29623 1
29629 1
29638 1
29639 1
29642 1
29647 1
29655 1
29660 1
29669 1
29676 1
29677 1
29686 1
29691 1
29695 1
29697 1
29700 1
29702 1
29709 1
29718 1
29727 1
29734 1
29743 1
29749 1
29755 1
29762 1
29768 1
29770 1
29775 1
29777 1
29782 1
29787 1
29791 1
29796 1
29798 1
29806 1
29813 1
29820 1
29823 1
29827 1
29831 1
29836 1
29839 1
29841 1
29847 1
29853 1
29860 1
29864 1
29870 1
29876 1
29885 1
29893 1
29902 1
29910 1
29918 1
29924 1
29930 1
29938 1
29939 1
29941 1
29946 1
29951 1
29952 1
29955 1
29960 1
29968 1
29969 1
29971 1
29979 1
29986 1
29990 1
29995 1
29998 1
30004 1
30008 1
30016 1
30021 1
30029 1
30035 1
30036 1
30045 1
30049 1
30053 1
30054 1
30059 1
30060 1
30066 1
30071 1
30075 1
30082 1
30090 1
30096 1
30101 1
30108 1
30110 1
30116 1
30121 1
30127 1
30132 1
30140 1
30145 1
30151 1
30158 1
30160 1
30168 1
30169 1
30175 1
30180 1
30189 1
30196 1
30205 1
30209 1
30210 1
30217 1
30226 1
30232 1
30240 1
30248 1
30257 1
30263 1
30272 1
30280 1
30284 1
30292 1
30296 1
30302 1
30307 1
30309 1
30315 1
30321 1
30330 1
30334 1
30336 1
30339 1
30347 1
30354 1
30359 1
30365 1
30370 1
30377 1
30386 1
30391 1
30397 1
30402 1
30403 1
30408 1
30417 1
30423 1
30429 1
30431 1
30438 1
30441 1
30443 1
30452 1
30453 1
30461 1
30462 1
30465 1
30471 1
30478 1
30482 1
30490 1
30498 1
30500 1
30502 1
30507 1
30516 1
30524 1
30526 1
30529 1
30532 1
30539 1
30545 1
30550 1
30551 1
30558 1
30561 1
30565 1
30571 1
30575 1
30579 1
30584 1
30593 1
30601 1
30610 1
30616 1
30619 1
30620 1
30627 1
30628 1
30636 1
30637 1
30644 1
30647 1
30655 1
30657 1
30663 1
30668 1
30673 1
30679 1
30680 1
30688 1
30695 1
30701 1
30710 1
30711 1
30715 1
30716 1
30719 1
30724 1
30730 1
30738 1
30745 1
30748 1
30755 1
30759 1
30764 1
30769 1
30772 1
30773 1
30774 1
30778 1
30783 1
30786 1
30789 1
30792 1
30797 1
30803 1
30812 1
30817 1
30819 1
30824 1
30833 1
30837 1
30844 1
30847 1
30850 1
30859 1
30864 1
30868 1
30875 1
30882 1
30888 1
30890 1
30894 1
30901 1
30904 1
30913 1
30915 1
30918 1
30919 1
30926 1
30929 1
30935 1
30942 1
30947 1
30948 1
30949 1
30955 1
30957 1
30961 1
30965 1
30971 1
30974 1
30980 1
30985 1
30986 1
30993 1
31000 1
31005 1
31007 1
31010 1
31018 1
31027 1
31035 1
31036 1
31040 1
31042 1
31044 1
31047 1
31050 1
31051 1
31053 1
31057 1
31063 1
31066 1
31075 1
31076 1
31085 1
31093 1
31102 1
31108 1
31114 1
31121 1
31130 1
31135 1
31142 1
31148 1
31149 1
31158 1
31164 1
31168 1
31175 1
31179 1
31184 1
31191 1
31194 1
31195 1
31196 1
31202 1
31211 1
31216 1
31224 1
31230 1
31233 1
31239 1
31248 1
31257 1
31259 1
31261 1
31269 1
31276 1
31277 1
31283 1
31286 1
31294 1
31295 1
31301 1
31305 1
31312 1
31319 1
31320 1
31327 1
31333 1
31337 1
31346 1
31348 1
31357 1
31360 1
31362 1
31364 1
31368 1
31373 1
31376 1
31379 1
31384 1
31389 1
31391 1
31392 1
31397 1
31404 1
31410 1
31418 1
31421 1
31424 1
31432 1
31436 1
31439 1
31446 1
31454 1
31459 1
31461 1
31464 1
31473 1
31474 1
31476 1
31483 1
31489 1
31496 1
31503 1
31512 1
31521 1
31522 1
31527 1
31530 1
31538 1
31545 1
31551 1
31559 1
31565 1
31573 1
31576 1
31577 1
31583 1
31589 1
31591 1
31593 1
31598 1
31605 1
31612 1
31616 1
31625 1
31626 1
31630 1
31638 1
31645 1
31651 1
31660 1
31667 1
31673 1
31677 1
31678 1
31680 1
31682 1
31689 1
31694 1
31703 1
31705 1
31708 1
31711 1
31717 1
31718 1
31724 1
31731 1
31738 1
31745 1
31748 1
31751 1
31758 1
31764 1
31766 1
31769 1
31771 1
31775 1
31779 1
31785 1
31793 1
31796 1
31798 1
31806 1
31809 1
31818 1
31819 1
31824 1
31825 1
31831 1
31840 1
31847 1
31852 1
31860 1
31867 1
31876 1
31880 1
31885 1
31890 1
31893 1
31900 1
31903 1
31906 1
31909 1
31914 1
31917 1
31922 1
31929 1
31936 1
31938 1
31943 1
31946 1
31955 1
31960 1
31961 1
31969 1
31973 1
31977 1
31986 1
31993 1
31997 1
32004 1
32012 1
32017 1
32023 1
32026 1
32030 1
32034 1
32038 1
32039 1
32043 1
32050 1
32055 1
32061 1
32065 1
32067 1
32070 1
32071 1
32078 1
32083 1
32090 1
32094 1
32098 1
32104 1
32110 1
32116 1
32124 1
32126 1
32133 1
32135 1
32140 1
32147 1
32154 1
32155 1
32156 1
32164 1
32167 1
32175 1
32177 1
32184 1
32186 1
32191 1
32200 1
32207 1
32211 1
32219 1
32220 1
32226 1
32235 1
32241 1
32245 1
32246 1
32253 1
32258 1
32266 1
32274 1
32278 1
32280 1
32283 1
32289 1
32296 1
32298 1
32301 1
32307 1
32315 1
32319 1
32322 1
32330 1
32334 1
32343 1
32352 1
32359 1
32364 1
32367 1
32376 1
32384 1
32386 1
32393 1
32396 1
32403 1
32407 1
32415 1
32416 1
32419 1
32420 1
32424 1
32427 1
32431 1
32438 1
32442 1
32447 1
32456 1
32461 1
32462 1
32469 1
32474 1
32483 1
32487 1
32495 1
32497 1
32502 1
32508 1
32513 1
32518 1
32521 1
32526 1
32534 1
32537 1
32545 1
32550 1
32558 1
32566 1
32574 1
32582 1
32585 1
32594 1
32596 1
32603 1
32609 1
32618 1
32619 1
32622 1
32627 1
32629 1
32637 1
32642 1
32648 1
32655 1
32663 1
32666 1
32671 1
32679 1
32680 1
32681 1
32684 1
32693 1
32699 1
32706 1
32710 1
32719 1
32721 1
32727 1
32731 1
32740 1
32745 1
32746 1
32754 1
32760 1
32769 1
32775 1
32780 1
32784 1
32791 1
32795 1
32796 1
32800 1
32803 1
32809 1
32817 1
32818 1
32823 1
32827 1
32835 1
32842 1
32847 1
32853 1
32862 1
32870 1
32874 1
32882 1
32886 1
32894 1
32896 1
32902 1
32907 1
32912 1
32919 1
32926 1
32927 1
32928 1
32936 1
32937 1
32945 1
32954 1
32958 1
32965 1
32966 1
32967 1
32971 1
32978 1
32983 1
32986 1
32991 1
32995 1
33004 1
33013 1
33019 1
33021 1
33030 1
33038 1
33043 1
33047 1
33051 1
33058 1
33065 1
33067 1
33075 1
33082 1
33088 1
33096 1
33097 1
33104 1
33113 1
33121 1
33125 1
33127 1
33134 1
33140 1
33147 1
33148 1
33154 1
33155 1
33162 1
33169 1
33175 1
33183 1
33186 1
33187 1
33194 1
33202 1
33204 1
33206 1
33212 1
33219 1
33225 1
33233 1
33237 1
33241 1
33242 1
33249 1
33255 1
33260 1
33261 1
33262 1
33266 1
33269 1
33278 1
33281 1
33287 1
33293 1
33296 1
33302 1
33308 1
33314 1
33322 1
33325 1
33333 1
33338 1
33347 1
33350 1
33351 1
33360 1
33364 1
33366 1
33374 1
33376 1
33377 1
33379 1
33383 1
33391 1
33396 1
33400 1
33408 1
33413 1
33417 1
33421 1
33426 1
33432 1
33433 1
33437 1
33442 1
33450 1
33456 1
33460 1
33469 1
33471 1
33476 1
33477 1
33479 1
33482 1
33483 1
33492 1
33499 1
33501 1
33508 1
33511 1
33512 1
33521 1
33525 1
33528 1
33531 1
33536 1
33537 1
33538 1
33547 1
33554 1
33558 1
33563 1
33569 1
33573 1
33574 1
33578 1
33585 1
33594 1
33599 1
33603 1
33605 1
33607 1
33615 1
33617 1
33626 1
33627 1
33635 1
33644 1
33651 1
33658 1
33659 1
33661 1
33664 1
33667 1
33669 1
33672 1
33674 1
33676 1
33683 1
33688 1
33694 1
33703 1
33712 1
33715 1
33723 1
33727 1
33735 1
33737 1
33738 1
33745 1
33752 1
33757 1
33761 1
33764 1
33767 1
33776 1
33780 1
33785 1
33787 1
33791 1
33797 1
33806 1
33814 1
33816 1
33822 1
33829 1
33838 1
33839 1
33845 1
33854 1
33863 1
33866 1
33871 1
33877 1
33883 1
33892 1
33898 1
33903 1
33911 1
33918 1
33919 1
33922 1
33924 1
33928 1
33934 1
33936 1
33945 1
33953 1
33958 1
33964 1
33973 1
33982 1
33990 1
33996 1
33998 1
34003 1
34009 1
34015 1
34018 1
34023 1
34029 1
34030 1
34031 1
34035 1
34044 1
34046 1
34050 1
34052 1
34055 1
34059 1
34066 1
34067 1
34069 1
34074 1
34083 1
34092 1
34101 1
34102 1
34105 1
34112 1
34116 1
34117 1
34125 1
34128 1
34130 1
34132 1
34137 1
34145 1
34151 1
34158 1
34162 1
34170 1
34173 1
34180 1
34185 1
34191 1
34193 1
34202 1
34211 1
34218 1
34224 1
34233 1
34236 1
34245 1
34250 1
34253 1
34259 1
34263 1
34272 1
34277 1
34280 1
34289 1
34291 1
34297 1
34302 1
34309 1
34313 1
34315 1
34316 1
34323 1
34325 1
34333 1
34334 1
34340 1
34344 1
34353 1
34357 1
34359 1
34364 1
34373 1
34376 1
34377 1
34378 1
34379 1
34384 1
34389 1
34392 1
34395 1
34400 1
34407 1
34413 1
34414 1
34422 1
34428 1
34431 1
34436 1
34442 1
34443 1
34450 1
34456 1
34457 1
34466 1
34470 1
34477 1
34478 1
34484 1
34489 1
34497 1
34498 1
34505 1
34513 1
34516 1
34522 1
34523 1
34530 1
34539 1
34546 1
34547 1
34555 1
34557 1
34566 1
34575 1
34582 1
34584 1
34585 1
34588 1
34597 1
34601 1
34608 1
34616 1
34618 1
34624 1
34630 1
34638 1
34647 1
34651 1
34652 1
34656 1
34658 1
34661 1
34664 1
34669 1
34671 1
34678 1
34682 1
34691 1
34700 1
34706 1
34712 1
34721 1
34725 1
34730 1
34735 1
34739 1
34747 1
34754 1
34755 1
34758 1
34762 1
34767 1
34769 1
34775 1
34781 1
34785 1
34794 1
34800 1
34803 1
34804 1
34810 1
34812 1
34820 1
34826 1
34828 1
34837 1
34843 1
34848 1
34851 1
34857 1
34863 1
34868 1
34875 1
34882 1
34890 1
34894 1
34898 1
34906 1
34912 1
34918 1
34925 1
34926 1
34929 1
34931 1
34939 1
34943 1
34952 1
34953 1
34956 1
34965 1
34970 1
34975 1
34979 1
34980 1
34986 1
34995 1
34996 1
35004 1
35011 1
35016 1
35022 1
35028 1
35032 1
35039 1
35040 1
35043 1
35047 1
35051 1
35054 1
35055 1
35062 1
35063 1
35065 1
35067 1
35076 1
35084 1
35089 1
35097 1
35104 1
35106 1
35115 1
35119 1
35127 1
35129 1
35133 1
35137 1
35144 1
35150 1
35158 1
35163 1
35169 1
35170 1
35171 1
35177 1
35178 1
35183 1
35192 1
35194 1
35201 1
35204 1
35205 1
35206 1
35213 1
35217 1
35223 1
35225 1
35233 1
35239 1
35248 1
35256 1
35260 1
35262 1
35264 1
35270 1
35279 1
35280 1
35287 1
35295 1
35297 1
35305 1
35313 1
35320 1
35329 1
35330 1
35336 1
35341 1
35342 1
35350 1
35357 1
35366 1
35367 1
35369 1
35373 1
35382 1
35386 1
35390 1
35391 1
35397 1
35403 1
35410 1
35416 1
35424 1
35425 1
35428 1
35436 1
35438 1
35444 1
35447 1
35456 1
35462 1
35465 1
35474 1
35478 1
35480 1
35487 1
35496 1
35504 1
35509 1
35510 1
35518 1
35521 1
35524 1
35533 1
35535 1
35541 1
35544 1
35552 1
35554 1
35557 1
35559 1
35568 1
35569 1
35571 1
35576 1
35582 1
35583 1
35592 1
35593 1
35596 1
35597 1
35605 1
35614 1
35623 1
35628 1
35632 1
35637 1
35639 1
35644 1
35652 1
35657 1
35665 1
35668 1
35671 1
35672 1
35679 1
35681 1
35683 1
35689 1
35691 1
35692 1
35696 1
35704 1
35705 1
35706 1
35715 1
35719 1
35721 1
35727 1
35731 1
35739 1
35742 1
35744 1
35745 1
35748 1
35757 1
35763 1
35769 1
35771 1
35778 1
35786 1
35792 1
35793 1
35797 1
35798 1
35805 1
35811 1
35812 1
35818 1
35822 1
35830 1
35832 1
35835 1
35837 1
35839 1
35845 1
35849 1
35858 1
35862 1
35863 1
35865 1
35874 1
35875 1
35882 1
35883 1
35887 1
35895 1
35904 1
35910 1
35914 1
35923 1
35932 1
35934 1
35938 1
35944 1
35951 1
35954 1
35961 1
35967 1
35972 1
35973 1
35980 1
35982 1
35984 1
35985 1
35992 1
35995 1
36003 1
36012 1
36019 1
36021 1
36030 1
36034 1
36035 1
36040 1
36041 1
36046 1
36055 1
36056 1
36065 1
36069 1
36075 1
36082 1
36091 1
36097 1
36098 1
36103 1
36108 1
36109 1
36117 1
36122 1
36131 1
36139 1
36146 1
36149 1
36151 1
36153 1
36155 1
36164 1
36166 1
36171 1
36179 1
36186 1
36194 1
36201 1
36209 1
36210 1
36212 1
36218 1
36226 1
36231 1
36234 1
36240 1
36249 1
36256 1
36264 1
36271 1
36277 1
36284 1
36293 1
36302 1
36310 1
36319 1
36328 1
36329 1
36332 1
36334 1
36339 1
36341 1
36345 1
36352 1
36360 1
36363 1
36364 1
36365 1
36367 1
36370 1
36378 1
36384 1
36393 1
36396 1
36400 1
36406 1
36407 1
36413 1
36421 1
36430 1
36434 1
36435 1
36441 1
36442 1
36449 1
36450 1
36458 1
36463 1
36471 1
36476 1
36485 1
36489 1
36497 1
36505 1
36506 1
36507 1
36516 1
36517 1
36524 1
36526 1
36531 1
36532 1
36538 1
36539 1
36540 1
36547 1
36552 1
36555 1
36563 1
36570 1
36576 1
36581 1
36583 1
36586 1
36588 1
36596 1
36602 1
36607 1
36609 1
36613 1
36614 1
36619 1
36626 1
36627 1
36634 1
36636 1
36640 1
36643 1
36649 1
36658 1
36661 1
36667 1
36676 1
36677 1
36686 1
36687 1
36694 1
36695 1
36698 1
36703 1
36710 1
36717 1
36719 1
36726 1
36728 1
36737 1
36744 1
36753 1
36757 1
36763 1
36769 1
36774 1
36779 1
36787 1
36793 1
36802 1
36803 1
36804 1
36805 1
36814 1
36817 1
36824 1
36826 1
36834 1
36837 1
36838 1
36842 1
36843 1
36849 1
36851 1
36860 1
36864 1
36866 1
36869 1
36873 1
36875 1
36876 1
36877 1
36885 1
36893 1
36897 1
36904 1
36911 1
36915 1
36919 1
36926 1
36928 1
36935 1
36937 1
36939 1
36945 1
36947 1
36954 1
36956 1
36965 1
36972 1
36979 1
36984 1
36991 1
36999 1
37002 1
37008 1
37015 1
37016 1
37025 1
37031 1
37033 1
37035 1
37042 1
37050 1
37055 1
37057 1
37061 1
37067 1
37070 1
37072 1
37075 1
37077 1
37085 1
37092 1
37101 1
37108 1
37112 1
37118 1
37127 1
37135 1
37138 1
37144 1
37149 1
37156 1
37165 1
37169 1
37177 1
37184 1
37192 1
37199 1
37206 1
37215 1
37218 1
37221 1
37230 1
37237 1
37246 1
37255 1
37264 1
37266 1
37270 1
37277 1
37285 1
37287 1
37291 1
37299 1
37301 1
37303 1
37311 1
37314 1
37317 1
37325 1
37333 1
37339 1
37343 1
37351 1
37359 1
37364 1
37369 1
37370 1
37372 1
37381 1
37390 1
37398 1
37405 1
37407 1
37415 1
37422 1
37424 1
37431 1
37438 1
37447 1
37456 1
37460 1
37469 1
37473 1
37479 1
37488 1
37491 1
37495 1
37503 1
37504 1
37507 1
37511 1
37512 1
37515 1
37522 1
37527 1
37532 1
37537 1
37543 1
37550 1
37552 1
37561 1
37569 1
37574 1
37576 1
37583 1
37586 1
37590 1
37593 1
37597 1
37599 1
37604 1
37610 1
37611 1
37616 1
37618 1
37619 1
37622 1
37625 1
37627 1
37630 1
37633 1
37636 1
37644 1
37649 1
37656 1
37664 1
37673 1
37678 1
37680 1
37685 1
37689 1
37690 1
37698 1
37704 1
37707 1
37712 1
37715 1
37723 1
37731 1
37735 1
37740 1
37743 1
37745 1
37750 1
37752 1
37755 1
37760 1
37765 1
37769 1
37778 1
37782 1
37788 1
37791 1
37793 1
37794 1
37796 1
37805 1
37806 1
37807 1
37812 1
37814 1
37823 1
37832 1
37833 1
37839 1
37845 1
37846 1
37848 1
37854 1
37863 1
37872 1
37874 1
37877 1
37879 1
37880 1
37886 1
37892 1
37893 1
37895 1
37901 1
37904 1
37912 1
37917 1
37921 1
37928 1
37936 1
37944 1
37951 1
37959 1
37960 1
37969 1
37975 1
37979 1
37980 1
37988 1
37990 1
37993 1
37998 1
38004 1
38009 1
38010 1
38016 1
38025 1
38029 1
38037 1
38042 1
38045 1
38051 1
38058 1
38061 1
38066 1
38075 1
38076 1
38082 1
38088 1
38094 1
38095 1
38100 1
38101 1
38105 1
38113 1
38117 1
38124 1
38131 1
38133 1
38141 1
38147 1
38152 1
38160 1
38166 1
38172 1
38181 1
38187 1
38189 1
38198 1
38199 1
38200 1
38204 1
38206 1
38207 1
38208 1
38209 1
38215 1
38217 1
38218 1
38226 1
38232 1
38238 1
38240 1
38249 1
38257 1
38262 1
38270 1
38271 1
38276 1
38283 1
38284 1
38289 1
38295 1
38300 1
38304 1
38313 1
38317 1
38319 1
38323 1
38326 1
38330 1
38335 1
38338 1
38344 1
38352 1
38361 1
38366 1
38369 1
38372 1
38378 1
38379 1
38388 1
38390 1
38391 1
38395 1
38402 1
38408 1
38416 1
38423 1
38424 1
38433 1
38438 1
38439 1
38444 1
38446 1
38447 1
38454 1
38461 1
38468 1
38470 1
38472 1
38477 1
38482 1
38483 1
38487 1
38489 1
38497 1
38501 1
38503 1
38504 1
38507 1
38513 1
38518 1
38522 1
38528 1
38536 1
38542 1
38549 1
38554 1
38561 1
38567 1
38576 1
38579 1
38580 1
38585 1
38589 1
38593 1
38597 1
38599 1
38605 1
38606 1
38609 1
38612 1
38621 1
38622 1
38624 1
38628 1
38636 1
38641 1
38643 1
38645 1
38650 1
38657 1
38659 1
38662 1
38669 1
38674 1
38677 1
38682 1
38687 1
38692 1
38700 1
38706 1
38707 1
38715 1
38720 1
38723 1
38730 1
38731 1
38735 1
38744 1
38749 1
38757 1
38766 1
38769 1
38772 1
38779 1
38780 1
38787 1
38794 1
38798 1
38801 1
38806 1
38807 1
38810 1
38815 1
38820 1
38825 1
38834 1
38843 1
38846 1
38851 1
38852 1
38857 1
38858 1
38861 1
38870 1
38872 1
38876 1
38882 1
38888 1
38889 1
38891 1
38895 1
38897 1
38905 1
38914 1
38923 1
38929 1
38931 1
38935 1
38939 1
38940 1
38947 1
38956 1
38962 1
38968 1
38976 1
38977 1
38982 1
38983 1
38986 1
38991 1
38996 1
39001 1
39006 1
39011 1
39017 1
39022 1
39027 1
39028 1
39034 1
39041 1
39049 1
39050 1
39052 1
39053 1
39055 1
39060 1
39064 1
39067 1
39075 1
39078 1
39085 1
39091 1
39092 1
39100 1
39102 1
39109 1
39117 1
39123 1
39128 1
39135 1
39139 1
39140 1
39145 1
39149 1
39155 1
39160 1
39166 1
39172 1
39178 1
39186 1
39192 1
39197 1
39206 1
39213 1
39218 1
39220 1
39224 1
39230 1
39235 1
39244 1
39248 1
39254 1
39260 1
39269 1
39276 1
39281 1
39288 1
39292 1
39299 1
39300 1
39302 1
39307 1
39312 1
39313 1
39319 1
39328 1
39330 1
39332 1
39341 1
39345 1
39347 1
39349 1
39350 1
39354 1
39356 1
39364 1
39367 1
39375 1
39378 1
39384 1
39386 1
39394 1
39396 1
39405 1
39409 1
39418 1
39419 1
39428 1
39436 1
39441 1
39450 1
39459 1
39462 1
39463 1
39467 1
39468 1
39474 1
39482 1
39486 1
39494 1
39498 1
39506 1
39513 1
39521 1
39525 1
39532 1
39533 1
39541 1
39549 1
39558 1
39565 1
39571 1
39574 1
39577 1
39581 1
39587 1
39595 1
39598 1
39603 1
39604 1
39607 1
39616 1
39623 1
39630 1
39637 1
39643 1
39650 1
39655 1
39657 1
39666 1
39667 1
39676 1
39678 1
39686 1
39693 1
39696 1
39698 1
39699 1
39701 1
39704 1
39709 1
39715 1
39719 1
39725 1
39732 1
39736 1
39741 1
39746 1
39754 1
39758 1
39766 1
39772 1
39779 1
39787 1
39793 1
39796 1
39800 1
39804 1
39809 1
39810 1
39814 1
39822 1
39829 1
39834 1
39842 1
39843 1
39845 1
39850 1
39853 1
39862 1
39871 1
39878 1
39887 1
39895 1
39898 1
39904 1
39907 1
39912 1
39915 1
39919 1
39926 1
39934 1
39941 1
39945 1
39952 1
39960 1
39966 1
39972 1
39980 1
39989 1
39990 1
39999 1
40008 1
40009 1
40015 1
40022 1
40030 1
40032 1
40041 1
40044 1
40051 1
40058 1
40060 1
40062 1
40065 1
40067 1
40073 1
40082 1
40083 1
40088 1
40096 1
40097 1
40106 1
40110 1
40112 1
40117 1
40125 1
40128 1
40137 1
40145 1
40149 1
40152 1
40157 1
40159 1
40163 1
40171 1
40174 1
40178 1
40183 1
40184 1
40186 1
40193 1
40198 1
40199 1
40207 1
40211 1
40218 1
40224 1
40232 1
40237 1
40240 1
40245 1
40252 1
40260 1
40268 1
40271 1
40277 1
40280 1
40284 1
40289 1
40293 1
40299 1
40306 1
40309 1
40314 1
40321 1
40327 1
40328 1
40332 1
40338 1
40342 1
40343 1
40345 1
40353 1
40357 1
40365 1
40368 1
40377 1
40379 1
40380 1
40383 1
40386 1
40392 1
40398 1
40406 1
40413 1
40415 1
40424 1
40431 1
40432 1
40440 1
40443 1
40445 1
40452 1
40455 1
40457 1
40462 1
40464 1
40469 1
40474 1
40475 1
40484 1
40490 1
40496 1
40502 1
40508 1
40510 1
40518 1
40525 1
40532 1
40533 1
40541 1
40547 1
40551 1
40557 1
40561 1
40563 1
40565 1
40567 1
40572 1
40581 1
40583 1
40592 1
40594 1
40595 1
40601 1
40608 1
40615 1
40621 1
40630 1
40635 1
40644 1
40653 1
40658 1
40667 1
40674 1
40683 1
40692 1
40693 1
40696 1
40702 1
40705 1
40710 1
40718 1
40724 1
40728 1
40730 1
40737 1
40745 1
40753 1
40757 1
40761 1
40767 1
40774 1
40778 1
40786 1
40790 1
40796 1
40798 1
40799 1
40804 1
40810 1
40812 1
40818 1
40821 1
40822 1
40823 1
40832 1
40840 1
40847 1
40855 1
40856 1
40860 1
40868 1
40874 1
40875 1
40879 1
40887 1
40892 1
40894 1
40900 1
40908 1
40909 1
40918 1
40926 1
40932 1
40941 1
40948 1
40949 1
40957 1
40961 1
40970 1
40978 1
40983 1
40987 1
40988 1
40995 1
41000 1
41004 1
41013 1
41016 1
41020 1
41029 1
41030 1
41036 1
41039 1
41042 1
41050 1
41052 1
41060 1
41067 1
41071 1
41075 1
41079 1
41086 1
41089 1
41091 1
41093 1
41098 1
41107 1
41111 1
41118 1
41120 1
41122 1
41130 1
41133 1
41142 1
41147 1
41156 1
41160 1
41164 1
41167 1
41168 1
41176 1
41179 1
41185 1
41186 1
41192 1
41197 1
41200 1
41208 1
41209 1
41212 1
41217 1
41224 1
41227 1
41228 1
41230 1
41232 1
41239 1
41246 1
41250 1
41258 1
41266 1
41272 1
41280 1
41281 1
41287 1
41296 1
41301 1
41306 1
41313 1
41322 1
41329 1
41333 1
41335 1
41337 1
41342 1
41345 1
41350 1
41358 1
41362 1
41370 1
41371 1
41380 1
41385 1
41390 1
41397 1
41402 1
41407 1
41413 1
41421 1
41425 1
41428 1
41434 1
41441 1
41442 1
41449 1
41457 1
41459 1
41468 1
41475 1
41478 1
41479 1
41485 1
41491 1
41495 1
41504 1
41508 1
41516 1
41522 1
41527 1
41528 1
41535 1
41543 1
41548 1
41553 1
41562 1
41564 1
41567 1
41572 1
41573 1
41581 1
41589 1
41597 1
41603 1
41609 1
41611 1
41613 1
41620 1
41623 1
41628 1
41636 1
41643 1
41646 1
41655 1
41664 1
41671 1
41676 1
41677 1
41683 1
41689 1
41690 1
41693 1
41698 1
41705 1
41712 1
41719 1
41727 1
41729 1
41736 1
41745 1
41751 1
41756 1
41760 1
41765 1
41769 1
41774 1
41777 1
41785 1
41790 1
41797 1
41800 1
41803 1
41808 1
41816 1
41824 1
41827 1
41834 1
41840 1
41849 1
41850 1
41857 1
41863 1
41868 1
41871 1
41880 1
41882 1
41886 1
41895 1
41903 1
41910 1
41919 1
41924 1
41928 1
41929 1
41931 1
41932 1
41940 1
41949 1
41953 1
41954 1
41958 1
41964 1
41969 1
41971 1
41977 1
41981 1
41989 1
41993 1
41995 1
41997 1
42002 1
42003 1
42004 1
42005 1
42014 1
42021 1
42024 1
42032 1
42035 1
42043 1
42045 1
42047 1
42053 1
42058 1
42067 1
42070 1
42072 1
42077 1
42086 1
42087 1
42096 1
42097 1
42106 1
42107 1
42115 1
42119 1
42123 1
42126 1
42133 1
42135 1
42143 1
42147 1
42156 1
42158 1
42160 1
42163 1
42165 1
42172 1
42181 1
42184 1
42190 1
42198 1
42206 1
42207 1
42211 1
42214 1
42221 1
42224 1
42228 1
42234 1
42235 1
42238 1
42242 1
42245 1
42249 1
42254 1
42262 1
42264 1
42272 1
42275 1
42279 1
42286 1
42287 1
42291 1
42299 1
42304 1
42306 1
42315 1
42317 1
42319 1
42322 1
42329 1
42335 1
42337 1
42338 1
42339 1
42342 1
42347 1
42348 1
42350 1
42354 1
42356 1
42364 1
42366 1
42367 1
42370 1
42376 1
42383 1
42392 1
42397 1
42405 1
42409 1
42416 1
42417 1
42419 1
42421 1
42423 1
42424 1
42426 1
42432 1
42433 1
42435 1
42442 1
42444 1
42449 1
42454 1
42463 1
42466 1
42473 1
42476 1
42484 1
42491 1
42494 1
42497 1
42498 1
42503 1
42505 1
42514 1
42523 1
42532 1
42535 1
42536 1
42545 1
42552 1
42561 1
42565 1
42572 1
42575 1
42577 1
42586 1
42594 1
42601 1
42607 1
42616 1
42618 1
42621 1
42623 1
42631 1
42635 1
42643 1
42645 1
42648 1
42657 1
42665 1
42669 1
42671 1
42674 1
42681 1
42690 1
42696 1
42697 1
42705 1
42714 1
42718 1
42721 1
42726 1
42729 1
42736 1
42739 1
42746 1
42752 1
42753 1
42756 1
42759 1
42764 1
42767 1
42770 1
42771 1
42773 1
42782 1
42783 1
42790 1
42792 1
42800 1
42801 1
42807 1
42809 1
42814 1
42823 1
42828 1
42835 1
42838 1
42840 1
42841 1
42844 1
42849 1
42850 1
42854 1
42856 1
42860 1
42866 1
42869 1
42876 1
42880 1
42883 1
42888 1
42895 1
42899 1
42904 1
42906 1
42914 1
42917 1
42920 1
42925 1
42932 1
42941 1
42949 1
42958 1
42966 1
42969 1
42972 1
42981 1
42984 1
42992 1
42995 1
43004 1
43009 1
43018 1
43025 1
43028 1
43031 1
43033 1
43041 1
43045 1
43046 1
43047 1
43049 1
43056 1
43062 1
43064 1
43065 1
43066 1
43072 1
43076 1
43083 1
43089 1
43098 1
43104 1
43106 1
43107 1
43112 1
43114 1
43123 1
43129 1
43135 1
43141 1
43143 1
43150 1
43156 1
43162 1
43166 1
43167 1
43173 1
43176 1
43183 1
43190 1
43192 1
43199 1
43208 1
43215 1
43216 1
43218 1
43221 1
43223 1
43227 1
43235 1
43237 1
43245 1
43246 1
43255 1
43256 1
43258 1
43260 1
43264 1
43265 1
43267 1
43268 1
43272 1
43276 1
43281 1
43285 1
43289 1
43296 1
43297 1
43306 1
43314 1
43319 1
43320 1
43321 1
43325 1
43327 1
43332 1
43333 1
43336 1
43344 1
43352 1
43361 1
43363 1
43370 1
43376 1
43382 1
43390 1
43395 1
43401 1
43407 1
43413 1
43422 1
43423 1
43427 1
43434 1
43437 1
43440 1
43448 1
43451 1
43453 1
43455 1
43460 1
43463 1
43468 1
43469 1
43470 1
43471 1
43473 1
43476 1
43477 1
43479 1
43486 1
43489 1
43492 1
43501 1
43505 1
43507 1
43510 1
43512 1
43517 1
43521 1
43530 1
43537 1
43538 1
43544 1
43546 1
43553 1
43557 1
43563 1
43570 1
43579 1
43586 1
43594 1
43601 1
43610 1
43616 1
43625 1
43630 1
43636 1
43641 1
43647 1
43648 1
43655 1
43659 1
43665 1
43669 1
43678 1
43685 1
43686 1
43690 1
43698 1
43707 1
43715 1
43723 1
43724 1
43726 1
43730 1
43739 1
43746 1
43747 1
43753 1
43761 1
43764 1
43771 1
43776 1
43781 1
43787 1
43789 1
43794 1
43798 1
43801 1
43804 1
43808 1
43811 1
43814 1
43823 1
43824 1
43826 1
43833 1
43836 1
43844 1
43851 1
43858 1
43861 1
43869 1
43873 1
43881 1
43884 1
43892 1
43900 1
43904 1
43913 1
43914 1
43917 1
43918 1
43919 1
43925 1
43931 1
43940 1
43948 1
43953 1
43957 1
43958 1
43961 1
43968 1
43972 1
43975 1
43984 1
43991 1
43993 1
43998 1
44005 1
44010 1
44014 1
44023 1
44026 1
44030 1
44039 1
44047 1
44054 1
44060 1
44067 1
44071 1
44078 1
44082 1
44087 1
44091 1
44092 1
44097 1
44100 1
44105 1
44108 1
44115 1
44118 1
44127 1
44130 1
44133 1
44136 1
44142 1
44150 1
44155 1
44164 1
44167 1
44169 1
44174 1
44181 1
44183 1
44187 1
44196 1
44201 1
44204 1
44210 1
44213 1
44222 1
44227 1
44236 1
44237 1
44240 1
44247 1
44248 1
44254 1
44258 1
44267 1
44268 1
44274 1
44283 1
44284 1
44288 1
44290 1
44296 1
44305 1
44312 1
44321 1
44326 1
44328 1
44332 1
44336 1
44344 1
44346 1
44349 1
44350 1
44356 1
44361 1
44367 1
44375 1
44378 1
44384 1
44386 1
44387 1
44389 1
44391 1
44393 1
44395 1
44400 1
44405 1
44408 1
44409 1
44418 1
44422 1
44425 1
44428 1
44430 1
44438 1
44442 1
44443 1
44451 1
44457 1
44465 1
44467 1
44471 1
44480 1
44486 1
44493 1
44496 1
44498 1
44504 1
44506 1
44507 1
44514 1
44521 1
44526 1
44531 1
44536 1
44539 1
44544 1
44550 1
44551 1
44556 1
44559 1
44563 1
44567 1
44568 1
44573 1
44577 1
44583 1
44587 1
44590 1
44598 1
44602 1
44608 1
44609 1
44610 1
44614 1
44621 1
44628 1
44635 1
44640 1
44649 1
44656 1
44665 1
44672 1
44673 1
44681 1
44687 1
44688 1
44692 1
44694 1
44703 1
44709 1
44717 1
44726 1
44735 1
44744 1
44746 1
44748 1
44750 1
44752 1
44761 1
44768 1
44774 1
44777 1
44780 1
44788 1
44794 1
44795 1
44803 1
44808 1
44815 1
44816 1
44820 1
44828 1
44829 1
44836 1
44844 1
44845 1
44852 1
44853 1
44862 1
44865 1
44870 1
44878 1
44879 1
44885 1
44892 1
44894 1
44903 1
44908 1
44911 1
44912 1
44921 1
44925 1
44927 1
44932 1
44940 1
44948 1
44949 1
44954 1
44959 1
44968 1
44974 1
44982 1
44989 1
44992 1
44994 1
45001 1
45004 1
45011 1
45013 1
45020 1
45028 1
45036 1
45043 1
45044 1
45048 1
45056 1
45059 1
45068 1
45073 1
45078 1
45083 1
45084 1
45088 1
45092 1
45095 1
45096 1
45100 1
45106 1
45110 1
45113 1
45119 1
45127 1
45130 1
45134 1
45136 1
45137 1
45141 1
45144 1
45149 1
45150 1
45152 1
45159 1
45165 1
45166 1
45170 1
45173 1
45181 1
45189 1
45197 1
45200 1
45204 1
45210 1
45212 1
45217 1
45223 1
45227 1
45235 1
45237 1
45243 1
45246 1
45250 1
45253 1
45256 1
45260 1
45266 1
45270 1
45272 1
45277 1
45284 1
45287 1
45290 1
45293 1
45299 1
45302 1
45310 1
45314 1
45317 1
45324 1
45325 1
45326 1
45330 1
45331 1
45336 1
45342 1
45345 1
45349 1
45355 1
45359 1
45362 1
45370 1
45373 1
45376 1
45381 1
45389 1
45393 1
45401 1
45406 1
45411 1
45413 1
45417 1
45426 1
45435 1
45437 1
45442 1
45448 1
45453 1
45456 1
45459 1
45462 1
45468 1
45477 1
45478 1
45487 1
45488 1
45495 1
45502 1
45510 1
45514 1
45523 1
45525 1
45527 1
45535 1
45544 1
45545 1
45546 1
45547 1
45552 1
45561 1
45569 1
45574 1
45576 1
45577 1
45581 1
45585 1
45591 1
45594 1
45602 1
45611 1
45613 1
45614 1
45623 1
45628 1
45629 1
45630 1
45634 1
45638 1
45639 1
45641 1
45649 1
45656 1
45665 1
45669 1
45673 1
45679 1
45687 1
45689 1
45692 1
45698 1
45699 1
45703 1
45707 1
45708 1
45709 1
45716 1
45723 1
45725 1
45728 1
45737 1
45746 1
45753 1
45759 1
45763 1
45764 1
45766 1
45773 1
45781 1
45782 1
45785 1
45790 1
45796 1
45798 1
45806 1
45809 1
45814 1
45823 1
45826 1
45833 1
45836 1
45841 1
45846 1
45855 1
45862 1
45867 1
45870 1
45876 1
45882 1
45890 1
45894 1
45902 1
45907 1
45913 1
45915 1
45916 1
45918 1
45924 1
45927 1
45936 1
45944 1
45948 1
45950 1
45957 1
45964 1
45966 1
45972 1
45973 1
45980 1
45988 1
45991 1
45999 1
46000 1
46009 1
46014 1
46022 1
46025 1
46026 1
46028 1
46033 1
46040 1
46048 1
46050 1
46058 1
46061 1
46070 1
46079 1
46080 1
46088 1
46090 1
46095 1
46097 1
46104 1
46107 1
46111 1
46120 1
46128 1
46129 1
46130 1
46133 1
46136 1
46140 1
46146 1
46152 1
46158 1
46166 1
46168 1
46174 1
46181 1
46188 1
46191 1
46195 1
46200 1
46206 1
46213 1
46221 1
46229 1
46230 1
46232 1
46239 1
46245 1
46251 1
46260 1
46268 1
46270 1
46273 1
46276 1
46284 1
46288 1
46289 1
46291 1
46300 1
46308 1
46316 1
46319 1
46321 1
46328 1
46330 1
46332 1
46341 1
46343 1
46351 1
46359 1
46368 1
46374 1
46383 1
46387 1
46392 1
46397 1
46404 1
46411 1
46412 1
46420 1
46423 1
46427 1
46428 1
46437 1
46439 1
46448 1
46449 1
46450 1
46455 1
46462 1
46469 1
46473 1
46482 1
46491 1
46500 1
46501 1
46504 1
46506 1
46514 1
46516 1
46519 1
46524 1
46531 1
46536 1
46538 1
46539 1
46544 1
46553 1
46561 1
46567 1
46572 1
46580 1
46585 1
46591 1
46593 1
46599 1
46608 1
46613 1
46618 1
46623 1
46627 1
46630 1
46639 1
46646 1
46654 1
46662 1
46668 1
46674 1
46678 1
46680 1
46681 1
46690 1
46697 1
46703 1
46709 1
46718 1
46726 1
46727 1
46733 1
46741 1
46743 1
46745 1
46749 1
46753 1
46755 1
46760 1
46768 1
46774 1
46780 1
46781 1
46790 1
46793 1
46802 1
46808 1
46809 1
46816 1
46824 1
46827 1
46829 1
46835 1
46839 1
46845 1
46851 1
46853 1
46859 1
46866 1
46870 1
46879 1
46881 1
46888 1
46896 1
46899 1
46904 1
46908 1
46910 1
46916 1
46920 1
46924 1
46933 1
46934 1
46935 1
46942 1
46943 1
46952 1
46958 1
46960 1
46961 1
46962 1
46967 1
46974 1
46982 1
46983 1
46985 1
46987 1
46988 1
46994 1
47000 1
47003 1
47004 1
47008 1
47014 1
47020 1
47024 1
47033 1
47037 1
47039 1
47042 1
47047 1
47056 1
47057 1
47061 1
47069 1
47074 1
47083 1
47087 1
47095 1
47100 1
47106 1
47111 1
47116 1
47117 1
47122 1
47130 1
47138 1
47147 1
47151 1
47154 1
47163 1
47169 1
47172 1
47176 1
47177 1
47181 1
47182 1
47190 1
47195 1
47197 1
47200 1
47202 1
47210 1
47215 1
47216 1
47225 1
47234 1
47243 1
47250 1
47256 1
47259 1
47260 1
47268 1
47272 1
47278 1
47283 1
47286 1
47295 1
47303 1
47306 1
47310 1
47315 1
47318 1
47321 1
47329 1
47333 1
47337 1
47342 1
47348 1
47350 1
47352 1
47355 1
47363 1
47370 1
47371 1
47380 1
47386 1
47387 1
47391 1
47393 1
47395 1
47404 1
47412 1
47414 1
47419 1
47426 1
47428 1
47434 1
47441 1
47443 1
47450 1
47458 1
47461 1
47470 1
47478 1
47487 1
47494 1
47499 1
47506 1
47509 1
47515 1
47519 1
47525 1
47526 1
47531 1
47537 1
47539 1
47542 1
47544 1
47551 1
47552 1
47555 1
47562 1
47566 1
47568 1
47575 1
47582 1
47589 1
47598 1
47602 1
47610 1
47617 1
47624 1
47626 1
47632 1
47640 1
47646 1
47653 1
47659 1
47663 1
47671 1
47678 1
47680 1
47684 1
47686 1
47692 1
47693 1
47698 1
47706 1
47715 1
47722 1
47723 1
47727 1
47733 1
47740 1
47742 1
47743 1
47747 1
47753 1
47757 1
47763 1
47766 1
47771 1
47780 1
47781 1
47785 1
47788 1
47792 1
47793 1
47799 1
47800 1
47802 1
47810 1
47811 1
47816 1
47817 1
47820 1
47823 1
47826 1
47829 1
47831 1
47835 1
47844 1
47846 1
47847 1
47851 1
47857 1
47859 1
47860 1
47869 1
47878 1
47881 1
47882 1
47889 1
47898 1
47904 1
47913 1
47919 1
47925 1
47932 1
47939 1
47946 1
47949 1
47956 1
47964 1
47965 1
47968 1
47975 1
47979 1
47981 1
47985 1
47994 1
47996 1
48003 1
48005 1
48011 1
48018 1
48023 1
48030 1
48036 1
48037 1
48038 1
48043 1
48045 1
48050 1
48051 1
48059 1
48064 1
48069 1
48076 1
48080 1
48083 1
48086 1
48094 1
48098 1
48102 1
48105 1
48111 1
48118 1
48127 1
48130 1
48137 1
48141 1
48143 1
48144 1
48150 1
48158 1
48163 1
48169 1
48174 1
48183 1
48187 1
48195 1
48200 1
48207 1
48211 1
48216 1
48220 1
48229 1
48238 1
48244 1
48249 1
48258 1
48261 1
48267 1
48276 1
48277 1
48286 1
48293 1
48297 1
48306 1
48315 1
48320 1
48327 1
48336 1
48337 1
48342 1
48351 1
48357 1
48360 1
48364 1
48370 1
48374 1
48382 1
48388 1
48391 1
48398 1
48400 1
48405 1
48414 1
48421 1
48430 1
48434 1
48443 1
48447 1
48448 1
48451 1
48456 1
48457 1
48465 1
48471 1
48475 1
48478 1
48482 1
48488 1
48490 1
48498 1
48505 1
48512 1
48518 1
48526 1
48530 1
48533 1
48537 1
48540 1
48547 1
48555 1
48557 1
48566 1
48574 1
48578 1
48586 1
48590 1
48595 1
48598 1
48599 1
48601 1
48607 1
48610 1
48613 1
48620 1
48623 1
48627 1
48631 1
48633 1
48640 1
48647 1
48655 1
48662 1
48668 1
48673 1
48677 1
48684 1
48693 1
48698 1
48702 1
48703 1
48707 1
48710 1
48717 1
48720 1
48723 1
48724 1
48727 1
48731 1
48740 1
48746 1
48750 1
48753 1
48759 1
48765 1
48772 1
48778 1
48787 1
48796 1
48803 1
48805 1
48811 1
48815 1
48816 1
48821 1
48823 1
48831 1
48832 1
48841 1
48845 1
48853 1
48856 1
48859 1
48865 1
48869 1
48876 1
48878 1
48886 1
48887 1
48890 1
48892 1
48893 1
48897 1
48901 1
48903 1
48907 1
48912 1
48921 1
48925 1
48930 1
48932 1
48939 1
48943 1
48949 1
48955 1
48956 1
48962 1
48971 1
48980 1
48983 1
48992 1
48996 1
49002 1
49011 1
49016 1
49024 1
49027 1
49030 1
49036 1
49041 1
49046 1
49054 1
49056 1
49062 1
49064 1
49067 1
49071 1
49078 1
49082 1
49090 1
49095 1
49101 1
49108 1
49111 1
49113 1
49116 1
49118 1
49127 1
49135 1
49138 1
49143 1
49147 1
49152 1
49159 1
49161 1
49168 1
49171 1
49176 1
49185 1
49186 1
49195 1
49199 1
49204 1
49212 1
49220 1
49225 1
49233 1
49240 1
49246 1
49255 1
49264 1
49270 1
49275 1
49276 1
49284 1
49290 1
49293 1
49302 1
49309 1
49315 1
49320 1
49328 1
49329 1
49336 1
49345 1
49350 1
49358 1
49364 1
49366 1
49374 1
49383 1
49392 1
49399 1
49405 1
49407 1
49409 1
49418 1
49421 1
49428 1
49434 1
49441 1
49444 1
49453 1
49461 1
49469 1
49471 1
49476 1
49479 1
49483 1
49489 1
49492 1
49497 1
49501 1
49510 1
49511 1
49513 1
49517 1
49522 1
49531 1
49540 1
49547 1
49554 1
49562 1
49566 1
49572 1
49576 1
49581 1
49583 1
49588 1
49590 1
49596 1
49599 1
49600 1
49602 1
49605 1
49606 1
49611 1
49613 1
49621 1
49623 1
49628 1
49630 1
49639 1
49648 1
49650 1
49653 1
49659 1
49663 1
49666 1
49668 1
49671 1
49679 1
49688 1
49697 1
49704 1
49713 1
49715 1
49724 1
49732 1
49734 1
49743 1
49751 1
49755 1
49757 1
49763 1
49766 1
49769 1
49772 1
49780 1
49784 1
49789 1
49796 1
49805 1
49808 1
49812 1
49814 1
49823 1
49827 1
49829 1
49831 1
49833 1
49838 1
49839 1
49843 1
49845 1
49850 1
49858 1
49859 1
49861 1
49863 1
49871 1
49873 1
49877 1
49880 1
49887 1
49894 1
49895 1
49901 1
49908 1
49913 1
49915 1
49924 1
49930 1
49932 1
49938 1
49946 1
49949 1
49956 1
49958 1
49964 1
49965 1
49968 1
49972 1
49974 1
49978 1
49979 1
49980 1
49985 1
49986 1
49989 1
49996 1
49998 1
50001 1
50005 1
50014 1
