10000
7 1
8 0
16 1
21 1
28 1
34 1
41 1
47 1
50 1
54 1
59 1
62 1
66 1
74 1
77 1
83 1
86 1
90 1
94 1
101 1
104 1
110 1
116 1
118 1
126 1
135 1
143 1
152 1
155 1
160 1
168 1
177 1
181 1
189 1
191 1
200 1
206 1
214 1
216 1
222 1
223 1
228 1
233 1
235 1
239 1
247 1
252 1
253 1
259 1
264 1
265 1
271 1
277 1
278 1
287 1
292 1
301 1
303 1
312 1
317 1
319 1
321 1
330 1
334 1
342 1
350 1
357 1
365 1
372 1
374 1
377 1
382 1
384 1
387 1
388 1
393 1
396 1
402 1
411 1
415 1
424 1
428 1
434 1
435 1
444 1
447 1
453 1
459 1
463 1
464 1
473 1
480 1
482 1
484 1
493 1
495 1
499 1
504 1
506 1
507 1
513 1
522 1
524 1
526 1
532 1
539 1
548 1
554 1
560 1
562 1
567 1
576 1
577 1
582 1
591 1
594 1
595 1
597 1
601 1
602 1
603 1
608 1
609 1
610 1
619 1
621 1
628 1
629 1
636 1
644 1
649 1
657 1
662 1
666 1
671 1
674 1
675 1
683 1
684 1
686 1
690 1
698 1
699 1
700 1
706 1
709 1
710 1
712 1
715 1
721 1
726 1
735 1
738 1
744 1
745 1
747 1
753 1
758 1
763 1
772 1
779 1
787 1
794 1
801 1
806 1
814 1
823 1
827 1
829 1
830 1
836 1
837 1
843 1
851 1
854 1
863 1
868 1
871 1
874 1
881 1
885 1
889 1
892 1
893 1
894 1
895 1
900 1
905 1
910 1
916 1
920 1
926 1
932 1
941 1
944 1
945 1
952 1
961 1
970 1
976 1
982 1
989 1
992 1
998 1
1001 1
1004 1
1013 1
1020 1
1022 1
1030 1
1037 1
1043 1
1045 1
1053 1
1054 1
1063 1
1064 1
1072 1
1075 1
1077 1
1085 1
1091 1
1098 1
1105 1
1112 1
1116 1
1117 1
1121 1
1130 1
1139 1
1146 1
1152 1
1154 1
1163 1
1169 1
1174 1
1183 1
1192 1
1195 1
1198 1
1207 1
1212 1
1218 1
1222 1
1228 1
1231 1
1234 1
1235 1
1236 1
1245 1
1250 1
1259 1
1266 1
1274 1
1281 1
1290 1
1294 1
1296 1
1301 1
1309 1
1315 1
1317 1
1326 1
1331 1
1340 1
1344 1
1352 1
1361 1
1362 1
1364 1
1370 1
1373 1
1376 1
1377 1
1383 1
1387 1
1391 1
1394 1
1396 1
1397 1
1400 1
1404 1
1410 1
1419 1
1427 1
1428 1
1432 1
1437 1
1446 1
1448 1
1450 1
1451 1
1457 1
1463 1
1466 1
1474 1
1481 1
1486 1
1491 1
1497 1
1500 1
1503 1
1511 1
1520 1
1525 1
1531 1
1536 1
1538 1
1546 1
1551 1
1554 1
1556 1
1564 1
1567 1
1576 1
1581 1
1585 1
1590 1
1596 1
1602 1
1604 1
1606 1
1612 1
1618 1
1627 1
1633 1
1638 1
1639 1
1641 1
1644 1
1645 1
1654 1
1658 1
1663 1
1666 1
1672 1
1675 1
1683 1
1689 1
1693 1
1695 1
1699 1
1706 1
1712 1
1713 1
1716 1
1722 1
1731 1
1734 1
1739 1
1742 1
1750 1
1755 1
1762 1
1768 1
1774 1
1775 1
1784 1
1790 1
1798 1
1803 1
1805 1
1812 1
1820 1
1824 1
1827 1
1834 1
1840 1
1842 1
1849 1
1852 1
1859 1
1860 1
1868 1
1875 1
1879 1
1887 1
1890 1
1893 1
1897 1
1903 1
1910 1
1913 1
1921 1
1930 1
1935 1
1940 1
1948 1
1955 1
1960 1
1963 1
1968 1
1974 1
1981 1
1986 1
1991 1
1994 1
2000 1
2002 1
2004 1
2005 1
2008 1
2014 1
2016 1
2024 1
2026 1
2035 1
2036 1
2043 1
2049 1
2051 1
2060 1
2067 1
2070 1
2071 1
2072 1
2078 1
2082 1
2088 1
2093 1
2094 1
2099 1
2106 1
2109 1
2118 1
2120 1
2123 1
2131 1
2140 1
2146 1
2154 1
2159 1
2162 1
2168 1
2174 1
2183 1
2191 1
2193 1
2199 1
2205 1
2208 1
2214 1
2219 1
2220 1
2229 1
2231 1
2235 1
2239 1
2245 1
2250 1
2251 1
2256 1
2258 1
2262 1
2263 1
2267 1
2273 1
2278 1
2285 1
2291 1
2296 1
2305 1
2308 1
2313 1
2318 1
2319 1
2321 1
2328 1
2336 1
2339 1
2342 1
2351 1
2353 1
2355 1
2358 1
2360 1
2369 1
2378 1
2385 1
2387 1
2392 1
2398 1
2407 1
2409 1
2411 1
2414 1
2423 1
2431 1
2433 1
2440 1
2449 1
2453 1
2462 1
2467 1
2475 1
2477 1
2482 1
2486 1
2494 1
2497 1
2498 1
2501 1
2508 1
2514 1
2519 1
2527 1
2534 1
2540 1
2544 1
2549 1
2552 1
2561 1
2570 1
2572 1
2579 1
2588 1
2589 1
2592 1
2600 1
2606 1
2609 1
2614 1
2618 1
2619 1
2621 1
2630 1
2635 1
2637 1
2638 1
2644 1
2653 1
2655 1
2664 1
2671 1
2679 1
2687 1
2696 1
2698 1
2699 1
2706 1
2708 1
2712 1
2716 1
2718 1
2723 1
2726 1
2728 1
2729 1
2732 1
2737 1
2740 1
2745 1
2747 1
2748 1
2752 1
2755 1
2762 1
2769 1
2777 1
2781 1
2782 1
2785 1
2790 1
2798 1
2802 1
2808 1
2813 1
2821 1
2824 1
2831 1
2839 1
2841 1
2843 1
2848 1
2856 1
2859 1
2866 1
2870 1
2872 1
2874 1
2880 1
2884 1
2885 1
2887 1
2891 1
2898 1
2907 1
2909 1
2914 1
2920 1
2923 1
2929 1
2936 1
2943 1
2945 1
2951 1
2953 1
2958 1
2967 1
2974 1
2975 1
2978 1
2982 1
2984 1
2992 1
2993 1
2995 1
3003 1
3012 1
3021 1
3026 1
3033 1
3037 1
3039 1
3047 1
3048 1
3051 1
3060 1
3069 1
3072 1
3075 1
3080 1
3089 1
3090 1
3094 1
3103 1
3107 1
3108 1
3109 1
3111 1
3116 1
3120 1
3124 1
3130 1
3133 1
3137 1
3139 1
3146 1
3147 1
3151 1
3153 1
3158 1
3162 1
3165 1
3171 1
3179 1
3182 1
3189 1
3198 1
3199 1
3202 1
3207 1
3208 1
3209 1
3214 1
3216 1
3223 1
3224 1
3233 1
3241 1
3242 1
3247 1
3254 1
3255 1
3264 1
3270 1
3275 1
3278 1
3280 1
3287 1
3296 1
3302 1
3310 1
3316 1
3324 1
3327 1
3335 1
3336 1
3338 1
3340 1
3347 1
3353 1
3359 1
3361 1
3364 1
3372 1
3379 1
3380 1
3389 1
3394 1
3403 1
3409 1
3411 1
3413 1
3418 1
3423 1
3432 1
3435 1
3443 1
3445 1
3454 1
3458 1
3459 1
3467 1
3468 1
3472 1
3477 1
3484 1
3488 1
3492 1
3500 1
3509 1
3518 1
3522 1
3531 1
3535 1
3543 1
3551 1
3557 1
3561 1
3563 1
3570 1
3572 1
3581 1
3586 1
3590 1
3594 1
3600 1
3607 1
3612 1
3613 1
3619 1
3627 1
3631 1
3639 1
3642 1
3649 1
3657 1
3663 1
3664 1
3666 1
3670 1
3676 1
3679 1
3682 1
3691 1
3692 1
3696 1
3698 1
3699 1
3703 1
3707 1
3712 1
3721 1
3726 1
3729 1
3737 1
3744 1
3753 1
3756 1
3764 1
3768 1
3772 1
3778 1
3782 1
3783 1
3792 1
3800 1
3803 1
3808 1
3813 1
3816 1
3821 1
3829 1
3832 1
3834 1
3835 1
3838 1
3845 1
3846 1
3847 1
3856 1
3857 1
3862 1
3864 1
3871 1
3879 1
3887 1
3892 1
3895 1
3902 1
3904 1
3910 1
3917 1
3926 1
3930 1
3938 1
3944 1
3951 1
3957 1
3965 1
3966 1
3975 1
3976 1
3983 1
3990 1
3992 1
3999 1
4005 1
4007 1
4014 1
4023 1
4028 1
4034 1
4039 1
4040 1
4041 1
4046 1
4050 1
4056 1
4058 1
4063 1
4065 1
4067 1
4070 1
4077 1
4078 1
4086 1
4087 1
4093 1
4101 1
4107 1
4112 1
4115 1
4122 1
4124 1
4132 1
4135 1
4141 1
4144 1
4151 1
4156 1
4165 1
4171 1
4179 1
4181 1
4186 1
4190 1
4191 1
4195 1
4202 1
4207 1
4214 1
4217 1
4226 1
4227 1
4234 1
4238 1
4242 1
4244 1
4246 1
4255 1
4260 1
4262 1
4268 1
4277 1
4280 1
4288 1
4294 1
4296 1
4301 1
4305 1
4312 1
4314 1
4318 1
4319 1
4320 1
4322 1
4326 1
4330 1
4331 1
4333 1
4341 1
4344 1
4353 1
4358 1
4363 1
4370 1
4372 1
4381 1
4382 1
4388 1
4396 1
4400 1
4408 1
4414 1
4416 1
4422 1
4424 1
4433 1
4438 1
4446 1
4450 1
4458 1
4467 1
4474 1
4482 1
4490 1
4492 1
4494 1
4495 1
4504 1
4505 1
4510 1
4514 1
4521 1
4526 1
4532 1
4538 1
4544 1
4551 1
4557 1
4560 1
4564 1
4572 1
4578 1
4579 1
4583 1
4585 1
4586 1
4588 1
4592 1
4598 1
4602 1
4605 1
4612 1
4620 1
4625 1
4627 1
4632 1
4633 1
4641 1
4644 1
4648 1
4650 1
4654 1
4657 1
4661 1
4667 1
4674 1
4681 1
4682 1
4688 1
4695 1
4698 1
4702 1
4704 1
4707 1
4708 1
4713 1
4720 1
4729 1
4737 1
4738 1
4740 1
4749 1
4754 1
4763 1
4769 1
4772 1
4779 1
4784 1
4787 1
4793 1
4797 1
4800 1
4801 1
4805 1
4814 1
4819 1
4826 1
4831 1
4839 1
4847 1
4854 1
4858 1
4863 1
4868 1
4873 1
4875 1
4878 1
4882 1
4885 1
4888 1
4897 1
4903 1
4910 1
4918 1
4923 1
4926 1
4933 1
4940 1
4944 1
4950 1
4953 1
4961 1
4967 1
4969 1
4972 1
4980 1
4988 1
4991 1
4993 1
4999 1
5005 1
5007 1
5016 1
5020 1
5026 1
5030 1
5035 1
5042 1
5046 1
5054 1
5063 1
5067 1
5073 1
5080 1
5083 1
5084 1
5085 1
5090 1
5098 1
5104 1
5105 1
5112 1
5117 1
5124 1
5133 1
5137 1
5140 1
5146 1
5147 1
5151 1
5160 1
5166 1
5174 1
5181 1
5188 1
5195 1
5204 1
5213 1
5218 1
5225 1
5231 1
5237 1
5241 1
5248 1
5249 1
5257 1
5259 1
5265 1
5274 1
5276 1
5277 1
5278 1
5282 1
5285 1
5290 1
5295 1
5301 1
5303 1
5311 1
5320 1
5327 1
5331 1
5337 1
5346 1
5348 1
5355 1
5364 1
5370 1
5373 1
5378 1
5380 1
5385 1
5390 1
5395 1
5403 1
5404 1
5408 1
5413 1
5417 1
5420 1
5428 1
5436 1
5440 1
5444 1
5449 1
5454 1
5459 1
5462 1
5463 1
5466 1
5469 1
5474 1
5481 1
5482 1
5483 1
5490 1
5496 1
5500 1
5506 1
5512 1
5519 1
5525 1
5528 1
5535 1
5540 1
5547 1
5551 1
5560 1
5568 1
5573 1
5578 1
5580 1
5586 1
5591 1
5593 1
5597 1
5600 1
5601 1
5602 1
5606 1
5607 1
5612 1
5621 1
5627 1
5628 1
5636 1
5641 1
5642 1
5650 1
5654 1
5659 1
5666 1
5667 1
5670 1
5679 1
5686 1
5690 1
5694 1
5701 1
5710 1
5716 1
5717 1
5723 1
5727 1
5728 1
5735 1
5740 1
5745 1
5746 1
5748 1
5754 1
5756 1
5761 1
5763 1
5768 1
5776 1
5781 1
5784 1
5793 1
5802 1
5803 1
5808 1
5812 1
5817 1
5821 1
5826 1
5835 1
5841 1
5847 1
5849 1
5853 1
5855 1
5861 1
5870 1
5877 1
5885 1
5890 1
5895 1
5898 1
5900 1
5901 1
5909 1
5914 1
5922 1
5927 1
5936 1
5945 1
5954 1
5959 1
5964 1
5972 1
5976 1
5981 1
5982 1
5991 1
6000 1
6006 1
6007 1
6012 1
6015 1
6022 1
6025 1
6031 1
6038 1
6045 1
6048 1
6049 1
6051 1
6052 1
6059 1
6068 1
6070 1
6076 1
6079 1
6083 1
6092 1
6095 1
6101 1
6109 1
6112 1
6114 1
6115 1
6122 1
6130 1
6132 1
6138 1
6139 1
6148 1
6153 1
6160 1
6168 1
6174 1
6178 1
6180 1
6183 1
6187 1
6192 1
6201 1
6210 1
6215 1
6224 1
6227 1
6234 1
6240 1
6243 1
6247 1
6254 1
6261 1
6267 1
6272 1
6274 1
6283 1
6284 1
6293 1
6296 1
6297 1
6305 1
6306 1
6315 1
6322 1
6328 1
6331 1
6335 1
6341 1
6345 1
6349 1
6355 1
6362 1
6370 1
6377 1
6380 1
6384 1
6388 1
6397 1
6402 1
6407 1
6414 1
6419 1
6424 1
6426 1
6432 1
6439 1
6441 1
6445 1
6452 1
6453 1
6461 1
6462 1
6463 1
6469 1
6476 1
6477 1
6478 1
6480 1
6485 1
6488 1
6491 1
6492 1
6496 1
6504 1
6510 1
6518 1
6520 1
6522 1
6524 1
6526 1
6528 1
6530 1
6535 1
6537 1
6543 1
6551 1
6553 1
6559 1
6560 1
6566 1
6569 1
6574 1
6580 1
6583 1
6591 1
6595 1
6601 1
6602 1
6603 1
6612 1
6613 1
6621 1
6628 1
6637 1
6644 1
6651 1
6652 1
6655 1
6664 1
6667 1
6670 1
6676 1
6684 1
6690 1
6695 1
6699 1
6705 1
6708 1
6712 1
6720 1
6727 1
6734 1
6742 1
6751 1
6760 1
6768 1
6772 1
6777 1
6784 1
6785 1
6789 1
6792 1
6797 1
6801 1
6803 1
6812 1
6816 1
6823 1
6829 1
6836 1
6840 1
6849 1
6858 1
6864 1
6873 1
6874 1
6875 1
6884 1
6892 1
6894 1
6899 1
6902 1
6905 1
6913 1
6922 1
6929 1
6937 1
6944 1
6945 1
6953 1
6960 1
6967 1
6973 1
6978 1
6980 1
6987 1
6988 1
6992 1
6995 1
6996 1
7003 1
7007 1
7013 1
7018 1
7021 1
7024 1
7026 1
7027 1
7029 1
7034 1
7037 1
7043 1
7044 1
7051 1
7053 1
7057 1
7061 1
7064 1
7071 1
7077 1
7082 1
7085 1
7090 1
7095 1
7099 1
7105 1
7108 1
7109 1
7117 1
7122 1
7124 1
7133 1
7134 1
7142 1
7150 1
7153 1
7162 1
7167 1
7173 1
7181 1
7189 1
7193 1
7200 1
7205 1
7206 1
7211 1
7212 1
7218 1
7224 1
7231 1
7238 1
7243 1
7245 1
7253 1
7257 1
7266 1
7270 1
7272 1
7281 1
7286 1
7289 1
7295 1
7304 1
7309 1
7314 1
7322 1
7331 1
7334 1
7343 1
7352 1
7353 1
7354 1
7360 1
7368 1
7377 1
7381 1
7389 1
7398 1
7400 1
7406 1
7414 1
7418 1
7423 1
7432 1
7433 1
7442 1
7444 1
7446 1
7448 1
7455 1
7463 1
7471 1
7474 1
7480 1
7482 1
7487 1
7494 1
7501 1
7504 1
7511 1
7519 1
7527 1
7530 1
7536 1
7543 1
7550 1
7559 1
7563 1
7568 1
7574 1
7577 1
7581 1
7590 1
7597 1
7601 1
7609 1
7615 1
7621 1
7630 1
7635 1
7638 1
7647 1
7653 1
7655 1
7659 1
7663 1
7670 1
7672 1
7676 1
7684 1
7691 1
7700 1
7704 1
7711 1
7716 1
7718 1
7720 1
7721 1
7725 1
7734 1
7737 1
7739 1
7742 1
7748 1
7756 1
7758 1
7765 1
7766 1
7768 1
7773 1
7774 1
7783 1
7791 1
7792 1
7800 1
7806 1
7808 1
7811 1
7814 1
7819 1
7821 1
7824 1
7832 1
7839 1
7841 1
7845 1
7849 1
7854 1
7856 1
7863 1
7869 1
7874 1
7882 1
7889 1
7891 1
7896 1
7898 1
7905 1
7907 1
7909 1
7910 1
7919 1
7925 1
7934 1
7938 1
7941 1
7949 1
7950 1
7957 1
7960 1
7964 1
7968 1
7973 1
7978 1
7986 1
7993 1
7998 1
8001 1
8003 1
8005 1
8012 1
8015 1
8022 1
8025 1
8026 1
8030 1
8039 1
8046 1
8047 1
8053 1
8058 1
8064 1
8067 1
8069 1
8078 1
8081 1
8090 1
8097 1
8100 1
8106 1
8108 1
8110 1
8119 1
8121 1
8130 1
8132 1
8140 1
8141 1
8144 1
8153 1
8160 1
8162 1
8168 1
8176 1
8182 1
8184 1
8191 1
8198 1
8201 1
8208 1
8209 1
8215 1
8222 1
8230 1
8236 1
8237 1
8241 1
8245 1
8250 1
8258 1
8266 1
8273 1
8276 1
8283 1
8287 1
8296 1
8298 1
8304 1
8305 1
8307 1
8308 1
8317 1
8319 1
8328 1
8336 1
8345 1
8351 1
8360 1
8366 1
8369 1
8378 1
8379 1
8384 1
8385 1
8392 1
8399 1
8405 1
8414 1
8419 1
8424 1
8430 1
8433 1
8439 1
8448 1
8456 1
8459 1
8462 1
8469 1
8476 1
8482 1
8489 1
8496 1
8503 1
8507 1
8509 1
8517 1
8521 1
8526 1
8529 1
8533 1
8537 1
8539 1
8546 1
8551 1
8560 1
8561 1
8568 1
8569 1
8571 1
8577 1
8584 1
8593 1
8600 1
8601 1
8608 1
8615 1
8622 1
8626 1
8631 1
8636 1
8641 1
8644 1
8653 1
8659 1
8664 1
8667 1
8675 1
8677 1
8678 1
8682 1
8684 1
8691 1
8695 1
8701 1
8704 1
8705 1
8707 1
8709 1
8714 1
8716 1
8717 1
8722 1
8730 1
8735 1
8740 1
8748 1
8752 1
8758 1
8763 1
8766 1
8771 1
8777 1
8780 1
8782 1
8788 1
8795 1
8797 1
8804 1
8809 1
8815 1
8824 1
8825 1
8828 1
8830 1
8837 1
8841 1
8847 1
8850 1
8853 1
8856 1
8862 1
8867 1
8869 1
8877 1
8885 1
8886 1
8889 1
8890 1
8896 1
8897 1
8899 1
8908 1
8913 1
8917 1
8924 1
8930 1
8931 1
8937 1
8944 1
8946 1
8953 1
8962 1
8970 1
8979 1
8981 1
8988 1
8993 1
8995 1
9004 1
9013 1
9018 1
9027 1
9029 1
9033 1
9035 1
9043 1
9045 1
9049 1
9057 1
9058 1
9059 1
9061 1
9063 1
9065 1
9067 1
9069 1
9077 1
9086 1
9090 1
9092 1
9099 1
9107 1
9115 1
9116 1
9120 1
9125 1
9129 1
9135 1
9137 1
9143 1
9152 1
9156 1
9160 1
9163 1
9171 1
9176 1
9177 1
9180 1
9181 1
9182 1
9185 1
9192 1
9195 1
9198 1
9202 1
9210 1
9213 1
9217 1
9222 1
9224 1
9232 1
9235 1
9241 1
9248 1
9253 1
9255 1
9259 1
9267 1
9271 1
9277 1
9286 1
9289 1
9295 1
9298 1
9299 1
9302 1
9311 1
9316 1
9317 1
9322 1
9326 1
9329 1
9337 1
9341 1
9345 1
9347 1
9355 1
9364 1
9368 1
9370 1
9374 1
9380 1
9385 1
9392 1
9398 1
9402 1
9408 1
9416 1
9422 1
9425 1
9430 1
9438 1
9445 1
9451 1
9456 1
9463 1
9472 1
9479 1
9484 1
9486 1
9495 1
9500 1
9504 1
9508 1
9513 1
9514 1
9521 1
9524 1
9533 1
9538 1
9539 1
9546 1
9550 1
9557 1
9563 1
9567 1
9576 1
9577 1
9583 1
9592 1
9598 1
9600 1
9608 1
9613 1
9617 1
9622 1
9623 1
9628 1
9635 1
9644 1
9650 1
9658 1
9665 1
9672 1
9676 1
9679 1
9685 1
9694 1
9700 1
9701 1
9703 1
9712 1
9714 1
9717 1
9720 1
9728 1
9733 1
9741 1
9745 1
9750 1
9753 1
9761 1
9770 1
9773 1
9774 1
9778 1
9782 1
9791 1
9795 1
9799 1
9803 1
9807 1
9812 1
9814 1
9822 1
9823 1
9830 1
9832 1
9840 1
9845 1
9851 1
9858 1
9860 1
9863 1
9866 1
9870 1
9874 1
9876 1
9881 1
9883 1
9891 1
9897 1
9905 1
9912 1
9915 1
9918 1
9922 1
9926 1
9927 1
9934 1
9943 1
9950 1
9958 1
9963 1
9972 1
9975 1
9980 1
9987 1
9993 1
9998 1
10000 1
10009 1
10017 1
10019 1
10027 1
10029 1
10030 1
10035 1
10039 1
10041 1
10046 1
10055 1
10060 1
10067 1
10074 1
10081 1
10087 1
10095 1
10101 1
10107 1
10110 1
10114 1
10119 1
10126 1
10130 1
10134 1
10137 1
10143 1
10152 1
10159 1
10166 1
10170 1
10174 1
10177 1
10183 1
10190 1
10192 1
10200 1
10209 1
10218 1
10222 1
10223 1
10231 1
10239 1
10243 1
10246 1
10249 1
10252 1
10260 1
10262 1
10267 1
10274 1
10281 1
10290 1
10294 1
10298 1
10303 1
10308 1
10312 1
10313 1
10315 1
10323 1
10325 1
10327 1
10330 1
10334 1
10338 1
10341 1
10346 1
10350 1
10355 1
10358 1
10362 1
10365 1
10371 1
10379 1
10388 1
10396 1
10399 1
10400 1
10405 1
10411 1
10420 1
10424 1
10426 1
10431 1
10436 1
10443 1
10451 1
10456 1
10465 1
10469 1
10470 1
10471 1
10476 1
10483 1
10490 1
10499 1
10506 1
10511 1
10520 1
10529 1
10534 1
10537 1
10538 1
10542 1
10545 1
10552 1
10554 1
10561 1
10565 1
10568 1
10571 1
10575 1
10582 1
10585 1
10586 1
10588 1
10591 1
10593 1
10599 1
10604 1
10610 1
10619 1
10628 1
10630 1
10634 1
10638 1
10647 1
10651 1
10659 1
10662 1
10669 1
10676 1
10683 1
10689 1
10692 1
10699 1
10704 1
10710 1
10719 1
10727 1
10729 1
10730 1
10739 1
10742 1
10751 1
10757 1
10760 1
10763 1
10771 1
10777 1
10781 1
10789 1
10796 1
10804 1
10807 1
10815 1
10823 1
10832 1
10837 1
10843 1
10846 1
10847 1
10856 1
10861 1
10868 1
10874 1
10877 1
10882 1
10889 1
10894 1
10895 1
10897 1
10901 1
10904 1
10905 1
10911 1
10912 1
10916 1
10922 1
10931 1
10936 1
10941 1
10946 1
10953 1
10962 1
10971 1
10974 1
10978 1
10986 1
10994 1
10996 1
11003 1
11009 1
11012 1
11013 1
11018 1
11021 1
11030 1
11037 1
11040 1
11043 1
11049 1
11052 1
11060 1
11061 1
11066 1
11074 1
11080 1
11087 1
11090 1
11092 1
11095 1
11099 1
11103 1
11112 1
11117 1
11118 1
11126 1
11128 1
11134 1
11136 1
11138 1
11142 1
11147 1
11155 1
11163 1
11172 1
11179 1
11188 1
11189 1
11198 1
11206 1
11211 1
11215 1
11223 1
11225 1
11227 1
11231 1
11239 1
11247 1
11253 1
11257 1
11266 1
11267 1
11272 1
11280 1
11281 1
11282 1
11286 1
11290 1
11298 1
11300 1
11302 1
11310 1
11319 1
11322 1
11327 1
11333 1
11342 1
11347 1
11350 1
11353 1
11358 1
11359 1
11366 1
11373 1
11375 1
11381 1
11384 1
11390 1
11391 1
11400 1
11401 1
11410 1
11419 1
11428 1
11431 1
11437 1
11440 1
11441 1
11446 1
11449 1
11453 1
11461 1
11465 1
11470 1
11479 1
11485 1
11487 1
11491 1
11495 1
11500 1
11504 1
11508 1
11516 1
11518 1
11522 1
11525 1
11531 1
11537 1
11539 1
11544 1
11550 1
11558 1
11562 1
11567 1
11570 1
11573 1
11581 1
11587 1
11590 1
11592 1
11595 1
11597 1
11599 1
11600 1
11602 1
11608 1
11617 1
11619 1
11624 1
11633 1
11640 1
11642 1
11643 1
11645 1
11647 1
11653 1
11656 1
11663 1
11669 1
11671 1
11674 1
11682 1
11691 1
11693 1
11701 1
11703 1
11704 1
11706 1
11715 1
11716 1
11719 1
11720 1
11722 1
11725 1
11730 1
11739 1
11747 1
11749 1
11750 1
11751 1
11754 1
11755 1
11760 1
11769 1
11772 1
11781 1
11787 1
11788 1
11797 1
11801 1
11803 1
11811 1
11812 1
11818 1
11821 1
11830 1
11835 1
11837 1
11843 1
11850 1
11851 1
11852 1
11859 1
11864 1
11865 1
11872 1
11877 1
11879 1
11885 1
11889 1
11894 1
11896 1
11899 1
11900 1
11902 1
11904 1
11906 1
11910 1
11913 1
11922 1
11930 1
11935 1
11942 1
11947 1
11950 1
11955 1
11960 1
11963 1
11968 1
11975 1
11979 1
11986 1
11991 1
11996 1
12002 1
12004 1
12007 1
12016 1
12019 1
12023 1
12024 1
12027 1
12029 1
12034 1
12036 1
12041 1
12048 1
12054 1
12060 1
12068 1
12070 1
12077 1
12078 1
12085 1
12091 1
12092 1
12100 1
12105 1
12108 1
12114 1
12116 1
12118 1
12122 1
12129 1
12135 1
12143 1
12149 1
12154 1
12159 1
12168 1
12171 1
12179 1
12185 1
12194 1
12197 1
12204 1
12210 1
12213 1
12221 1
12226 1
12235 1
12239 1
12242 1
12243 1
12249 1
12258 1
12262 1
12269 1
12273 1
12280 1
12281 1
12282 1
12288 1
12297 1
12299 1
12301 1
12304 1
12308 1
12309 1
12313 1
12318 1
12321 1
12330 1
12337 1
12342 1
12349 1
12350 1
12358 1
12366 1
12367 1
12369 1
12370 1
12376 1
12380 1
12388 1
12393 1
12400 1
12405 1
12411 1
12420 1
12421 1
12424 1
12426 1
12429 1
12432 1
12434 1
12443 1
12448 1
12452 1
12457 1
12460 1
12463 1
12472 1
12480 1
12489 1
12493 1
12500 1
12507 1
12515 1
12516 1
12521 1
12530 1
12533 1
12536 1
12540 1
12545 1
12546 1
12547 1
12549 1
12557 1
12562 1
12566 1
12570 1
12574 1
12577 1
12582 1
12587 1
12588 1
12596 1
12604 1
12613 1
12615 1
12616 1
12618 1
12627 1
12634 1
12642 1
12645 1
12648 1
12650 1
12653 1
12654 1
12660 1
12667 1
12668 1
12677 1
12686 1
12693 1
12694 1
12699 1
12705 1
12714 1
12717 1
12726 1
12733 1
12735 1
12740 1
12745 1
12751 1
12752 1
12754 1
12763 1
12765 1
12769 1
12777 1
12781 1
12788 1
12795 1
12801 1
12804 1
12809 1
12817 1
12818 1
12820 1
12823 1
12829 1
12832 1
12834 1
12840 1
12845 1
12853 1
12859 1
12863 1
12871 1
12877 1
12883 1
12887 1
12894 1
12900 1
12905 1
12909 1
12911 1
12917 1
12919 1
12925 1
12933 1
12934 1
12940 1
12945 1
12948 1
12955 1
12958 1
12961 1
12963 1
12972 1
12974 1
12979 1
12988 1
12990 1
12992 1
12993 1
12994 1
13002 1
13010 1
13019 1
13025 1
13028 1
13029 1
13036 1
13038 1
13041 1
13044 1
13045 1
13048 1
13050 1
13054 1
13055 1
13058 1
13064 1
13071 1
13073 1
13079 1
13080 1
13088 1
13093 1
13095 1
13099 1
13101 1
13109 1
13118 1
13122 1
13127 1
13136 1
13140 1
13145 1
13149 1
13151 1
13156 1
13163 1
13170 1
13179 1
13182 1
13183 1
13189 1
13192 1
13196 1
13200 1
13204 1
13212 1
13214 1
13215 1
13221 1
13224 1
13232 1
13240 1
13244 1
13248 1
13250 1
13252 1
13261 1
13270 1
13276 1
13278 1
13281 1
13283 1
13289 1
13296 1
13300 1
13306 1
13309 1
13310 1
13315 1
13317 1
13321 1
13328 1
13330 1
13331 1
13332 1
13335 1
13343 1
13344 1
13345 1
13348 1
13354 1
13355 1
13358 1
13363 1
13371 1
13375 1
13376 1
13382 1
13384 1
13388 1
13391 1
13393 1
13401 1
13406 1
13411 1
13416 1
13423 1
13426 1
13429 1
13431 1
13432 1
13441 1
13444 1
13451 1
13453 1
13459 1
13467 1
13468 1
13469 1
13477 1
13486 1
13487 1
13489 1
13496 1
13503 1
13509 1
13515 1
13524 1
13529 1
13537 1
13540 1
13548 1
13555 1
13561 1
13563 1
13566 1
13569 1
13576 1
13578 1
13587 1
13588 1
13596 1
13600 1
13604 1
13612 1
13619 1
13628 1
13632 1
13638 1
13643 1
13644 1
13647 1
13655 1
13661 1
13668 1
13671 1
13677 1
13686 1
13691 1
13696 1
13701 1
13709 1
13716 1
13722 1
13731 1
13740 1
13742 1
13747 1
13754 1
13757 1
13765 1
13773 1
13777 1
13781 1
13789 1
13793 1
13802 1
13811 1
13820 1
13825 1
13832 1
13836 1
13843 1
13846 1
13850 1
13853 1
13861 1
13866 1
13869 1
13871 1
13872 1
13876 1
13884 1
13888 1
13890 1
13894 1
13897 1
13898 1
13900 1
13909 1
13914 1
13919 1
13923 1
13930 1
13936 1
13944 1
13952 1
13955 1
13962 1
13968 1
13973 1
13977 1
13985 1
13989 1
13993 1
13998 1
14001 1
14003 1
14004 1
14010 1
14019 1
14027 1
14035 1
14037 1
14038 1
14046 1
14055 1
14062 1
14064 1
14070 1
14074 1
14079 1
14082 1
14086 1
14088 1
14097 1
14105 1
14111 1
14119 1
14125 1
14130 1
14131 1
14139 1
14141 1
14150 1
14157 1
14160 1
14168 1
14169 1
14172 1
14177 1
14183 1
14186 1
14194 1
14201 1
14208 1
14215 1
14219 1
14227 1
14233 1
14235 1
14241 1
14247 1
14250 1
14251 1
14256 1
14258 1
14262 1
14269 1
14275 1
14281 1
14286 1
14287 1
14290 1
14299 1
14305 1
14314 1
14321 1
14328 1
14337 1
14341 1
14348 1
14356 1
14359 1
14360 1
14362 1
14364 1
14368 1
14371 1
14377 1
14381 1
14384 1
14391 1
14393 1
14399 1
14407 1
14415 1
14416 1
14422 1
14427 1
14435 1
14438 1
14439 1
14444 1
14448 1
14452 1
14458 1
14462 1
14463 1
14465 1
14469 1
14471 1
14478 1
14481 1
14487 1
14495 1
14497 1
14505 1
14509 1
14511 1
14518 1
14523 1
14528 1
14534 1
14542 1
14550 1
14555 1
14559 1
14567 1
14570 1
14575 1
14581 1
14582 1
14588 1
14590 1
14593 1
14599 1
14601 1
14607 1
14615 1
14616 1
14622 1
14626 1
14630 1
14637 1
14641 1
14646 1
14653 1
14654 1
14657 1
14665 1
14673 1
14677 1
14685 1
14693 1
14694 1
14696 1
14700 1
14708 1
14715 1
14720 1
14721 1
14723 1
14730 1
14737 1
14739 1
14745 1
14749 1
14751 1
14753 1
14754 1
14756 1
14760 1
14764 1
14766 1
14767 1
14772 1
14775 1
14778 1
14785 1
14794 1
14803 1
14806 1
14810 1
14816 1
14821 1
14830 1
14831 1
14838 1
14841 1
14845 1
14851 1
14852 1
14861 1
14869 1
14878 1
14882 1
14887 1
14896 1
14897 1
14902 1
14908 1
14911 1
14915 1
14924 1
14926 1
14933 1
14938 1
14944 1
14953 1
14955 1
14956 1
14961 1
14965 1
14968 1
14971 1
14977 1
14984 1
14993 1
14998 1
15001 1
15006 1
15008 1
15013 1
15015 1
15017 1
15023 1
15029 1
15031 1
15034 1
15036 1
15042 1
15049 1
15056 1
15058 1
15059 1
15065 1
15072 1
15079 1
15085 1
15094 1
15103 1
15109 1
15115 1
15116 1
15122 1
15129 1
15133 1
15134 1
15135 1
15138 1
15145 1
15153 1
15154 1
15157 1
15163 1
15168 1
15176 1
15181 1
15186 1
15194 1
15196 1
15205 1
15212 1
15220 1
15227 1
15230 1
15235 1
15238 1
15246 1
15255 1
15257 1
15259 1
15265 1
15270 1
15277 1
15285 1
15287 1
15293 1
15296 1
15300 1
15309 1
15312 1
15316 1
15318 1
15326 1
15328 1
15332 1
15339 1
15348 1
15352 1
15361 1
15370 1
15376 1
15380 1
15389 1
15391 1
15392 1
15398 1
15399 1
15405 1
15411 1
15420 1
15426 1
15434 1
15438 1
15440 1
15446 1
15454 1
15458 1
15459 1
15462 1
15463 1
15464 1
15465 1
15467 1
15473 1
15475 1
15477 1
15481 1
15488 1
15492 1
15499 1
15501 1
15504 1
15505 1
15506 1
15512 1
15516 1
15522 1
15527 1
15535 1
15540 1
15545 1
15549 1
15558 1
15563 1
15571 1
15574 1
15576 1
15583 1
15586 1
15592 1
15594 1
15598 1
15604 1
15605 1
15613 1
15615 1
15624 1
15629 1
15638 1
15647 1
15650 1
15652 1
15654 1
15656 1
15657 1
15659 1
15665 1
15667 1
15668 1
15676 1
15681 1
15685 1
15694 1
15699 1
15703 1
15710 1
15715 1
15717 1
15720 1
15721 1
15725 1
15730 1
15733 1
15739 1
15747 1
15750 1
15756 1
15763 1
15765 1
15771 1
15778 1
15784 1
15788 1
15795 1
15799 1
15807 1
15815 1
15816 1
15823 1
15824 1
15826 1
15829 1
15830 1
15839 1
15843 1
15848 1
15853 1
15855 1
15861 1
15863 1
15871 1
15880 1
15882 1
15890 1
15899 1
15907 1
15915 1
15916 1
15921 1
15930 1
15937 1
15940 1
15944 1
15949 1
15958 1
15959 1
15962 1
15965 1
15968 1
15972 1
15974 1
15980 1
15986 1
15991 1
16000 1
16009 1
16014 1
16019 1
16025 1
16028 1
16032 1
16035 1
16037 1
16042 1
16044 1
16046 1
16052 1
16054 1
16061 1
16065 1
16066 1
16070 1
16071 1
16077 1
16080 1
16084 1
16090 1
16096 1
16099 1
16106 1
16113 1
16114 1
16115 1
16124 1
16131 1
16139 1
16145 1
16154 1
16158 1
16165 1
16172 1
16180 1
16189 1
16192 1
16193 1
16194 1
16196 1
16205 1
16211 1
16218 1
16225 1
16230 1
16237 1
16243 1
16246 1
16249 1
16251 1
16257 1
16261 1
16263 1
16269 1
16275 1
16278 1
16279 1
16281 1
16287 1
16291 1
16300 1
16303 1
16307 1
16309 1
16315 1
16318 1
16320 1
16328 1
16330 1
16337 1
16346 1
16352 1
16360 1
16369 1
16371 1
16373 1
16381 1
16383 1
16392 1
16400 1
16401 1
16410 1
16415 1
16418 1
16424 1
16432 1
16433 1
16436 1
16443 1
16445 1
16446 1
16447 1
16452 1
16460 1
16469 1
16471 1
16479 1
16482 1
16486 1
16489 1
16496 1
16502 1
16510 1
16513 1
16514 1
16518 1
16522 1
16528 1
16534 1
16535 1
16536 1
16545 1
16547 1
16551 1
16560 1
16563 1
16568 1
16574 1
16581 1
16583 1
16591 1
16596 1
16603 1
16609 1
16616 1
16625 1
16627 1
16634 1
16640 1
16641 1
16642 1
16647 1
16654 1
16659 1
16660 1
16661 1
16663 1
16670 1
16674 1
16675 1
16681 1
16690 1
16695 1
16699 1
16700 1
16705 1
16707 1
16715 1
16721 1
16724 1
16732 1
16739 1
16743 1
16751 1
16752 1
16758 1
16763 1
16764 1
16767 1
16768 1
16770 1
16778 1
16783 1
16792 1
16797 1
16798 1
16805 1
16808 1
16811 1
16820 1
16826 1
16830 1
16831 1
16836 1
16837 1
16842 1
16849 1
16854 1
16861 1
16865 1
16874 1
16876 1
16879 1
16884 1
16887 1
16893 1
16901 1
16905 1
16913 1
16922 1
16923 1
16926 1
16931 1
16934 1
16935 1
16941 1
16949 1
16952 1
16958 1
16960 1
16965 1
16967 1
16972 1
16980 1
16987 1
16991 1
16996 1
17005 1
17014 1
17017 1
17020 1
17022 1
17027 1
17031 1
17039 1
17047 1
17055 1
17061 1
17062 1
17070 1
17078 1
17087 1
17096 1
17105 1
17107 1
17108 1
17110 1
17112 1
17114 1
17117 1
17119 1
17120 1
17125 1
17127 1
17129 1
17137 1
17145 1
17152 1
17153 1
17161 1
17163 1
17165 1
17174 1
17176 1
17182 1
17183 1
17192 1
17194 1
17197 1
17205 1
17206 1
17215 1
17217 1
17225 1
17233 1
17239 1
17240 1
17246 1
17248 1
17251 1
17259 1
17265 1
17272 1
17276 1
17279 1
17282 1
17290 1
17296 1
17304 1
17312 1
17314 1
17321 1
17325 1
17328 1
17334 1
17340 1
17341 1
17345 1
17351 1
17355 1
17361 1
17367 1
17369 1
17373 1
17380 1
17384 1
17385 1
17386 1
17392 1
17396 1
17401 1
17402 1
17407 1
17408 1
17416 1
17418 1
17421 1
17425 1
17433 1
17438 1
17444 1
17451 1
17452 1
17457 1
17462 1
17466 1
17473 1
17481 1
17485 1
17494 1
17498 1
17502 1
17505 1
17509 1
17517 1
17525 1
17530 1
17533 1
17535 1
17544 1
17552 1
17559 1
17560 1
17569 1
17576 1
17578 1
17580 1
17587 1
17589 1
17594 1
17595 1
17602 1
17609 1
17616 1
17619 1
17626 1
17629 1
17637 1
17646 1
17654 1
17662 1
17665 1
17673 1
17681 1
17685 1
17687 1
17695 1
17699 1
17708 1
17717 1
17725 1
17727 1
17733 1
17742 1
17744 1
17751 1
17753 1
17754 1
17762 1
17765 1
17769 1
17771 1
17772 1
17778 1
17782 1
17788 1
17794 1
17800 1
17808 1
17811 1
17812 1
17816 1
17820 1
17825 1
17830 1
17831 1
17839 1
17847 1
17853 1
17855 1
17864 1
17867 1
17872 1
17874 1
17883 1
17885 1
17891 1
17895 1
17904 1
17913 1
17919 1
17925 1
17931 1
17936 1
17943 1
17952 1
17961 1
17967 1
17973 1
17974 1
17976 1
17981 1
17988 1
17997 1
18002 1
18011 1
18012 1
18020 1
18021 1
18024 1
18030 1
18031 1
18039 1
18047 1
18048 1
18051 1
18053 1
18054 1
18056 1
18061 1
18063 1
18069 1
18077 1
18085 1
18088 1
18094 1
18099 1
18106 1
18107 1
18115 1
18117 1
18121 1
18124 1
18125 1
18126 1
18127 1
18132 1
18138 1
18142 1
18147 1
18154 1
18158 1
18161 1
18167 1
18173 1
18177 1
18180 1
18181 1
18183 1
18189 1
18198 1
18199 1
18205 1
18213 1
18221 1
18228 1
18234 1
18239 1
18240 1
18245 1
18246 1
18253 1
18261 1
18269 1
18278 1
18281 1
18288 1
18296 1
18297 1
18299 1
18302 1
18303 1
18307 1
18314 1
18318 1
18319 1
18321 1
18328 1
18337 1
18338 1
18346 1
18349 1
18357 1
18363 1
18368 1
18369 1
18376 1
18379 1
18380 1
18386 1
18391 1
18400 1
18409 1
18415 1
18420 1
18421 1
18430 1
18437 1
18443 1
18451 1
18458 1
18463 1
18465 1
18474 1
18477 1
18485 1
18490 1
18491 1
18496 1
18498 1
18499 1
18506 1
18511 1
18518 1
18525 1
18528 1
18531 1
18540 1
18546 1
18552 1
18555 1
18560 1
18567 1
18574 1
18583 1
18586 1
18595 1
18598 1
18601 1
18603 1
18606 1
18610 1
18617 1
18618 1
18620 1
18623 1
18626 1
18635 1
18640 1
18649 1
18653 1
18660 1
18662 1
18667 1
18670 1
18671 1
18675 1
18680 1
18686 1
18694 1
18697 1
18703 1
18705 1
18708 1
18709 1
18718 1
18719 1
18728 1
18736 1
18744 1
18751 1
18753 1
18761 1
18770 1
18777 1
18786 1
18788 1
18793 1
18797 1
18804 1
18805 1
18810 1
18818 1
18820 1
18828 1
18832 1
18840 1
18841 1
18845 1
18850 1
18853 1
18859 1
18868 1
18870 1
18871 1
18880 1
18886 1
18892 1
18897 1
18899 1
18907 1
18910 1
18912 1
18913 1
18918 1
18922 1
18925 1
18930 1
18938 1
18940 1
18943 1
18946 1
18950 1
18954 1
18960 1
18969 1
18975 1
18976 1
18985 1
18994 1
18996 1
19001 1
19005 1
19013 1
19018 1
19020 1
19021 1
19027 1
19030 1
19032 1
19036 1
19037 1
19039 1
19046 1
19048 1
19056 1
19062 1
19065 1
19074 1
19081 1
19085 1
19086 1
19089 1
19092 1
19101 1
19103 1
19107 1
19115 1
19123 1
19130 1
19138 1
19144 1
19153 1
19160 1
19166 1
19168 1
19176 1
19178 1
19186 1
19190 1
19197 1
19198 1
19205 1
19213 1
19217 1
19224 1
19232 1
19236 1
19242 1
19250 1
19252 1
19256 1
19258 1
19266 1
19271 1
19277 1
19285 1
19291 1
19299 1
19305 1
19306 1
19314 1
19320 1
19323 1
19325 1
19334 1
19338 1
19341 1
19342 1
19349 1
19350 1
19353 1
19359 1
19361 1
19369 1
19377 1
19386 1
19390 1
19395 1
19400 1
19408 1
19415 1
19420 1
19423 1
19424 1
19428 1
19430 1
19437 1
19439 1
19442 1
19449 1
19453 1
19458 1
19466 1
19473 1
19480 1
19481 1
19482 1
19485 1
19489 1
19490 1
19498 1
19504 1
19505 1
19511 1
19520 1
19522 1
19527 1
19533 1
19538 1
19547 1
19551 1
19556 1
19565 1
19572 1
19577 1
19581 1
19588 1
19591 1
19593 1
19597 1
19602 1
19610 1
19618 1
19623 1
19628 1
19629 1
19630 1
19636 1
19645 1
19648 1
19657 1
19661 1
19666 1
19673 1
19678 1
19680 1
19683 1
19692 1
19698 1
19699 1
19704 1
19713 1
19716 1
19725 1
19728 1
19733 1
19738 1
19739 1
19741 1
19745 1
19750 1
19753 1
19754 1
19762 1
19768 1
19770 1
19775 1
19782 1
19790 1
19797 1
19801 1
19807 1
19813 1
19814 1
19822 1
19827 1
19833 1
19842 1
19844 1
19850 1
19858 1
19866 1
19868 1
19873 1
19879 1
19886 1
19888 1
19894 1
19896 1
19899 1
19904 1
19908 1
19913 1
19919 1
19920 1
19927 1
19930 1
19934 1
19937 1
19946 1
19952 1
19957 1
19962 1
19965 1
19971 1
19979 1
19987 1
19994 1
19996 1
20003 1
20004 1
20011 1
20019 1
20025 1
20027 1
20030 1
20033 1
20039 1
20043 1
20049 1
20057 1
20062 1
20069 1
20075 1
20083 1
20091 1
20099 1
20106 1
20109 1
20110 1
20117 1
20119 1
20124 1
20128 1
20134 1
20135 1
20140 1
20146 1
20151 1
20154 1
20163 1
20165 1
20171 1
20180 1
20186 1
20187 1
20188 1
20193 1
20197 1
20204 1
20206 1
20208 1
20210 1
20215 1
20222 1
20231 1
20236 1
20237 1
20242 1
20250 1
20253 1
20262 1
20271 1
20279 1
20281 1
20283 1
20289 1
20297 1
20301 1
20304 1
20311 1
20314 1
20315 1
20324 1
20330 1
20339 1
20345 1
20352 1
20357 1
20362 1
20371 1
20373 1
20381 1
20387 1
20389 1
20394 1
20398 1
20405 1
20409 1
20414 1
20416 1
20421 1
20429 1
20437 1
20446 1
20448 1
20452 1
20457 1
20461 1
20466 1
20469 1
20473 1
20477 1
20479 1
20483 1
20489 1
20498 1
20507 1
20511 1
20518 1
20527 1
20529 1
20536 1
20539 1
20544 1
20550 1
20559 1
20568 1
20574 1
20579 1
20584 1
20585 1
20591 1
20596 1
20605 1
20607 1
20612 1
20614 1
20615 1
20624 1
20633 1
20641 1
20650 1
20658 1
20664 1
20673 1
20675 1
20681 1
20687 1
20696 1
20698 1
20707 1
20708 1
20717 1
20722 1
20723 1
20726 1
20729 1
20735 1
20737 1
20742 1
20746 1
20749 1
20756 1
20763 1
20769 1
20775 1
20777 1
20778 1
20779 1
20785 1
20787 1
20792 1
20799 1
20800 1
20804 1
20807 1
20808 1
20810 1
20813 1
20815 1
20822 1
20823 1
20828 1
20833 1
20840 1
20846 1
20847 1
20855 1
20858 1
20862 1
20868 1
20872 1
20874 1
20875 1
20882 1
20889 1
20890 1
20892 1
20898 1
20904 1
20906 1
20910 1
20918 1
20921 1
20930 1
20933 1
20938 1
20942 1
20947 1
20949 1
20956 1
20961 1
20962 1
20969 1
20970 1
20972 1
20974 1
20982 1
20986 1
20994 1
20999 1
21000 1
21009 1
21014 1
21020 1
21028 1
21034 1
21040 1
21046 1
21048 1
21049 1
21056 1
21059 1
21066 1
21070 1
21073 1
21076 1
21080 1
21082 1
21091 1
21096 1
21102 1
21111 1
21116 1
21120 1
21127 1
21134 1
21137 1
21141 1
21150 1
21157 1
21163 1
21166 1
21170 1
21176 1
21185 1
21194 1
21196 1
21200 1
21208 1
21211 1
21212 1
21220 1
21221 1
21225 1
21231 1
21238 1
21245 1
21254 1
21261 1
21265 1
21266 1
21269 1
21275 1
21277 1
21281 1
21284 1
21289 1
21297 1
21298 1
21306 1
21308 1
21316 1
21321 1
21330 1
21334 1
21339 1
21348 1
21350 1
21354 1
21361 1
21368 1
21373 1
21380 1
21386 1
21395 1
21401 1
21404 1
21406 1
21415 1
21421 1
21430 1
21436 1
21440 1
21447 1
21453 1
21455 1
21461 1
21466 1
21468 1
21469 1
21470 1
21477 1
21485 1
21491 1
21492 1
21497 1
21502 1
21504 1
21509 1
21511 1
21517 1
21520 1
21522 1
21526 1
21528 1
21529 1
21537 1
21545 1
21550 1
21557 1
21562 1
21565 1
21569 1
21578 1
21584 1
21588 1
21592 1
21593 1
21597 1
21603 1
21610 1
21615 1
21623 1
21630 1
21639 1
21647 1
21648 1
21650 1
21656 1
21664 1
21669 1
21672 1
21678 1
21685 1
21688 1
21697 1
21705 1
21709 1
21718 1
21721 1
21722 1
21729 1
21737 1
21746 1
21755 1
21761 1
21765 1
21768 1
21774 1
21775 1
21782 1
21786 1
21787 1
21796 1
21804 1
21809 1
21814 1
21823 1
21826 1
21831 1
21833 1
21840 1
21841 1
21843 1
21845 1
21851 1
21859 1
21863 1
21872 1
21880 1
21885 1
21889 1
21898 1
21906 1
21907 1
21912 1
21915 1
21924 1
21925 1
21934 1
21942 1
21944 1
21946 1
21954 1
21957 1
21960 1
21967 1
21968 1
21969 1
21974 1
21982 1
21985 1
21989 1
21998 1
22002 1
22010 1
22011 1
22019 1
22028 1
22031 1
22034 1
22039 1
22047 1
22051 1
22060 1
22068 1
22073 1
22079 1
22084 1
22086 1
22092 1
22094 1
22101 1
22110 1
22116 1
22117 1
22123 1
22127 1
22130 1
22139 1
22142 1
22148 1
22157 1
22160 1
22164 1
22166 1
22173 1
22181 1
22185 1
22193 1
22199 1
22204 1
22210 1
22218 1
22226 1
22231 1
22237 1
22246 1
22251 1
22256 1
22261 1
22268 1
22274 1
22276 1
22281 1
22289 1
22296 1
22302 1
22306 1
22310 1
22312 1
22316 1
22321 1
22326 1
22327 1
22330 1
22331 1
22333 1
22342 1
22346 1
22351 1
22356 1
22358 1
22367 1
22376 1
22378 1
22387 1
22396 1
22402 1
22408 1
22415 1
22416 1
22417 1
22422 1
22431 1
22436 1
22444 1
22449 1
22457 1
22463 1
22470 1
22472 1
22473 1
22476 1
22481 1
22485 1
22488 1
22496 1
22505 1
22506 1
22511 1
22519 1
22526 1
22534 1
22535 1
22536 1
22545 1
22552 1
22553 1
22560 1
22569 1
22570 1
22579 1
22585 1
22593 1
22599 1
22608 1
22611 1
22618 1
22620 1
22629 1
22632 1
22637 1
22642 1
22651 1
22656 1
22663 1
22670 1
22672 1
22680 1
22684 1
22690 1
22691 1
22700 1
22703 1
22712 1
22721 1
22727 1
22734 1
22740 1
22743 1
22751 1
22758 1
22767 1
22774 1
22781 1
22790 1
22792 1
22800 1
22808 1
22815 1
22824 1
22827 1
22828 1
22831 1
22837 1
22840 1
22845 1
22853 1
22861 1
22862 1
22869 1
22872 1
22877 1
22880 1
22882 1
22883 1
22890 1
22895 1
22900 1
22905 1
22909 1
22918 1
22927 1
22931 1
22933 1
22939 1
22945 1
22954 1
22962 1
22966 1
22973 1
22976 1
22984 1
22993 1
22999 1
23003 1
23010 1
23019 1
23028 1
23031 1
23033 1
23042 1
23044 1
23046 1
23048 1
23053 1
23062 1
23068 1
23069 1
23076 1
23078 1
23081 1
23086 1
23090 1
23094 1
23100 1
23106 1
23111 1
23117 1
23126 1
23131 1
23137 1
23140 1
23149 1
23153 1
23161 1
23165 1
23169 1
23173 1
23176 1
23179 1
23185 1
23189 1
23192 1
23198 1
23200 1
23205 1
23210 1
23211 1
23217 1
23223 1
23228 1
23231 1
23238 1
23243 1
23251 1
23260 1
23262 1
23271 1
23273 1
23281 1
23282 1
23289 1
23293 1
23296 1
23298 1
23300 1
23301 1
23304 1
23308 1
23316 1
23324 1
23326 1
23333 1
23336 1
23345 1
23350 1
23351 1
23358 1
23366 1
23372 1
23376 1
23379 1
23382 1
23388 1
23394 1
23397 1
23399 1
23403 1
23410 1
23418 1
23420 1
23429 1
23432 1
23433 1
23438 1
23447 1
23454 1
23463 1
23468 1
23474 1
23475 1
23484 1
23490 1
23495 1
23503 1
23511 1
23517 1
23525 1
23534 1
23542 1
23550 1
23551 1
23555 1
23556 1
23558 1
23561 1
23565 1
23570 1
23576 1
23579 1
23582 1
23584 1
23586 1
23593 1
23602 1
23606 1
23609 1
23616 1
23625 1
23632 1
23640 1
23643 1
23650 1
23654 1
23658 1
23667 1
23671 1
23672 1
23673 1
23675 1
23679 1
23686 1
23691 1
23692 1
23694 1
23699 1
23702 1
23711 1
23717 1
23725 1
23733 1
23734 1
23738 1
23741 1
23748 1
23756 1
23763 1
23770 1
23771 1
23775 1
23782 1
23786 1
23791 1
23799 1
23801 1
23805 1
23808 1
23816 1
23823 1
23831 1
23836 1
23838 1
23843 1
23845 1
23854 1
23863 1
23872 1
23879 1
23882 1
23890 1
23894 1
23899 1
23908 1
23915 1
23917 1
23919 1
23923 1
23932 1
23934 1
23938 1
23940 1
23944 1
23952 1
23961 1
23968 1
23970 1
23972 1
23976 1
23983 1
23988 1
23990 1
23996 1
24003 1
24004 1
24008 1
24016 1
24021 1
24026 1
24032 1
24036 1
24041 1
24046 1
24047 1
24051 1
24059 1
24065 1
24069 1
24078 1
24079 1
24088 1
24091 1
24098 1
24104 1
24113 1
24114 1
24120 1
24121 1
24122 1
24124 1
24129 1
24138 1
24146 1
24154 1
24160 1
24169 1
24171 1
24179 1
24183 1
24186 1
24193 1
24200 1
24203 1
24206 1
24209 1
24210 1
24213 1
24219 1
24224 1
24229 1
24230 1
24239 1
24241 1
24248 1
24255 1
24264 1
24265 1
24271 1
24274 1
24282 1
24286 1
24287 1
24294 1
24297 1
24306 1
24307 1
24309 1
24311 1
24314 1
24318 1
24319 1
24323 1
24328 1
24334 1
24343 1
24345 1
24346 1
24350 1
24353 1
24357 1
24359 1
24368 1
24372 1
24379 1
24384 1
24390 1
24397 1
24404 1
24412 1
24417 1
24423 1
24430 1
24438 1
24442 1
24446 1
24455 1
24457 1
24464 1
24467 1
24475 1
24484 1
24489 1
24494 1
24495 1
24498 1
24503 1
24509 1
24513 1
24518 1
24521 1
24524 1
24533 1
24534 1
24539 1
24547 1
24548 1
24552 1
24560 1
24562 1
24563 1
24565 1
24568 1
24576 1
24579 1
24585 1
24590 1
24599 1
24602 1
24607 1
24612 1
24619 1
24622 1
24630 1
24633 1
24636 1
24640 1
24649 1
24657 1
24664 1
24668 1
24676 1
24681 1
24689 1
24694 1
24700 1
24701 1
24703 1
24710 1
24717 1
24725 1
24731 1
24740 1
24744 1
24753 1
24762 1
24764 1
24765 1
24769 1
24771 1
24779 1
24787 1
24795 1
24800 1
24808 1
24814 1
24819 1
24824 1
24832 1
24834 1
24843 1
24850 1
24853 1
24855 1
24860 1
24867 1
24874 1
24879 1
24881 1
24882 1
24888 1
24890 1
24895 1
24898 1
24900 1
24908 1
24916 1
24921 1
24930 1
24932 1
24935 1
24943 1
24952 1
24961 1
24964 1
24973 1
24976 1
24977 1
24986 1
24995 1
24998 1
25000 1
25003 1
25008 1
25009 1
25010 1
25019 1
25025 1
25026 1
25033 1
25034 1
25042 1
25044 1
25048 1
25052 1
25060 1
25068 1
25069 1
25074 1
25080 1
25081 1
25083 1
25085 1
25086 1
25088 1
25092 1
25095 1
25097 1
25098 1
25106 1
25109 1
25118 1
25126 1
25135 1
25139 1
25144 1
25148 1
25157 1
25159 1
25160 1
25169 1
25170 1
25172 1
25178 1
25181 1
25182 1
25184 1
25189 1
25192 1
25199 1
25202 1
25211 1
25213 1
25215 1
25221 1
25227 1
25231 1
25233 1
25239 1
25248 1
25250 1
25257 1
25258 1
25266 1
25270 1
25271 1
25280 1
25286 1
25292 1
25301 1
25305 1
25309 1
25316 1
25317 1
25322 1
25323 1
25327 1
25328 1
25330 1
25336 1
25344 1
25345 1
25346 1
25351 1
25358 1
25361 1
25362 1
25370 1
25377 1
25386 1
25394 1
25401 1
25402 1
25411 1
25416 1
25418 1
25424 1
25425 1
25431 1
25435 1
25436 1
25438 1
25444 1
25449 1
25450 1
25459 1
25467 1
25472 1
25475 1
25478 1
25487 1
25494 1
25495 1
25501 1
25509 1
25512 1
25514 1
25515 1
25523 1
25526 1
25534 1
25538 1
25547 1
25555 1
25562 1
25569 1
25576 1
25579 1
25586 1
25591 1
25597 1
25604 1
25613 1
25617 1
25621 1
25624 1
25629 1
25638 1
25640 1
25648 1
25656 1
25665 1
25666 1
25668 1
25675 1
25680 1
25688 1
25692 1
25699 1
25701 1
25709 1
25710 1
25718 1
25721 1
25729 1
25736 1
25741 1
25750 1
25751 1
25757 1
25760 1
25765 1
25770 1
25776 1
25777 1
25783 1
25789 1
25795 1
25798 1
25804 1
25810 1
25813 1
25816 1
25822 1
25824 1
25826 1
25834 1
25840 1
25843 1
25850 1
25852 1
25856 1
25863 1
25871 1
25872 1
25875 1
25883 1
25884 1
25891 1
25896 1
25899 1
25904 1
25910 1
25911 1
25916 1
25921 1
25930 1
25938 1
25947 1
25950 1
25952 1
25958 1
25962 1
25967 1
25976 1
25983 1
25986 1
25993 1
25997 1
26002 1
26009 1
26011 1
26019 1
26021 1
26030 1
26034 1
26035 1
26036 1
26037 1
26042 1
26043 1
26046 1
26053 1
26058 1
26060 1
26063 1
26071 1
26076 1
26078 1
26087 1
26092 1
26101 1
26109 1
26110 1
26111 1
26115 1
26124 1
26131 1
26135 1
26144 1
26147 1
26156 1
26161 1
26166 1
26168 1
26171 1
26175 1
26181 1
26186 1
26195 1
26198 1
26199 1
26203 1
26206 1
26211 1
26216 1
26222 1
26228 1
26234 1
26238 1
26244 1
26250 1
26254 1
26260 1
26264 1
26267 1
26271 1
26272 1
26278 1
26284 1
26293 1
26294 1
26300 1
26305 1
26309 1
26316 1
26321 1
26330 1
26337 1
26344 1
26347 1
26351 1
26355 1
26361 1
26369 1
26378 1
26387 1
26391 1
26398 1
26401 1
26402 1
26411 1
26413 1
26416 1
26424 1
26429 1
26438 1
26443 1
26445 1
26454 1
26460 1
26468 1
26473 1
26475 1
26484 1
26485 1
26491 1
26498 1
26501 1
26502 1
26503 1
26505 1
26506 1
26514 1
26519 1
26524 1
26531 1
26540 1
26548 1
26556 1
26562 1
26563 1
26570 1
26578 1
26587 1
26591 1
26598 1
26607 1
26615 1
26618 1
26619 1
26621 1
26623 1
26630 1
26633 1
26634 1
26638 1
26641 1
26642 1
26643 1
26645 1
26654 1
26660 1
26661 1
26664 1
26665 1
26668 1
26669 1
26670 1
26675 1
26680 1
26688 1
26691 1
26697 1
26704 1
26708 1
26716 1
26724 1
26725 1
26727 1
26733 1
26740 1
26746 1
26754 1
26757 1
26766 1
26769 1
26778 1
26779 1
26785 1
26786 1
26794 1
26801 1
26802 1
26808 1
26809 1
26813 1
26815 1
26824 1
26830 1
26834 1
26841 1
26848 1
26853 1
26854 1
26861 1
26863 1
26867 1
26869 1
26870 1
26875 1
26880 1
26889 1
26891 1
26897 1
26899 1
26902 1
26907 1
26910 1
26912 1
26913 1
26920 1
26923 1
26926 1
26928 1
26929 1
26934 1
26941 1
26947 1
26954 1
26962 1
26967 1
26969 1
26978 1
26980 1
26986 1
26987 1
26994 1
27002 1
27007 1
27010 1
27015 1
27020 1
27029 1
27035 1
27044 1
27047 1
27055 1
27061 1
27070 1
27075 1
27082 1
27087 1
27090 1
27098 1
27100 1
27103 1
27111 1
27116 1
27124 1
27133 1
27140 1
27142 1
27150 1
27155 1
27161 1
27169 1
27177 1
27185 1
27189 1
27192 1
27201 1
27207 1
27212 1
27216 1
27224 1
27226 1
27230 1
27238 1
27245 1
27249 1
27258 1
27259 1
27266 1
27267 1
27274 1
27276 1
27285 1
27289 1
27295 1
27297 1
27302 1
27304 1
27308 1
27317 1
27324 1
27326 1
27327 1
27332 1
27337 1
27342 1
27343 1
27349 1
27351 1
27354 1
27357 1
27362 1
27369 1
27373 1
27374 1
27377 1
27384 1
27392 1
27399 1
27408 1
27414 1
27422 1
27427 1
27432 1
27433 1
27438 1
27443 1
27447 1
27452 1
27459 1
27463 1
27464 1
27465 1
27469 1
27478 1
27483 1
27484 1
27493 1
27495 1
27501 1
27510 1
27517 1
27522 1
27531 1
27537 1
27540 1
27541 1
27543 1
27545 1
27546 1
27553 1
27558 1
27565 1
27573 1
27581 1
27582 1
27590 1
27598 1
27602 1
27606 1
27612 1
27613 1
27621 1
27628 1
27630 1
27638 1
27643 1
27651 1
27658 1
27661 1
27666 1
27674 1
27681 1
27682 1
27688 1
27696 1
27705 1
27712 1
27717 1
27723 1
27726 1
27732 1
27741 1
27742 1
27748 1
27754 1
27758 1
27762 1
27766 1
27770 1
27771 1
27775 1
27781 1
27787 1
27796 1
27797 1
27798 1
27801 1
27809 1
27817 1
27820 1
27826 1
27829 1
27831 1
27840 1
27844 1
27853 1
27859 1
27864 1
27869 1
27873 1
27880 1
27889 1
27896 1
27903 1
27911 1
27913 1
27914 1
27922 1
27927 1
27928 1
27935 1
27942 1
27948 1
27955 1
27960 1
27961 1
27966 1
27968 1
27973 1
27981 1
27986 1
27990 1
27993 1
28001 1
28006 1
28012 1
28020 1
28022 1
28029 1
28031 1
28035 1
28041 1
28042 1
28045 1
28048 1
28051 1
28054 1
28063 1
28072 1
28077 1
28085 1
28087 1
28090 1
28099 1
28108 1
28110 1
28111 1
28119 1
28121 1
28124 1
28127 1
28129 1
28134 1
28137 1
28143 1
28152 1
28161 1
28166 1
28173 1
28174 1
28182 1
28187 1
28191 1
28194 1
28202 1
28207 1
28209 1
28211 1
28213 1
28220 1
28221 1
28230 1
28237 1
28245 1
28252 1
28257 1
28262 1
28264 1
28271 1
28276 1
28279 1
28284 1
28292 1
28295 1
28303 1
28304 1
28312 1
28318 1
28320 1
28321 1
28323 1
28327 1
28330 1
28334 1
28340 1
28342 1
28345 1
28354 1
28363 1
28372 1
28376 1
28382 1
28385 1
28386 1
28388 1
28390 1
28395 1
28401 1
28410 1
28413 1
28418 1
28427 1
28431 1
28440 1
28449 1
28458 1
28461 1
28463 1
28471 1
28473 1
28479 1
28485 1
28487 1
28489 1
28490 1
28491 1
28493 1
28494 1
28498 1
28499 1
28506 1
28512 1
28519 1
28523 1
28531 1
28535 1
28539 1
28540 1
28546 1
28550 1
28555 1
28558 1
28560 1
28567 1
28576 1
28583 1
28592 1
28593 1
28600 1
28604 1
28609 1
28617 1
28625 1
28634 1
28643 1
28650 1
28655 1
28663 1
28667 1
28668 1
28672 1
28675 1
28683 1
28688 1
28690 1
28699 1
28704 1
28706 1
28708 1
28712 1
28718 1
28724 1
28726 1
28733 1
28734 1
28739 1
28747 1
28756 1
28759 1
28768 1
28774 1
28781 1
28788 1
28789 1
28790 1
28793 1
28794 1
28803 1
28806 1
28810 1
28816 1
28818 1
28823 1
28826 1
28828 1
28835 1
28842 1
28847 1
28854 1
28862 1
28865 1
28866 1
28867 1
28871 1
28880 1
28887 1
28890 1
28891 1
28895 1
28901 1
28907 1
28908 1
28911 1
28916 1
28920 1
28929 1
28934 1
28936 1
28943 1
28945 1
28954 1
28959 1
28965 1
28973 1
28977 1
28982 1
28986 1
28992 1
28994 1
29003 1
29009 1
29015 1
29022 1
29026 1
29030 1
29033 1
29041 1
29044 1
29050 1
29058 1
29065 1
29068 1
29076 1
29081 1
29084 1
29093 1
29094 1
29096 1
29105 1
29106 1
29110 1
29115 1
29119 1
29126 1
29134 1
29142 1
29146 1
29147 1
29154 1
29158 1
29160 1
29169 1
29172 1
29177 1
29185 1
29192 1
29193 1
29200 1
29208 1
29217 1
29226 1
29232 1
29233 1
29235 1
29236 1
29245 1
29247 1
29249 1
29256 1
29259 1
29260 1
29267 1
29273 1
29281 1
29290 1
29294 1
29300 1
29308 1
29311 1
29318 1
29324 1
29331 1
29337 1
29342 1
29351 1
29360 1
29369 1
29370 1
29375 1
29383 1
29390 1
29395 1
29400 1
29409 1
29412 1
29419 1
29427 1
29435 1
29440 1
29445 1
29449 1
29453 1
29459 1
29462 1
29466 1
29472 1
29475 1
29480 1
29483 1
29486 1
29487 1
29493 1
29501 1
29504 1
29511 1
29518 1
29519 1
29525 1
29530 1
29533 1
29535 1
29541 1
29542 1
29548 1
29553 1
29559 1
29567 1
29571 1
29576 1
29581 1
29590 1
29596 1
29599 1
29604 1
29611 1
29613 1
29621 1
29630 1
29635 1
29642 1
29648 1
29652 1
29661 1
29666 1
29669 1
29676 1
29678 1
29679 1
29688 1
29689 1
29696 1
29699 1
29700 1
29707 1
29715 1
29718 1
29719 1
29727 1
29728 1
29729 1
29735 1
29743 1
29751 1
29760 1
29767 1
29773 1
29780 1
29787 1
29793 1
29801 1
29807 1
29816 1
29821 1
29830 1
29834 1
29838 1
29847 1
29850 1
29852 1
29856 1
29861 1
29867 1
29875 1
29883 1
29888 1
29889 1
29892 1
29900 1
29901 1
29906 1
29908 1
29913 1
29920 1
29927 1
29934 1
29940 1
29947 1
29951 1
29954 1
29955 1
29960 1
29968 1
29972 1
29977 1
29981 1
29986 1
29994 1
30000 1
30001 1
30003 1
30010 1
30013 1
30015 1
30019 1
30020 1
30027 1
30028 1
30034 1
30036 1
30044 1
30051 1
30054 1
30056 1
30064 1
30070 1
30076 1
30083 1
30084 1
30085 1
30088 1
30097 1
30101 1
30104 1
30111 1
30113 1
30117 1
30121 1
30124 1
30133 1
30134 1
30139 1
30141 1
30150 1
30157 1
30161 1
30169 1
30172 1
30180 1
30186 1
30195 1
30199 1
30201 1
30209 1
30218 1
30222 1
30231 1
30240 1
30241 1
30242 1
30243 1
30244 1
30246 1
30247 1
30255 1
30259 1
30265 1
30270 1
30277 1
30286 1
30292 1
30293 1
30302 1
30310 1
30313 1
30320 1
30321 1
30327 1
30335 1
30337 1
30344 1
30349 1
30352 1
30358 1
30365 1
30371 1
30376 1
30383 1
30391 1
30399 1
30400 1
30408 1
30413 1
30420 1
30424 1
30425 1
30434 1
30441 1
30449 1
30453 1
30459 1
30462 1
30465 1
30468 1
30473 1
30477 1
30482 1
30487 1
30496 1
30501 1
30504 1
30510 1
30511 1
30514 1
30516 1
30518 1
30519 1
30520 1
30529 1
30534 1
30540 1
30543 1
30548 1
30557 1
30559 1
30563 1
30572 1
30575 1
30583 1
30587 1
30594 1
30597 1
30599 1
30602 1
30605 1
30607 1
30616 1
30619 1
30623 1
30630 1
30631 1
30637 1
30639 1
30648 1
30655 1
30662 1
30665 1
30672 1
30676 1
30683 1
30692 1
30693 1
30695 1
30700 1
30701 1
30708 1
30711 1
30718 1
30720 1
30725 1
30729 1
30738 1
30746 1
30747 1
30756 1
30762 1
30768 1
30774 1
30777 1
30782 1
30786 1
30792 1
30798 1
30805 1
30814 1
30821 1
30827 1
30831 1
30835 1
30839 1
30841 1
30847 1
30850 1
30852 1
30855 1
30863 1
30871 1
30880 1
30888 1
30897 1
30901 1
30903 1
30909 1
30915 1
30916 1
30921 1
30923 1
30926 1
30935 1
30939 1
30941 1
30946 1
30949 1
30954 1
30962 1
30965 1
30972 1
30978 1
30987 1
30990 1
30997 1
31004 1
31012 1
31021 1
31030 1
31034 1
31040 1
31049 1
31056 1
31059 1
31068 1
31077 1
31081 1
31086 1
31093 1
31100 1
31109 1
31111 1
31112 1
31118 1
31124 1
31130 1
31132 1
31133 1
31139 1
31143 1
31151 1
31158 1
31167 1
31171 1
31172 1
31178 1
31185 1
31189 1
31190 1
31198 1
31206 1
31209 1
31215 1
31216 1
31218 1
31223 1
31229 1
31234 1
31239 1
31244 1
31247 1
31251 1
31255 1
31259 1
31264 1
31270 1
31277 1
31285 1
31289 1
31290 1
31297 1
31300 1
31304 1
31305 1
31310 1
31318 1
31327 1
31336 1
31342 1
31349 1
31350 1
31353 1
31362 1
31369 1
31375 1
31380 1
31382 1
31388 1
31391 1
31392 1
31393 1
31400 1
31405 1
31408 1
31409 1
31413 1
31422 1
31427 1
31434 1
31438 1
31439 1
31444 1
31453 1
31457 1
31459 1
31467 1
31469 1
31474 1
31483 1
31490 1
31492 1
31499 1
31500 1
31504 1
31506 1
31513 1
31515 1
31518 1
31527 1
31533 1
31538 1
31546 1
31549 1
31552 1
31559 1
31566 1
31569 1
31575 1
31580 1
31584 1
31590 1
31592 1
31597 1
31606 1
31614 1
31623 1
31631 1
31636 1
31641 1
31648 1
31653 1
31655 1
31657 1
31659 1
31661 1
31665 1
31672 1
31678 1
31683 1
31689 1
31694 1
31702 1
31704 1
31710 1
31712 1
31718 1
31724 1
31731 1
31737 1
31742 1
31746 1
31749 1
31750 1
31757 1
31759 1
31761 1
31764 1
31766 1
31774 1
31776 1
31780 1
31786 1
31791 1
31797 1
31804 1
31811 1
31816 1
31821 1
31829 1
31831 1
31836 1
31838 1
31847 1
31855 1
31862 1
31866 1
31869 1
31878 1
31882 1
31884 1
31885 1
31892 1
31896 1
31903 1
31911 1
31918 1
31922 1
31929 1
31933 1
31938 1
31943 1
31946 1
31949 1
31951 1
31959 1
31966 1
31974 1
31983 1
31986 1
31988 1
31992 1
31996 1
31999 1
32008 1
32014 1
32016 1
32021 1
32027 1
32031 1
32034 1
32036 1
32042 1
32046 1
32053 1
32061 1
32068 1
32074 1
32083 1
32092 1
32095 1
32099 1
32105 1
32113 1
32120 1
32125 1
32126 1
32127 1
32131 1
32139 1
32140 1
32145 1
32152 1
32159 1
32162 1
32168 1
32174 1
32175 1
32178 1
32186 1
32188 1
32190 1
32192 1
32193 1
32197 1
32203 1
32209 1
32216 1
32218 1
32219 1
32225 1
32230 1
32233 1
32234 1
32242 1
32251 1
32260 1
32267 1
32270 1
32275 1
32283 1
32291 1
32293 1
32296 1
32297 1
32301 1
32303 1
32309 1
32310 1
32319 1
32327 1
32332 1
32333 1
32341 1
32344 1
32349 1
32353 1
32361 1
32367 1
32376 1
32385 1
32389 1
32396 1
32401 1
32407 1
32409 1
32415 1
32421 1
32422 1
32423 1
32430 1
32437 1
32444 1
32450 1
32459 1
32464 1
32469 1
32470 1
32477 1
32482 1
32484 1
32487 1
32488 1
32489 1
32490 1
32494 1
32497 1
32504 1
32506 1
32508 1
32509 1
32512 1
32517 1
32522 1
32529 1
32538 1
32545 1
32547 1
32553 1
32557 1
32560 1
32566 1
32570 1
32572 1
32578 1
32580 1
32588 1
32589 1
32593 1
32595 1
32601 1
32610 1
32618 1
32623 1
32627 1
32632 1
32638 1
32644 1
32648 1
32649 1
32650 1
32658 1
32659 1
32666 1
32674 1
32677 1
32679 1
32686 1
32693 1
32695 1
32704 1
32710 1
32712 1
32717 1
32719 1
32720 1
32726 1
32735 1
32739 1
32745 1
32753 1
32755 1
32762 1
32764 1
32770 1
32778 1
32787 1
32794 1
32796 1
32797 1
32801 1
32809 1
32812 1
32817 1
32818 1
32824 1
32832 1
32834 1
32842 1
32850 1
32859 1
32864 1
32873 1
32882 1
32885 1
32893 1
32896 1
32904 1
32910 1
32916 1
32924 1
32932 1
32937 1
32942 1
32944 1
32949 1
32956 1
32965 1
32974 1
32976 1
32985 1
32990 1
32993 1
32998 1
32999 1
33001 1
33009 1
33010 1
33013 1
33017 1
33021 1
33025 1
33027 1
33029 1
33035 1
33038 1
33039 1
33042 1
33051 1
33058 1
33059 1
33060 1
33061 1
33065 1
33071 1
33072 1
33075 1
33084 1
33090 1
33099 1
33106 1
33107 1
33112 1
33115 1
33117 1
33119 1
33124 1
33132 1
33134 1
33138 1
33141 1
33149 1
33150 1
33158 1
33167 1
33173 1
33176 1
33184 1
33190 1
33197 1
33202 1
33203 1
33210 1
33212 1
33221 1
33228 1
33233 1
33239 1
33242 1
33245 1
33247 1
33249 1
33251 1
33256 1
33265 1
33266 1
33269 1
33274 1
33281 1
33282 1
33291 1
33297 1
33300 1
33305 1
33314 1
33316 1
33324 1
33333 1
33341 1
33343 1
33345 1
33350 1
33352 1
33353 1
33354 1
33362 1
33370 1
33371 1
33378 1
33382 1
33385 1
33392 1
33394 1
33399 1
33400 1
33407 1
33413 1
33420 1
33429 1
33434 1
33439 1
33442 1
33450 1
33459 1
33464 1
33468 1
33471 1
33478 1
33482 1
33486 1
33491 1
33493 1
33500 1
33502 1
33511 1
33518 1
33524 1
33530 1
33531 1
33538 1
33545 1
33546 1
33555 1
33560 1
33569 1
33574 1
33575 1
33583 1
33586 1
33594 1
33603 1
33607 1
33614 1
33615 1
33620 1
33621 1
33625 1
33630 1
33634 1
33641 1
33649 1
33656 1
33657 1
33658 1
33666 1
33668 1
33672 1
33677 1
33680 1
33686 1
33692 1
33697 1
33705 1
33713 1
33715 1
33721 1
33725 1
33732 1
33737 1
33742 1
33749 1
33751 1
33760 1
33769 1
33774 1
33780 1
33788 1
33792 1
33799 1
33808 1
33812 1
33815 1
33822 1
33831 1
33833 1
33840 1
33846 1
33854 1
33860 1
33869 1
33870 1
33877 1
33882 1
33885 1
33890 1
33897 1
33899 1
33904 1
33911 1
33912 1
33918 1
33923 1
33924 1
33929 1
33934 1
33935 1
33940 1
33944 1
33951 1
33960 1
33961 1
33968 1
33973 1
33974 1
33981 1
33990 1
33992 1
33996 1
34005 1
34014 1
34020 1
34021 1
34029 1
34031 1
34040 1
34042 1
34050 1
34054 1
34059 1
34066 1
34075 1
34081 1
34086 1
34089 1
34096 1
34098 1
34107 1
34110 1
34116 1
34120 1
34123 1
34127 1
34130 1
34132 1
34136 1
34138 1
34139 1
34148 1
34149 1
34155 1
34158 1
34161 1
34169 1
34172 1
34176 1
34181 1
34182 1
34189 1
34196 1
34202 1
34211 1
34215 1
34216 1
34222 1
34226 1
34233 1
34238 1
34246 1
34255 1
34264 1
34268 1
34273 1
34278 1
34287 1
34292 1
34296 1
34302 1
34307 1
34314 1
34322 1
34329 1
34330 1
34336 1
34338 1
34341 1
34344 1
34353 1
34360 1
34364 1
34366 1
34367 1
34370 1
34373 1
34375 1
34376 1
34380 1
34386 1
34387 1
34393 1
34399 1
34408 1
34416 1
34420 1
34425 1
34434 1
34436 1
34444 1
34449 1
34455 1
34463 1
34467 1
34472 1
34478 1
34481 1
34483 1
34484 1
34493 1
34498 1
34502 1
34504 1
34507 1
34516 1
34525 1
34531 1
34537 1
34539 1
34540 1
34542 1
34547 1
34556 1
34558 1
34567 1
34568 1
34571 1
34575 1
34584 1
34587 1
34592 1
34600 1
34609 1
34614 1
34620 1
34622 1
34627 1
34635 1
34640 1
34649 1
34657 1
34663 1
34666 1
34675 1
34684 1
34686 1
34691 1
34697 1
34700 1
34705 1
34707 1
34713 1
34721 1
34726 1
34731 1
34737 1
34740 1
34747 1
34755 1
34763 1
34771 1
34779 1
34783 1
34792 1
34796 1
34801 1
34810 1
34812 1
34815 1
34824 1
34828 1
34832 1
34833 1
34839 1
34846 1
34855 1
34863 1
34865 1
34872 1
34879 1
34884 1
34889 1
34896 1
34903 1
34907 1
34908 1
34909 1
34912 1
34917 1
34926 1
34929 1
34937 1
34938 1
34939 1
34948 1
34951 1
34955 1
34959 1
34961 1
34970 1
34977 1
34978 1
34986 1
34990 1
34996 1
35003 1
35012 1
35021 1
35023 1
35026 1
35031 1
35038 1
35040 1
35046 1
35053 1
35058 1
35061 1
35063 1
35072 1
35075 1
35084 1
35092 1
35098 1
35104 1
35113 1
35119 1
35123 1
35126 1
35127 1
35134 1
35141 1
35147 1
35151 1
35158 1
35161 1
35165 1
35173 1
35182 1
35187 1
35192 1
35195 1
35199 1
35202 1
35203 1
35209 1
35217 1
35221 1
35229 1
35235 1
35240 1
35248 1
35251 1
35256 1
35257 1
35262 1
35267 1
35270 1
35276 1
35278 1
35283 1
35286 1
35288 1
35295 1
35297 1
35302 1
35305 1
35312 1
35313 1
35320 1
35324 1
35328 1
35337 1
35345 1
35354 1
35359 1
35367 1
35370 1
35371 1
35373 1
35381 1
35388 1
35396 1
35404 1
35412 1
35416 1
35424 1
35426 1
35431 1
35434 1
35440 1
35444 1
35448 1
35450 1
35454 1
35463 1
35467 1
35473 1
35474 1
35475 1
35477 1
35480 1
35489 1
35493 1
35500 1
35502 1
35503 1
35511 1
35515 1
35516 1
35524 1
35529 1
35537 1
35539 1
35541 1
35542 1
35545 1
35549 1
35553 1
35558 1
35562 1
35571 1
35578 1
35580 1
35584 1
35592 1
35597 1
35603 1
35609 1
35610 1
35611 1
35613 1
35617 1
35618 1
35621 1
35626 1
35630 1
35637 1
35643 1
35651 1
35656 1
35659 1
35661 1
35665 1
35666 1
35671 1
35679 1
35680 1
35683 1
35687 1
35694 1
35695 1
35703 1
35710 1
35715 1
35717 1
35722 1
35729 1
35736 1
35745 1
35749 1
35755 1
35761 1
35765 1
35774 1
35775 1
35776 1
35778 1
35784 1
35793 1
35795 1
35802 1
35803 1
35806 1
35814 1
35817 1
35818 1
35821 1
35823 1
35824 1
35827 1
35829 1
35831 1
35838 1
35842 1
35843 1
35850 1
35852 1
35857 1
35866 1
35867 1
35870 1
35873 1
35874 1
35876 1
35882 1
35890 1
35895 1
35902 1
35905 1
35911 1
35919 1
35925 1
35931 1
35935 1
35940 1
35946 1
35950 1
35958 1
35963 1
35965 1
35974 1
35977 1
35985 1
35992 1
35999 1
36006 1
36015 1
36022 1
36026 1
36029 1
36035 1
36040 1
36041 1
36050 1
36052 1
36056 1
36063 1
36065 1
36067 1
36070 1
36075 1
36076 1
36085 1
36092 1
36100 1
36105 1
36109 1
36112 1
36119 1
36125 1
36127 1
36129 1
36132 1
36135 1
36136 1
36138 1
36142 1
36149 1
36158 1
36166 1
36174 1
36183 1
36191 1
36194 1
36197 1
36201 1
36209 1
36211 1
36218 1
36220 1
36223 1
36226 1
36232 1
36235 1
36240 1
36248 1
36257 1
36260 1
36264 1
36268 1
36271 1
36275 1
36284 1
36293 1
36302 1
36310 1
36319 1
36321 1
36325 1
36326 1
36331 1
36338 1
36342 1
36347 1
36354 1
36356 1
36362 1
36364 1
36371 1
36374 1
36381 1
36385 1
36387 1
36396 1
36397 1
36406 1
36411 1
36415 1
36422 1
36430 1
36434 1
36440 1
36447 1
36455 1
36463 1
36472 1
36481 1
36487 1
36490 1
36491 1
36495 1
36503 1
36507 1
36509 1
36510 1
36516 1
36522 1
36525 1
36528 1
36532 1
36540 1
36546 1
36549 1
36554 1
36555 1
36557 1
36563 1
36571 1
36578 1
36582 1
36590 1
36591 1
36599 1
36604 1
36613 1
36614 1
36623 1
36628 1
36630 1
36636 1
36643 1
36646 1
36653 1
36654 1
36659 1
36663 1
36665 1
36670 1
36675 1
36678 1
36684 1
36688 1
36693 1
36696 1
36703 1
36706 1
36711 1
36712 1
36719 1
36725 1
36730 1
36737 1
36743 1
36745 1
36747 1
36754 1
36759 1
36768 1
36773 1
36776 1
36782 1
36784 1
36789 1
36797 1
36805 1
36809 1
36810 1
36817 1
36823 1
36825 1
36833 1
36836 1
36843 1
36850 1
36858 1
36862 1
36864 1
36870 1
36875 1
36879 1
36882 1
36887 1
36896 1
36897 1
36898 1
36899 1
36902 1
36906 1
36911 1
36913 1
36916 1
36918 1
36927 1
36928 1
36932 1
36934 1
36936 1
36943 1
36949 1
36957 1
36959 1
36961 1
36968 1
36976 1
36984 1
36985 1
36989 1
36998 1
37003 1
37007 1
37012 1
37014 1
37016 1
37019 1
37020 1
37029 1
37038 1
37044 1
37045 1
37046 1
37050 1
37059 1
37061 1
37063 1
37069 1
37070 1
37077 1
37086 1
37089 1
37092 1
37100 1
37105 1
37109 1
37118 1
37125 1
37133 1
37134 1
37143 1
37145 1
37147 1
37153 1
37162 1
37171 1
37179 1
37187 1
37196 1
37198 1
37201 1
37205 1
37211 1
37212 1
37221 1
37224 1
37231 1
37234 1
37239 1
37248 1
37257 1
37264 1
37265 1
37273 1
37279 1
37284 1
37287 1
37293 1
37298 1
37303 1
37306 1
37313 1
37314 1
37315 1
37318 1
37324 1
37329 1
37333 1
37334 1
37342 1
37344 1
37350 1
37357 1
37363 1
37365 1
37368 1
37374 1
37381 1
37384 1
37389 1
37391 1
37400 1
37401 1
37404 1
37408 1
37413 1
37422 1
37423 1
37426 1
37428 1
37433 1
37442 1
37443 1
37444 1
37447 1
37453 1
37456 1
37458 1
37459 1
37464 1
37465 1
37466 1
37474 1
37483 1
37486 1
37487 1
37490 1
37499 1
37506 1
37507 1
37514 1
37520 1
37524 1
37532 1
37539 1
37542 1
37544 1
37545 1
37554 1
37560 1
37562 1
37565 1
37571 1
37574 1
37582 1
37587 1
37595 1
37596 1
37598 1
37601 1
37607 1
37615 1
37619 1
37623 1
37632 1
37634 1
37636 1
37641 1
37642 1
37649 1
37653 1
37654 1
37662 1
37666 1
37674 1
37683 1
37692 1
37701 1
37709 1
37711 1
37719 1
37725 1
37726 1
37735 1
37740 1
37743 1
37750 1
37751 1
37757 1
37760 1
37768 1
37776 1
37777 1
37786 1
37788 1
37791 1
37799 1
37801 1
37806 1
37807 1
37815 1
37816 1
37825 1
37829 1
37837 1
37840 1
37848 1
37849 1
37851 1
37852 1
37855 1
37856 1
37862 1
37864 1
37871 1
37873 1
37881 1
37885 1
37893 1
37895 1
37898 1
37900 1
37909 1
37915 1
37923 1
37931 1
37938 1
37941 1
37949 1
37956 1
37960 1
37966 1
37972 1
37974 1
37975 1
37983 1
37991 1
37997 1
38004 1
38010 1
38012 1
38021 1
38024 1
38030 1
38036 1
38039 1
38048 1
38056 1
38057 1
38066 1
38072 1
38074 1
38081 1
38082 1
38089 1
38096 1
38104 1
38106 1
38110 1
38119 1
38121 1
38130 1
38135 1
38138 1
38147 1
38148 1
38150 1
38158 1
38162 1
38167 1
38173 1
38178 1
38183 1
38188 1
38194 1
38199 1
38201 1
38203 1
38212 1
38213 1
38215 1
38224 1
38227 1
38230 1
38235 1
38240 1
38242 1
38249 1
38255 1
38257 1
38259 1
38264 1
38272 1
38279 1
38287 1
38291 1
38294 1
38303 1
38310 1
38317 1
38322 1
38324 1
38331 1
38338 1
38343 1
38344 1
38349 1
38356 1
38357 1
38365 1
38372 1
38380 1
38388 1
38392 1
38401 1
38404 1
38409 1
38417 1
38419 1
38426 1
38429 1
38431 1
38433 1
38437 1
38442 1
38450 1
38453 1
38457 1
38459 1
38462 1
38464 1
38468 1
38471 1
38475 1
38477 1
38484 1
38486 1
38495 1
38501 1
38507 1
38510 1
38513 1
38521 1
38526 1
38535 1
38538 1
38540 1
38543 1
38546 1
38548 1
38553 1
38557 1
38566 1
38575 1
38579 1
38587 1
38589 1
38597 1
38605 1
38609 1
38617 1
38619 1
38627 1
38635 1
38643 1
38652 1
38655 1
38661 1
38663 1
38665 1
38669 1
38676 1
38677 1
38682 1
38690 1
38693 1
38701 1
38705 1
38707 1
38711 1
38717 1
38725 1
38728 1
38737 1
38744 1
38748 1
38750 1
38755 1
38763 1
38768 1
38777 1
38785 1
38790 1
38792 1
38794 1
38801 1
38809 1
38812 1
38814 1
38823 1
38825 1
38834 1
38842 1
38843 1
38845 1
38849 1
38853 1
38862 1
38869 1
38874 1
38876 1
38884 1
38891 1
38897 1
38901 1
38903 1
38912 1
38921 1
38927 1
38935 1
38937 1
38940 1
38943 1
38947 1
38956 1
38963 1
38972 1
38979 1
38980 1
38983 1
38985 1
38988 1
38991 1
38997 1
39000 1
39007 1
39008 1
39017 1
39020 1
39027 1
39028 1
39032 1
39034 1
39043 1
39052 1
39061 1
39070 1
39078 1
39081 1
39087 1
39092 1
39101 1
39106 1
39113 1
39120 1
39127 1
39136 1
39145 1
39150 1
39151 1
39160 1
39169 1
39170 1
39175 1
39180 1
39189 1
39192 1
39195 1
39203 1
39212 1
39221 1
39229 1
39236 1
39243 1
39249 1
39250 1
39255 1
39264 1
39266 1
39269 1
39275 1
39276 1
39279 1
39288 1
39293 1
39300 1
39301 1
39306 1
39307 1
39311 1
39312 1
39318 1
39325 1
39329 1
39330 1
39336 1
39337 1
39341 1
39345 1
39347 1
39348 1
39349 1
39352 1
39353 1
39354 1
39360 1
39367 1
39368 1
39374 1
39382 1
39385 1
39392 1
39395 1
39403 1
39405 1
39408 1
39411 1
39413 1
39416 1
39425 1
39427 1
39435 1
39436 1
39440 1
39447 1
39455 1
39461 1
39462 1
39466 1
39468 1
39471 1
39476 1
39483 1
39487 1
39496 1
39503 1
39511 1
39515 1
39516 1
39522 1
39523 1
39525 1
39534 1
39541 1
39546 1
39548 1
39556 1
39561 1
39566 1
39567 1
39573 1
39579 1
39588 1
39590 1
39592 1
39598 1
39599 1
39607 1
39612 1
39615 1
39621 1
39628 1
39633 1
39638 1
39639 1
39648 1
39652 1
39653 1
39654 1
39656 1
39662 1
39667 1
39676 1
39680 1
39686 1
39691 1
39700 1
39703 1
39710 1
39713 1
39717 1
39724 1
39730 1
39734 1
39737 1
39745 1
39748 1
39753 1
39760 1
39767 1
39774 1
39783 1
39791 1
39796 1
39802 1
39803 1
39807 1
39816 1
39825 1
39830 1
39835 1
39839 1
39844 1
39846 1
39849 1
39853 1
39854 1
39857 1
39864 1
39866 1
39872 1
39875 1
39884 1
39891 1
39895 1
39900 1
39902 1
39903 1
39906 1
39914 1
39923 1
39929 1
39932 1
39933 1
39937 1
39939 1
39943 1
39950 1
39951 1
39958 1
39964 1
39970 1
39971 1
39980 1
39981 1
39984 1
39988 1
39994 1
39995 1
39996 1
40004 1
40010 1
40015 1
40020 1
40024 1
40029 1
40033 1
40035 1
40037 1
40040 1
40042 1
40046 1
40048 1
40053 1
40059 1
40065 1
40068 1
40072 1
40078 1
40082 1
40083 1
40090 1
40098 1
40101 1
40104 1
40107 1
40113 1
40119 1
40123 1
40130 1
40132 1
40136 1
40138 1
40144 1
40146 1
40148 1
40155 1
40163 1
40172 1
40177 1
40183 1
40190 1
40197 1
40199 1
40201 1
40203 1
40204 1
40208 1
40212 1
40214 1
40218 1
40219 1
40221 1
40224 1
40228 1
40235 1
40241 1
40247 1
40255 1
40262 1
40265 1
40267 1
40275 1
40279 1
40283 1
40292 1
40293 1
40295 1
40299 1
40308 1
40312 1
40319 1
40327 1
40330 1
40331 1
40340 1
40341 1
40346 1
40347 1
40351 1
40360 1
40362 1
40369 1
40376 1
40381 1
40389 1
40390 1
40395 1
40400 1
40405 1
40407 1
40412 1
40414 1
40417 1
40422 1
40425 1
40433 1
40436 1
40445 1
40447 1
40453 1
40457 1
40462 1
40465 1
40471 1
40479 1
40486 1
40494 1
40502 1
40508 1
40514 1
40523 1
40529 1
40535 1
40541 1
40543 1
40544 1
40552 1
40556 1
40562 1
40567 1
40575 1
40584 1
40588 1
40596 1
40605 1
40613 1
40619 1
40625 1
40627 1
40633 1
40636 1
40637 1
40640 1
40644 1
40648 1
40654 1
40661 1
40668 1
40671 1
40673 1
40674 1
40678 1
40680 1
40682 1
40683 1
40692 1
40699 1
40702 1
40711 1
40714 1
40719 1
40722 1
40725 1
40731 1
40733 1
40741 1
40744 1
40745 1
40748 1
40756 1
40760 1
40765 1
40773 1
40782 1
40787 1
40792 1
40800 1
40801 1
40806 1
40811 1
40812 1
40821 1
40824 1
40829 1
40832 1
40838 1
40839 1
40844 1
40845 1
40846 1
40852 1
40853 1
40854 1
40859 1
40861 1
40864 1
40868 1
40877 1
40882 1
40885 1
40888 1
40890 1
40892 1
40896 1
40902 1
40907 1
40916 1
40920 1
40925 1
40930 1
40933 1
40940 1
40942 1
40947 1
40955 1
40961 1
40967 1
40968 1
40973 1
40981 1
40990 1
40995 1
41001 1
41009 1
41018 1
41023 1
41032 1
41039 1
41041 1
41048 1
41054 1
41057 1
41064 1
41073 1
41076 1
41082 1
41090 1
41097 1
41106 1
41107 1
41115 1
41122 1
41127 1
41134 1
41138 1
41143 1
41150 1
41156 1
41160 1
41167 1
41170 1
41179 1
41180 1
41184 1
41185 1
41191 1
41192 1
41197 1
41199 1
41206 1
41211 1
41213 1
41217 1
41219 1
41223 1
41229 1
41237 1
41241 1
41243 1
41252 1
41260 1
41266 1
41271 1
41275 1
41281 1
41282 1
41285 1
41289 1
41290 1
41295 1
41296 1
41297 1
41304 1
41309 1
41314 1
41319 1
41326 1
41331 1
41337 1
41339 1
41342 1
41348 1
41352 1
41353 1
41354 1
41355 1
41359 1
41365 1
41368 1
41376 1
41384 1
41393 1
41397 1
41399 1
41408 1
41411 1
41418 1
41425 1
41427 1
41432 1
41438 1
41445 1
41451 1
41454 1
41455 1
41464 1
41472 1
41474 1
41479 1
41484 1
41486 1
41491 1
41492 1
41499 1
41506 1
41509 1
41517 1
41519 1
41528 1
41531 1
41532 1
41537 1
41546 1
41555 1
41558 1
41560 1
41569 1
41571 1
41580 1
41587 1
41591 1
41596 1
41605 1
41609 1
41617 1
41621 1
41623 1
41626 1
41631 1
41634 1
41635 1
41644 1
41650 1
41655 1
41664 1
41669 1
41677 1
41684 1
41690 1
41694 1
41698 1
41707 1
41713 1
41717 1
41720 1
41729 1
41737 1
41744 1
41749 1
41753 1
41755 1
41757 1
41763 1
41771 1
41777 1
41780 1
41784 1
41785 1
41794 1
41795 1
41799 1
41808 1
41817 1
41826 1
41827 1
41834 1
41841 1
41845 1
41847 1
41854 1
41862 1
41870 1
41872 1
41873 1
41874 1
41881 1
41883 1
41890 1
41897 1
41898 1
41902 1
41904 1
41912 1
41917 1
41923 1
41931 1
41936 1
41943 1
41949 1
41953 1
41958 1
41960 1
41961 1
41965 1
41972 1
41977 1
41978 1
41983 1
41985 1
41991 1
41997 1
41998 1
42006 1
42008 1
42009 1
42017 1
42022 1
42027 1
42030 1
42034 1
42041 1
42046 1
42053 1
42057 1
42065 1
42073 1
42077 1
42081 1
42086 1
42095 1
42100 1
42103 1
42105 1
42110 1
42115 1
42119 1
42127 1
42130 1
42139 1
42144 1
42148 1
42153 1
42156 1
42159 1
42160 1
42169 1
42176 1
42183 1
42185 1
42193 1
42196 1
42201 1
42204 1
42205 1
42211 1
42220 1
42221 1
42229 1
42230 1
42239 1
42243 1
42250 1
42254 1
42259 1
42267 1
42272 1
42279 1
42286 1
42289 1
42291 1
42292 1
42295 1
42300 1
42308 1
42314 1
42321 1
42324 1
42325 1
42332 1
42339 1
42346 1
42352 1
42358 1
42367 1
42374 1
42380 1
42381 1
42389 1
42392 1
42401 1
42403 1
42406 1
42409 1
42415 1
42424 1
42428 1
42435 1
42439 1
42445 1
42448 1
42450 1
42456 1
42464 1
42467 1
42474 1
42483 1
42485 1
42490 1
42495 1
42502 1
42508 1
42509 1
42511 1
42519 1
42524 1
42531 1
42533 1
42536 1
42543 1
42549 1
42554 1
42561 1
42566 1
42567 1
42570 1
42571 1
42575 1
42576 1
42577 1
42583 1
42584 1
42588 1
42595 1
42601 1
42609 1
42613 1
42617 1
42622 1
42630 1
42639 1
42641 1
42644 1
42645 1
42646 1
42648 1
42654 1
42661 1
42670 1
42678 1
42686 1
42689 1
42690 1
42698 1
42707 1
42713 1
42717 1
42722 1
42729 1
42731 1
42733 1
42742 1
42750 1
42759 1
42767 1
42775 1
42777 1
42782 1
42786 1
42788 1
42795 1
42803 1
42807 1
42815 1
42819 1
42826 1
42834 1
42840 1
42849 1
42858 1
42862 1
42863 1
42866 1
42869 1
42877 1
42880 1
42883 1
42885 1
42893 1
42898 1
42906 1
42914 1
42917 1
42926 1
42934 1
42942 1
42943 1
42949 1
42955 1
42957 1
42959 1
42965 1
42972 1
42979 1
42980 1
42985 1
42994 1
42997 1
42998 1
43003 1
43007 1
43008 1
43012 1
43020 1
43025 1
43030 1
43032 1
43038 1
43041 1
43045 1
43049 1
43053 1
43060 1
43065 1
43069 1
43077 1
43079 1
43080 1
43083 1
43085 1
43089 1
43097 1
43106 1
43114 1
43122 1
43129 1
43133 1
43137 1
43142 1
43145 1
43150 1
43158 1
43167 1
43174 1
43179 1
43185 1
43194 1
43200 1
43209 1
43210 1
43213 1
43218 1
43222 1
43223 1
43231 1
43233 1
43235 1
43244 1
43249 1
43254 1
43256 1
43261 1
43268 1
43275 1
43277 1
43283 1
43286 1
43287 1
43290 1
43294 1
43295 1
43302 1
43303 1
43310 1
43315 1
43324 1
43327 1
43335 1
43336 1
43340 1
43342 1
43345 1
43349 1
43358 1
43364 1
43366 1
43373 1
43375 1
43377 1
43386 1
43395 1
43400 1
43404 1
43412 1
43413 1
43420 1
43425 1
43432 1
43441 1
43444 1
43450 1
43455 1
43458 1
43460 1
43461 1
43465 1
43473 1
43476 1
43480 1
43488 1
43489 1
43498 1
43507 1
43509 1
43514 1
43523 1
43530 1
43538 1
43542 1
43545 1
43553 1
43562 1
43566 1
43570 1
43572 1
43580 1
43581 1
43590 1
43594 1
43597 1
43600 1
43608 1
43612 1
43620 1
43629 1
43638 1
43642 1
43651 1
43656 1
43661 1
43662 1
43665 1
43666 1
43667 1
43675 1
43681 1
43684 1
43692 1
43700 1
43707 1
43716 1
43723 1
43725 1
43729 1
43737 1
43744 1
43753 1
43757 1
43763 1
43764 1
43765 1
43768 1
43770 1
43776 1
43779 1
43785 1
43788 1
43796 1
43798 1
43799 1
43808 1
43811 1
43815 1
43824 1
43830 1
43837 1
43844 1
43847 1
43852 1
43861 1
43867 1
43873 1
43874 1
43878 1
43885 1
43894 1
43900 1
43908 1
43917 1
43924 1
43926 1
43929 1
43935 1
43944 1
43950 1
43952 1
43954 1
43957 1
43961 1
43964 1
43971 1
43973 1
43981 1
43984 1
43993 1
43995 1
44004 1
44013 1
44021 1
44025 1
44029 1
44038 1
44039 1
44048 1
44053 1
44055 1
44057 1
44062 1
44065 1
44072 1
44077 1
44083 1
44092 1
44093 1
44096 1
44104 1
44112 1
44115 1
44119 1
44125 1
44128 1
44133 1
44136 1
44141 1
44148 1
44157 1
44166 1
44170 1
44177 1
44185 1
44191 1
44199 1
44208 1
44216 1
44222 1
44225 1
44234 1
44243 1
44251 1
44257 1
44260 1
44264 1
44271 1
44273 1
44281 1
44286 1
44287 1
44292 1
44296 1
44304 1
44312 1
44316 1
44320 1
44325 1
44334 1
44336 1
44337 1
44338 1
44341 1
44349 1
44358 1
44367 1
44376 1
44385 1
44389 1
44397 1
44406 1
44415 1
44418 1
44419 1
44426 1
44433 1
44439 1
44448 1
44456 1
44458 1
44466 1
44471 1
44479 1
44480 1
44484 1
44486 1
44487 1
44496 1
44500 1
44503 1
44507 1
44510 1
44517 1
44524 1
44528 1
44536 1
44543 1
44546 1
44554 1
44560 1
44561 1
44565 1
44567 1
44575 1
44584 1
44585 1
44588 1
44593 1
44595 1
44600 1
44602 1
44610 1
44619 1
44628 1
44635 1
44636 1
44645 1
44651 1
44660 1
44661 1
44666 1
44668 1
44671 1
44678 1
44680 1
44684 1
44686 1
44689 1
44698 1
44704 1
44711 1
44712 1
44719 1
44728 1
44733 1
44736 1
44740 1
44748 1
44757 1
44760 1
44768 1
44772 1
44777 1
44781 1
44782 1
44789 1
44791 1
44795 1
44802 1
44805 1
44807 1
44814 1
44823 1
44826 1
44832 1
44841 1
44846 1
44850 1
44855 1
44863 1
44866 1
44872 1
44879 1
44888 1
44891 1
44893 1
44898 1
44901 1
44902 1
44903 1
44905 1
44908 1
44911 1
44919 1
44923 1
44929 1
44933 1
44934 1
44942 1
44948 1
44957 1
44958 1
44960 1
44964 1
44972 1
44974 1
44982 1
44990 1
44998 1
45002 1
45009 1
45012 1
45013 1
45017 1
45024 1
45027 1
45029 1
45033 1
45037 1
45045 1
45049 1
45056 1
45057 1
45064 1
45072 1
45075 1
45079 1
45086 1
45095 1
45099 1
45106 1
45111 1
45117 1
45126 1
45135 1
45139 1
45146 1
45155 1
45164 1
45167 1
45168 1
45175 1
45184 1
45185 1
45190 1
45198 1
45203 1
45208 1
45210 1
45212 1
45220 1
45224 1
45227 1
45231 1
45236 1
45238 1
45245 1
45254 1
45260 1
45264 1
45272 1
45275 1
45278 1
45279 1
45280 1
45284 1
45293 1
45294 1
45295 1
45302 1
45305 1
45308 1
45313 1
45319 1
45328 1
45336 1
45340 1
45344 1
45353 1
45355 1
45362 1
45371 1
45372 1
45376 1
45383 1
45390 1
45397 1
45406 1
45414 1
45415 1
45422 1
45427 1
45431 1
45436 1
45440 1
45448 1
45456 1
45464 1
45467 1
45471 1
45475 1
45484 1
45487 1
45492 1
45497 1
45505 1
45514 1
45516 1
45518 1
45524 1
45529 1
45531 1
45538 1
45543 1
45550 1
45557 1
45566 1
45568 1
45577 1
45585 1
45591 1
45594 1
45603 1
45607 1
45608 1
45610 1
45613 1
45619 1
45628 1
45633 1
45641 1
45643 1
45646 1
45651 1
45660 1
45668 1
45670 1
45677 1
45685 1
45686 1
45691 1
45695 1
45700 1
45708 1
45716 1
45724 1
45726 1
45729 1
45731 1
45732 1
45735 1
45737 1
45743 1
45750 1
45753 1
45761 1
45766 1
45768 1
45776 1
45781 1
45788 1
45792 1
45800 1
45803 1
45806 1
45812 1
45819 1
45821 1
45823 1
45827 1
45833 1
45841 1
45844 1
45853 1
45858 1
45864 1
45868 1
45876 1
45882 1
45884 1
45892 1
45897 1
45899 1
45903 1
45908 1
45910 1
45917 1
45925 1
45933 1
45942 1
45947 1
45950 1
45958 1
45963 1
45971 1
45975 1
45981 1
45982 1
45986 1
45988 1
45993 1
45995 1
46000 1
46003 1
46007 1
46011 1
46018 1
46026 1
46031 1
46034 1
46041 1
46044 1
46049 1
46057 1
46060 1
46063 1
46071 1
46080 1
46086 1
46094 1
46097 1
46099 1
46103 1
46105 1
46113 1
46117 1
46125 1
46133 1
46140 1
46146 1
46152 1
46155 1
46159 1
46167 1
46172 1
46180 1
46181 1
46183 1
46185 1
46193 1
46202 1
46204 1
46208 1
46212 1
46214 1
46215 1
46221 1
46229 1
46234 1
46241 1
46247 1
46256 1
46264 1
46267 1
46275 1
46283 1
46290 1
46299 1
46307 1
46315 1
46316 1
46321 1
46322 1
46326 1
46330 1
46338 1
46343 1
46344 1
46346 1
46351 1
46353 1
46360 1
46369 1
46370 1
46375 1
46381 1
46384 1
46386 1
46391 1
46397 1
46405 1
46414 1
46423 1
46424 1
46425 1
46432 1
46437 1
46445 1
46453 1
46455 1
46457 1
46459 1
46468 1
46472 1
46479 1
46482 1
46488 1
46491 1
46497 1
46499 1
46506 1
46507 1
46516 1
46524 1
46530 1
46535 1
46537 1
46540 1
46546 1
46548 1
46557 1
46565 1
46567 1
46575 1
46582 1
46583 1
46590 1
46597 1
46600 1
46603 1
46604 1
46612 1
46614 1
46616 1
46621 1
46625 1
46631 1
46638 1
46645 1
46650 1
46657 1
46664 1
46673 1
46678 1
46687 1
46688 1
46689 1
46697 1
46702 1
46711 1
46716 1
46718 1
46725 1
46733 1
46734 1
46739 1
46748 1
46756 1
46762 1
46766 1
46768 1
46775 1
46782 1
46789 1
46797 1
46799 1
46801 1
46808 1
46813 1
46814 1
46820 1
46825 1
46826 1
46829 1
46831 1
46837 1
46842 1
46848 1
46857 1
46859 1
46868 1
46877 1
46882 1
46883 1
46890 1
46896 1
46903 1
46912 1
46921 1
46928 1
46934 1
46941 1
46942 1
46950 1
46958 1
46962 1
46966 1
46972 1
46980 1
46982 1
46991 1
47000 1
47008 1
47014 1
47018 1
47027 1
47028 1
47034 1
47043 1
47046 1
47050 1
47053 1
47056 1
47060 1
47067 1
47070 1
47075 1
47078 1
47079 1
47087 1
47096 1
47098 1
47099 1
47100 1
47106 1
47114 1
47121 1
47123 1
47132 1
47135 1
47143 1
47151 1
47154 1
47160 1
47164 1
47169 1
47176 1
47177 1
47183 1
47190 1
47196 1
47205 1
47209 1
47215 1
47223 1
47229 1
47232 1
47235 1
47241 1
47244 1
47251 1
47258 1
47261 1
47268 1
47269 1
47276 1
47284 1
47288 1
47295 1
47301 1
47306 1
47312 1
47316 1
47324 1
47330 1
47335 1
47342 1
47350 1
47358 1
47364 1
47367 1
47371 1
47379 1
47387 1
47392 1
47396 1
47399 1
47406 1
47407 1
47412 1
47415 1
47424 1
47432 1
47440 1
47444 1
47449 1
47453 1
47454 1
47462 1
47465 1
47466 1
47468 1
47471 1
47478 1
47484 1
47490 1
47497 1
47501 1
47502 1
47504 1
47509 1
47512 1
47517 1
47520 1
47528 1
47534 1
47543 1
47550 1
47553 1
47557 1
47558 1
47561 1
47565 1
47573 1
47582 1
47586 1
47592 1
47599 1
47606 1
47610 1
47616 1
47619 1
47625 1
47629 1
47631 1
47639 1
47647 1
47653 1
47662 1
47671 1
47675 1
47678 1
47685 1
47692 1
47700 1
47709 1
47718 1
47725 1
47727 1
47732 1
47734 1
47736 1
47737 1
47741 1
47746 1
47753 1
47756 1
47758 1
47763 1
47772 1
47777 1
47781 1
47785 1
47786 1
47794 1
47795 1
47796 1
47798 1
47800 1
47804 1
47810 1
47814 1
47818 1
47822 1
47824 1
47833 1
47842 1
47850 1
47852 1
47859 1
47862 1
47868 1
47874 1
47882 1
47883 1
47890 1
47898 1
47905 1
47906 1
47907 1
47915 1
47923 1
47929 1
47931 1
47932 1
47934 1
47936 1
47937 1
47946 1
47955 1
47957 1
47961 1
47966 1
47974 1
47975 1
47981 1
47988 1
47991 1
47997 1
48003 1
48012 1
48018 1
48021 1
48028 1
48035 1
48040 1
48049 1
48057 1
48060 1
48061 1
48070 1
48072 1
48074 1
48082 1
48088 1
48093 1
48096 1
48104 1
48109 1
48115 1
48119 1
48126 1
48129 1
48132 1
48138 1
48139 1
48140 1
48149 1
48156 1
48157 1
48158 1
48163 1
48168 1
48176 1
48180 1
48185 1
48189 1
48195 1
48203 1
48206 1
48207 1
48208 1
48209 1
48214 1
48215 1
48217 1
48226 1
48234 1
48241 1
48246 1
48252 1
48254 1
48255 1
48260 1
48263 1
48264 1
48273 1
48281 1
48283 1
48288 1
48293 1
48294 1
48298 1
48304 1
48312 1
48313 1
48319 1
48325 1
48332 1
48333 1
48336 1
48343 1
48349 1
48358 1
48359 1
48365 1
48374 1
48375 1
48377 1
48379 1
48386 1
48390 1
48396 1
48405 1
48410 1
48413 1
48417 1
48423 1
48428 1
48434 1
48442 1
48450 1
48452 1
48460 1
48462 1
48466 1
48471 1
48480 1
48482 1
48485 1
48488 1
48495 1
48502 1
48505 1
48511 1
48512 1
48514 1
48522 1
48528 1
48529 1
48532 1
48540 1
48544 1
48548 1
48549 1
48556 1
48558 1
48559 1
48567 1
48568 1
48574 1
48580 1
48586 1
48593 1
48596 1
48597 1
48599 1
48600 1
48602 1
48606 1
48615 1
48624 1
48629 1
48632 1
48640 1
48643 1
48646 1
48650 1
48659 1
48668 1
48673 1
48679 1
48682 1
48691 1
48700 1
48702 1
48704 1
48706 1
48707 1
48714 1
48715 1
48720 1
48727 1
48730 1
48737 1
48746 1
48750 1
48758 1
48761 1
48769 1
48774 1
48780 1
48781 1
48783 1
48790 1
48794 1
48798 1
48799 1
48800 1
48802 1
48809 1
48811 1
48812 1
48816 1
48820 1
48823 1
48832 1
48836 1
48838 1
48845 1
48850 1
48855 1
48861 1
48862 1
48864 1
48867 1
48874 1
48878 1
48887 1
48890 1
48895 1
48898 1
48907 1
48914 1
48915 1
48922 1
48930 1
48937 1
48943 1
48944 1
48953 1
48962 1
48969 1
48973 1
48977 1
48978 1
48979 1
48983 1
48987 1
48990 1
48995 1
49001 1
49009 1
49010 1
49016 1
49024 1
49028 1
49034 1
49039 1
49048 1
49056 1
49058 1
49059 1
49067 1
49073 1
49075 1
49084 1
49091 1
49100 1
49106 1
49114 1
49118 1
49124 1
49131 1
49134 1
49143 1
49145 1
49149 1
49150 1
49151 1
49154 1
49159 1
49163 1
49166 1
49172 1
49173 1
49181 1
49188 1
49195 1
49203 1
49206 1
49211 1
49220 1
49225 1
49227 1
49236 1
49240 1
49241 1
49245 1
49249 1
49257 1
49262 1
49263 1
49266 1
49269 1
49274 1
49282 1
49291 1
49298 1
49300 1
49302 1
49309 1
49313 1
49318 1
49321 1
49326 1
49331 1
49332 1
49341 1
49348 1
49350 1
49357 1
49362 1
49369 1
49370 1
49375 1
49379 1
49382 1
49385 1
49394 1
49401 1
49406 1
49412 1
49420 1
49429 1
49432 1
49438 1
49446 1
49447 1
49456 1
49459 1
49466 1
49470 1
49475 1
49478 1
49482 1
49488 1
49490 1
49498 1
49507 1
49513 1
49519 1
49527 1
49531 1
49540 1
49549 1
49553 1
49560 1
49567 1
49573 1
49581 1
49583 1
49589 1
49593 1
49602 1
49611 1
49614 1
49621 1
49622 1
49626 1
49633 1
49642 1
49647 1
49649 1
49656 1
49663 1
49664 1
49665 1
49670 1
49679 1
49681 1
49682 1
49688 1
49689 1
49697 1
49699 1
49700 1
49706 1
49707 1
49715 1
49721 1
49725 1
49726 1
49730 1
49738 1
49744 1
49753 1
49761 1
49763 1
49768 1
49776 1
49778 1
49783 1
49784 1
49791 1
49793 1
49799 1
49802 1
49803 1
49806 1
