10000
7 0
12 1
16 0
17 0
21 0
25 0
32 0
35 0
38 0
45 0
52 0
55 0
63 0
65 0
72 0
79 0
88 0
97 0
106 0
110 0
114 0
121 0
125 0
127 0
136 0
138 0
141 0
149 0
155 0
163 0
165 0
172 0
175 0
180 0
184 0
192 0
199 0
208 0
209 0
211 0
217 0
222 0
224 0
231 0
234 0
239 0
242 0
243 0
246 0
250 0
251 0
260 0
268 0
273 0
281 0
289 0
294 0
297 0
298 0
299 0
307 0
308 0
315 0
318 0
322 0
324 0
333 0
341 0
342 0
345 0
346 0
355 0
362 0
371 0
373 0
380 0
382 0
390 0
394 0
400 0
404 0
410 0
411 0
414 0
422 0
430 0
431 0
437 0
442 0
447 0
452 0
461 0
469 0
476 0
485 0
494 0
497 0
501 0
508 0
517 0
523 0
528 0
536 0
538 0
543 0
546 0
549 0
553 0
562 0
571 0
576 0
584 0
591 0
599 0
606 0
613 0
619 0
628 0
631 0
633 0
636 0
638 0
644 0
647 0
649 0
654 0
662 0
667 0
672 0
678 0
686 0
695 0
696 0
698 0
706 0
710 0
715 0
720 0
723 0
729 0
736 0
737 0
742 0
749 0
753 0
754 0
757 0
766 0
774 0
780 0
788 0
794 0
795 0
799 0
804 0
809 0
813 0
815 0
822 0
825 0
832 0
838 0
847 0
855 0
856 0
861 0
864 0
867 0
873 0
878 0
885 0
893 0
899 0
900 0
901 0
908 0
914 0
918 0
925 0
928 0
931 0
933 0
940 0
944 0
949 0
950 0
952 0
957 0
959 0
960 0
965 0
973 0
974 0
975 0
979 0
985 0
993 0
996 0
998 0
1007 0
1014 0
1021 0
1026 0
1034 0
1041 0
1047 0
1053 0
1057 0
1058 0
1067 0
1076 0
1084 0
1092 0
1097 0
1101 0
1105 0
1113 0
1118 0
1127 0
1128 0
1129 0
1134 0
1139 0
1143 0
1148 0
1154 0
1157 0
1159 0
1160 0
1161 0
1164 0
1167 0
1174 0
1178 0
1183 0
1185 0
1194 0
1203 0
1206 0
1210 0
1216 0
1220 0
1228 0
1235 0
1239 0
1241 0
1244 0
1253 0
1259 0
1260 0
1262 0
1268 0
1277 0
1283 0
1285 0
1291 0
1293 0
1296 0
1305 0
1308 0
1314 0
1318 0
1321 0
1326 0
1334 0
1336 0
1341 0
1344 0
1351 0
1357 0
1365 0
1370 0
1372 0
1375 0
1376 0
1382 0
1388 0
1391 0
1396 0
1399 0
1401 0
1407 0
1410 0
1413 0
1417 0
1423 0
1431 0
1440 0
1449 0
1456 0
1461 0
1467 0
1475 0
1482 0
1484 0
1492 0
1493 0
1500 0
1502 0
1507 0
1514 0
1516 0
1518 0
1519 0
1523 0
1526 0
1535 0
1541 0
1549 0
1552 0
1559 0
1565 0
1568 0
1574 0
1577 0
1584 0
1585 0
1594 0
1603 0
1606 0
1615 0
1622 0
1624 0
1629 0
1634 0
1637 0
1644 0
1647 0
1656 0
1657 0
1658 0
1659 0
1668 0
1675 0
1677 0
1686 0
1695 0
1703 0
1707 0
1714 0
1722 0
1725 0
1732 0
1737 0
1746 0
1749 0
1755 0
1764 0
1770 0
1777 0
1780 0
1782 0
1789 0
1790 0
1799 0
1800 0
1807 0
1814 0
1815 0
1819 0
1821 0
1824 0
1829 0
1830 0
1831 0
1833 0
1842 0
1844 0
1845 0
1852 0
1860 0
1863 0
1865 0
1868 0
1874 0
1878 0
1882 0
1887 0
1896 0
1901 0
1908 0
1914 0
1917 0
1922 0
1931 0
1939 0
1940 0
1944 0
1949 0
1956 0
1965 0
1968 0
1970 0
1975 0
1976 0
1980 0
1989 0
1990 0
1993 0
1996 0
2002 0
2010 0
2016 0
2017 0
2023 0
2025 0
2026 0
2030 0
2032 0
2033 0
2040 0
2049 0
2051 0
2055 0
2062 0
2063 0
2069 0
2073 0
2080 0
2088 0
2097 0
2104 0
2113 0
2115 0
2124 0
2126 0
2128 0
2129 0
2138 0
2145 0
2154 0
2160 0
2161 0
2169 0
2178 0
2182 0
2189 0
2192 0
2201 0
2209 0
2216 0
2217 0
2218 0
2225 0
2231 0
2234 0
2243 0
2247 0
2252 0
2259 0
2262 0
2271 0
2272 0
2279 0
2282 0
2285 0
2287 0
2291 0
2295 0
2299 0
2303 0
2308 0
2316 0
2322 0
2323 0
2332 0
2338 0
2344 0
2353 0
2361 0
2369 0
2375 0
2378 0
2387 0
2393 0
2397 0
2402 0
2407 0
2416 0
2418 0
2421 0
2429 0
2432 0
2435 0
2439 0
2442 0
2445 0
2447 0
2454 0
2455 0
2457 0
2460 0
2464 0
2467 0
2470 0
2471 0
2477 0
2481 0
2482 0
2485 0
2487 0
2490 0
2492 0
2494 0
2496 0
2505 0
2508 0
2510 0
2519 0
2522 0
2524 0
2528 0
2534 0
2539 0
2541 0
2547 0
2549 0
2557 0
2563 0
2564 0
2566 0
2569 0
2577 0
2582 0
2586 0
2592 0
2599 0
2600 0
2606 0
2612 0
2614 0
2619 0
2621 0
2623 0
2630 0
2637 0
2646 0
2647 0
2650 0
2654 0
2655 0
2656 0
2662 0
2665 0
2667 0
2671 0
2674 0
2679 0
2682 0
2684 0
2691 0
2700 0
2707 0
2709 0
2710 0
2715 0
2719 0
2728 0
2737 0
2742 0
2744 0
2746 0
2747 0
2748 0
2749 0
2756 0
2760 0
2765 0
2767 0
2772 0
2774 0
2778 0
2780 0
2784 0
2793 0
2797 0
2804 0
2807 0
2813 0
2822 0
2824 0
2831 0
2836 0
2840 0
2846 0
2853 0
2854 0
2862 0
2866 0
2873 0
2875 0
2878 0
2887 0
2892 0
2896 0
2898 0
2903 0
2908 0
2910 0
2917 0
2926 0
2928 0
2936 0
2943 0
2947 0
2949 0
2951 0
2955 0
2964 0
2970 0
2977 0
2978 0
2981 0
2984 0
2986 0
2989 0
2997 0
3006 0
3014 0
3023 0
3028 0
3034 0
3035 0
3039 0
3041 0
3049 0
3057 0
3060 0
3062 0
3064 0
3073 0
3077 0
3086 0
3091 0
3092 0
3096 0
3105 0
3109 0
3114 0
3121 0
3123 0
3127 0
3133 0
3142 0
3148 0
3156 0
3165 0
3172 0
3180 0
3188 0
3197 0
3203 0
3206 0
3215 0
3221 0
3222 0
3225 0
3227 0
3231 0
3239 0
3243 0
3244 0
3250 0
3258 0
3263 0
3265 0
3266 0
3271 0
3276 0
3284 0
3285 0
3293 0
3301 0
3303 0
3308 0
3316 0
3318 0
3327 0
3336 0
3343 0
3349 0
3358 0
3361 0
3365 0
3367 0
3373 0
3377 0
3378 0
3380 0
3388 0
3393 0
3402 0
3409 0
3412 0
3420 0
3423 0
3426 0
3432 0
3438 0
3443 0
3447 0
3448 0
3451 0
3459 0
3461 0
3465 0
3469 0
3473 0
3476 0
3477 0
3484 0
3488 0
3493 0
3500 0
3504 0
3507 0
3514 0
3523 0
3526 0
3535 0
3544 0
3551 0
3555 0
3564 0
3566 0
3572 0
3580 0
3587 0
3596 0
3605 0
3606 0
3607 0
3609 0
3612 0
3613 0
3617 0
3621 0
3626 0
3628 0
3632 0
3636 0
3640 0
3644 0
3649 0
3653 0
3655 0
3661 0
3667 0
3669 0
3672 0
3681 0
3687 0
3695 0
3700 0
3709 0
3710 0
3719 0
3726 0
3733 0
3739 0
3748 0
3757 0
3763 0
3768 0
3770 0
3771 0
3775 0
3783 0
3787 0
3793 0
3795 0
3798 0
3805 0
3811 0
3815 0
3820 0
3829 0
3837 0
3845 0
3846 0
3855 0
3864 0
3871 0
3874 0
3877 0
3882 0
3884 0
3891 0
3898 0
3902 0
3910 0
3918 0
3920 0
3926 0
3935 0
3936 0
3939 0
3943 0
3949 0
3954 0
3959 0
3961 0
3963 0
3971 0
3976 0
3982 0
3989 0
3993 0
4002 0
4006 0
4012 0
4013 0
4016 0
4023 0
4031 0
4035 0
4038 0
4046 0
4051 0
4058 0
4062 0
4064 0
4065 0
4074 0
4077 0
4085 0
4094 0
4096 0
4103 0
4105 0
4112 0
4114 0
4117 0
4120 0
4126 0
4129 0
4133 0
4139 0
4140 0
4147 0
4153 0
4157 0
4166 0
4175 0
4176 0
4181 0
4183 0
4192 0
4194 0
4197 0
4198 0
4200 0
4207 0
4211 0
4216 0
4218 0
4219 0
4226 0
4235 0
4237 0
4246 0
4254 0
4255 0
4260 0
4266 0
4270 0
4275 0
4277 0
4285 0
4288 0
4290 0
4294 0
4296 0
4298 0
4307 0
4316 0
4323 0
4326 0
4335 0
4338 0
4340 0
4345 0
4354 0
4363 0
4366 0
4369 0
4378 0
4386 0
4389 0
4391 0
4393 0
4397 0
4398 0
4403 0
4408 0
4409 0
4414 0
4417 0
4425 0
4430 0
4433 0
4436 0
4443 0
4452 0
4461 0
4464 0
4469 0
4470 0
4477 0
4485 0
4491 0
4497 0
4502 0
4510 0
4514 0
4521 0
4528 0
4529 0
4532 0
4534 0
4538 0
4545 0
4548 0
4549 0
4553 0
4555 0
4562 0
4567 0
4576 0
4578 0
4584 0
4590 0
4594 0
4601 0
4610 0
4612 0
4620 0
4624 0
4627 0
4636 0
4643 0
4644 0
4653 0
4661 0
4664 0
4671 0
4677 0
4684 0
4688 0
4692 0
4694 0
4697 0
4698 0
4702 0
4705 0
4710 0
4716 0
4719 0
4726 0
4727 0
4736 0
4744 0
4745 0
4748 0
4757 0
4764 0
4768 0
4776 0
4781 0
4784 0
4785 0
4794 0
4797 0
4799 0
4802 0
4806 0
4815 0
4816 0
4822 0
4829 0
4838 0
4839 0
4847 0
4850 0
4853 0
4855 0
4860 0
4863 0
4865 0
4871 0
4878 0
4885 0
4887 0
4891 0
4894 0
4899 0
4902 0
4909 0
4911 0
4915 0
4923 0
4927 0
4933 0
4940 0
4947 0
4950 0
4954 0
4959 0
4966 0
4969 0
4974 0
4982 0
4989 0
4997 0
5001 0
5005 0
5007 0
5010 0
5017 0
5021 0
5028 0
5031 0
5037 0
5038 0
5043 0
5052 0
5057 0
5061 0
5064 0
5069 0
5071 0
5074 0
5083 0
5086 0
5090 0
5099 0
5101 0
5107 0
5113 0
5115 0
5119 0
5120 0
5126 0
5135 0
5141 0
5147 0
5151 0
5157 0
5162 0
5164 0
5166 0
5174 0
5182 0
5184 0
5189 0
5196 0
5198 0
5206 0
5208 0
5214 0
5216 0
5221 0
5230 0
5239 0
5246 0
5254 0
5259 0
5260 0
5261 0
5265 0
5269 0
5277 0
5284 0
5286 0
5295 0
5297 0
5298 0
5306 0
5307 0
5314 0
5320 0
5329 0
5331 0
5335 0
5341 0
5348 0
5352 0
5354 0
5356 0
5359 0
5363 0
5368 0
5373 0
5381 0
5383 0
5388 0
5397 0
5400 0
5407 0
5415 0
5423 0
5424 0
5431 0
5432 0
5441 0
5447 0
5448 0
5455 0
5459 0
5468 0
5470 0
5479 0
5481 0
5483 0
5486 0
5488 0
5491 0
5494 0
5503 0
5507 0
5511 0
5513 0
5516 0
5517 0
5518 0
5519 0
5523 0
5527 0
5533 0
5542 0
5549 0
5555 0
5557 0
5563 0
5571 0
5578 0
5585 0
5594 0
5602 0
5608 0
5613 0
5622 0
5624 0
5629 0
5630 0
5635 0
5639 0
5642 0
5648 0
5656 0
5665 0
5674 0
5679 0
5687 0
5690 0
5696 0
5704 0
5707 0
5716 0
5720 0
5727 0
5729 0
5732 0
5735 0
5736 0
5743 0
5749 0
5757 0
5759 0
5763 0
5765 0
5771 0
5773 0
5780 0
5783 0
5788 0
5793 0
5798 0
5799 0
5801 0
5810 0
5818 0
5824 0
5828 0
5830 0
5839 0
5841 0
5849 0
5854 0
5861 0
5863 0
5864 0
5865 0
5871 0
5874 0
5883 0
5891 0
5897 0
5903 0
5907 0
5908 0
5914 0
5917 0
5926 0
5927 0
5935 0
5937 0
5942 0
5945 0
5949 0
5955 0
5958 0
5963 0
5964 0
5969 0
5973 0
5982 0
5985 0
5994 0
6002 0
6006 0
6012 0
6018 0
6021 0
6023 0
6027 0
6030 0
6032 0
6036 0
6043 0
6050 0
6053 0
6054 0
6062 0
6066 0
6068 0
6072 0
6073 0
6078 0
6083 0
6085 0
6094 0
6102 0
6111 0
6115 0
6122 0
6129 0
6138 0
6144 0
6149 0
6157 0
6164 0
6170 0
6172 0
6181 0
6186 0
6193 0
6201 0
6204 0
6208 0
6216 0
6222 0
6225 0
6231 0
6233 0
6239 0
6245 0
6254 0
6259 0
6261 0
6269 0
6272 0
6277 0
6281 0
6286 0
6292 0
6298 0
6302 0
6303 0
6310 0
6316 0
6318 0
6324 0
6327 0
6330 0
6333 0
6336 0
6342 0
6343 0
6352 0
6358 0
6367 0
6374 0
6380 0
6381 0
6388 0
6394 0
6402 0
6409 0
6417 0
6419 0
6420 0
6424 0
6427 0
6435 0
6437 0
6443 0
6448 0
6454 0
6457 0
6461 0
6469 0
6470 0
6473 0
6482 0
6483 0
6486 0
6493 0
6494 0
6496 0
6505 0
6508 0
6511 0
6516 0
6524 0
6527 0
6528 0
6532 0
6535 0
6543 0
6549 0
6556 0
6562 0
6567 0
6571 0
6575 0
6580 0
6582 0
6591 0
6596 0
6601 0
6609 0
6617 0
6620 0
6624 0
6628 0
6631 0
6640 0
6647 0
6654 0
6657 0
6661 0
6665 0
6671 0
6680 0
6688 0
6694 0
6697 0
6698 0
6700 0
6704 0
6707 0
6711 0
6716 0
6718 0
6723 0
6725 0
6728 0
6732 0
6734 0
6743 0
6750 0
6756 0
6760 0
6763 0
6767 0
6775 0
6783 0
6787 0
6794 0
6802 0
6806 0
6813 0
6818 0
6822 0
6828 0
6829 0
6834 0
6841 0
6843 0
6848 0
6853 0
6857 0
6865 0
6870 0
6878 0
6883 0
6888 0
6895 0
6902 0
6910 0
6913 0
6914 0
6923 0
6929 0
6933 0
6937 0
6946 0
6954 0
6960 0
6961 0
6964 0
6973 0
6982 0
6989 0
6991 0
6998 0
7003 0
7012 0
7021 0
7028 0
7032 0
7040 0
7045 0
7049 0
7054 0
7059 0
7066 0
7074 0
7078 0
7081 0
7084 0
7087 0
7094 0
7100 0
7107 0
7110 0
7116 0
7117 0
7121 0
7129 0
7136 0
7139 0
7144 0
7147 0
7149 0
7157 0
7160 0
7161 0
7163 0
7166 0
7167 0
7169 0
7176 0
7182 0
7187 0
7191 0
7193 0
7199 0
7206 0
7213 0
7216 0
7217 0
7218 0
7220 0
7223 0
7228 0
7229 0
7232 0
7241 0
7246 0
7254 0
7256 0
7264 0
7271 0
7275 0
7278 0
7283 0
7290 0
7291 0
7298 0
7299 0
7308 0
7317 0
7320 0
7325 0
7327 0
7335 0
7341 0
7343 0
7344 0
7346 0
7355 0
7360 0
7369 0
7375 0
7384 0
7393 0
7399 0
7403 0
7408 0
7415 0
7424 0
7425 0
7429 0
7430 0
7432 0
7441 0
7447 0
7451 0
7456 0
7459 0
7460 0
7461 0
7464 0
7466 0
7474 0
7482 0
7490 0
7492 0
7500 0
7509 0
7510 0
7513 0
7518 0
7523 0
7527 0
7528 0
7534 0
7536 0
7540 0
7541 0
7544 0
7552 0
7555 0
7562 0
7567 0
7572 0
7574 0
7582 0
7586 0
7588 0
7593 0
7595 0
7598 0
7606 0
7611 0
7619 0
7623 0
7627 0
7635 0
7644 0
7647 0
7652 0
7654 0
7657 0
7662 0
7664 0
7667 0
7673 0
7675 0
7683 0
7688 0
7694 0
7698 0
7703 0
7710 0
7716 0
7719 0
7723 0
7731 0
7734 0
7738 0
7746 0
7747 0
7755 0
7756 0
7758 0
7763 0
7765 0
7766 0
7771 0
7779 0
7786 0
7793 0
7802 0
7803 0
7812 0
7814 0
7822 0
7830 0
7834 0
7842 0
7850 0
7857 0
7859 0
7862 0
7868 0
7869 0
7871 0
7878 0
7887 0
7892 0
7893 0
7894 0
7903 0
7907 0
7910 0
7917 0
7926 0
7928 0
7932 0
7940 0
7946 0
7953 0
7957 0
7963 0
7964 0
7965 0
7970 0
7976 0
7985 0
7986 0
7993 0
8002 0
8006 0
8008 0
8012 0
8017 0
8026 0
8034 0
8035 0
8044 0
8046 0
8052 0
8059 0
8062 0
8071 0
8072 0
8078 0
8086 0
8087 0
8093 0
8100 0
8107 0
8113 0
8121 0
8122 0
8130 0
8139 0
8146 0
8148 0
8154 0
8156 0
8160 0
8169 0
8178 0
8181 0
8182 0
8188 0
8192 0
8193 0
8201 0
8202 0
8205 0
8212 0
8214 0
8217 0
8221 0
8230 0
8239 0
8243 0
8244 0
8251 0
8258 0
8267 0
8275 0
8278 0
8281 0
8282 0
8283 0
8285 0
8292 0
8295 0
8299 0
8301 0
8310 0
8311 0
8316 0
8325 0
8331 0
8336 0
8345 0
8350 0
8357 0
8361 0
8367 0
8374 0
8377 0
8381 0
8385 0
8390 0
8396 0
8402 0
8403 0
8406 0
8409 0
8412 0
8414 0
8415 0
8424 0
8427 0
8430 0
8439 0
8446 0
8449 0
8450 0
8456 0
8461 0
8469 0
8473 0
8479 0
8487 0
8494 0
8499 0
8506 0
8511 0
8517 0
8523 0
8524 0
8528 0
8537 0
8546 0
8551 0
8552 0
8556 0
8558 0
8565 0
8573 0
8574 0
8582 0
8587 0
8592 0
8594 0
8603 0
8605 0
8610 0
8612 0
8614 0
8620 0
8624 0
8628 0
8629 0
8634 0
8638 0
8645 0
8653 0
8660 0
8665 0
8669 0
8675 0
8680 0
8687 0
8694 0
8698 0
8707 0
8709 0
8710 0
8716 0
8720 0
8727 0
8734 0
8736 0
8744 0
8752 0
8754 0
8762 0
8771 0
8772 0
8774 0
8781 0
8789 0
8792 0
8798 0
8803 0
8810 0
8814 0
8820 0
8824 0
8825 0
8834 0
8843 0
8846 0
8850 0
8859 0
8861 0
8867 0
8875 0
8879 0
8881 0
8885 0
8886 0
8891 0
8895 0
8902 0
8908 0
8914 0
8923 0
8932 0
8938 0
8946 0
8955 0
8961 0
8966 0
8968 0
8974 0
8976 0
8984 0
8990 0
8995 0
9001 0
9004 0
9008 0
9011 0
9012 0
9017 0
9026 0
9027 0
9030 0
9039 0
9043 0
9046 0
9055 0
9056 0
9064 0
9066 0
9070 0
9078 0
9079 0
9087 0
9089 0
9098 0
9101 0
9108 0
9116 0
9122 0
9131 0
9136 0
9137 0
9145 0
9151 0
9154 0
9160 0
9163 0
9165 0
9166 0
9168 0
9173 0
9181 0
9184 0
9189 0
9191 0
9199 0
9201 0
9207 0
9209 0
9210 0
9216 0
9223 0
9232 0
9238 0
9246 0
9253 0
9254 0
9262 0
9270 0
9273 0
9279 0
9284 0
9289 0
9295 0
9296 0
9304 0
9310 0
9312 0
9313 0
9319 0
9328 0
9335 0
9337 0
9339 0
9346 0
9348 0
9354 0
9356 0
9363 0
9370 0
9378 0
9382 0
9385 0
9392 0
9398 0
9404 0
9407 0
9412 0
9416 0
9425 0
9426 0
9434 0
9439 0
9444 0
9451 0
9456 0
9463 0
9464 0
9473 0
9475 0
9478 0
9481 0
9488 0
9494 0
9496 0
9500 0
9503 0
9506 0
9509 0
9513 0
9521 0
9524 0
9529 0
9531 0
9539 0
9545 0
9550 0
9559 0
9561 0
9563 0
9569 0
9574 0
9575 0
9583 0
9585 0
9592 0
9598 0
9605 0
9610 0
9611 0
9617 0
9620 0
9629 0
9636 0
9638 0
9645 0
9648 0
9652 0
9657 0
9659 0
9666 0
9672 0
9678 0
9682 0
9684 0
9687 0
9693 0
9702 0
9709 0
9718 0
9727 0
9730 0
9734 0
9740 0
9748 0
9750 0
9759 0
9761 0
9768 0
9770 0
9775 0
9783 0
9789 0
9793 0
9795 0
9802 0
9808 0
9809 0
9810 0
9815 0
9821 0
9830 0
9837 0
9840 0
9841 0
9847 0
9852 0
9854 0
9859 0
9864 0
9871 0
9872 0
9874 0
9878 0
9882 0
9891 0
9897 0
9904 0
9906 0
9910 0
9912 0
9914 0
9919 0
9923 0
9925 0
9928 0
9931 0
9939 0
9946 0
9949 0
9951 0
9954 0
9956 0
9958 0
9967 0
9971 0
9974 0
9983 0
9989 0
9991 0
9993 0
10002 0
10006 0
10014 0
10023 0
10030 0
10033 0
10034 0
10037 0
10045 0
10054 0
10060 0
10062 0
10067 0
10075 0
10083 0
10089 0
10092 0
10093 0
10099 0
10103 0
10109 0
10114 0
10118 0
10125 0
10134 0
10136 0
10140 0
10147 0
10148 0
10151 0
10158 0
10166 0
10174 0
10175 0
10180 0
10185 0
10190 0
10191 0
10199 0
10200 0
10204 0
10205 0
10213 0
10214 0
10223 0
10224 0
10227 0
10234 0
10238 0
10244 0
10250 0
10256 0
10263 0
10268 0
10277 0
10284 0
10288 0
10293 0
10296 0
10302 0
10310 0
10311 0
10317 0
10319 0
10320 0
10321 0
10323 0
10332 0
10333 0
10342 0
10348 0
10353 0
10361 0
10368 0
10377 0
10379 0
10388 0
10397 0
10399 0
10407 0
10410 0
10417 0
10419 0
10424 0
10427 0
10431 0
10439 0
10446 0
10454 0
10463 0
10466 0
10468 0
10475 0
10484 0
10493 0
10495 0
10502 0
10509 0
10515 0
10517 0
10521 0
10524 0
10533 0
10541 0
10549 0
10555 0
10557 0
10565 0
10571 0
10576 0
10578 0
10579 0
10588 0
10597 0
10606 0
10611 0
10613 0
10622 0
10625 0
10634 0
10643 0
10652 0
10659 0
10663 0
10668 0
10677 0
10685 0
10689 0
10697 0
10699 0
10708 0
10716 0
10719 0
10720 0
10727 0
10734 0
10737 0
10743 0
10752 0
10753 0
10757 0
10758 0
10766 0
10774 0
10780 0
10786 0
10790 0
10798 0
10806 0
10813 0
10820 0
10828 0
10831 0
10832 0
10835 0
10841 0
10844 0
10846 0
10855 0
10858 0
10862 0
10869 0
10877 0
10883 0
10888 0
10895 0
10902 0
10911 0
10919 0
10926 0
10932 0
10940 0
10947 0
10953 0
10962 0
10967 0
10969 0
10970 0
10972 0
10981 0
10990 0
10997 0
11005 0
11009 0
11010 0
11011 0
11015 0
11023 0
11029 0
11037 0
11038 0
11042 0
11051 0
11054 0
11058 0
11066 0
11073 0
11076 0
11082 0
11090 0
11096 0
11101 0
11110 0
11113 0
11117 0
11122 0
11128 0
11131 0
11138 0
11144 0
11147 0
11148 0
11155 0
11159 0
11163 0
11171 0
11175 0
11178 0
11185 0
11192 0
11201 0
11205 0
11214 0
11216 0
11218 0
11223 0
11232 0
11233 0
11238 0
11242 0
11246 0
11254 0
11260 0
11263 0
11268 0
11269 0
11271 0
11274 0
11278 0
11279 0
11287 0
11288 0
11295 0
11301 0
11310 0
11312 0
11316 0
11323 0
11327 0
11333 0
11342 0
11347 0
11355 0
11360 0
11362 0
11364 0
11371 0
11372 0
11375 0
11382 0
11383 0
11387 0
11395 0
11397 0
11402 0
11404 0
11412 0
11413 0
11416 0
11417 0
11424 0
11431 0
11433 0
11439 0
11440 0
11445 0
11454 0
11456 0
11458 0
11466 0
11468 0
11476 0
11481 0
11489 0
11494 0
11501 0
11508 0
11516 0
11519 0
11524 0
11529 0
11534 0
11540 0
11544 0
11545 0
11550 0
11551 0
11559 0
11561 0
11568 0
11573 0
11578 0
11587 0
11596 0
11605 0
11613 0
11617 0
11624 0
11632 0
11633 0
11636 0
11641 0
11642 0
11648 0
11656 0
11659 0
11660 0
11664 0
11669 0
11670 0
11672 0
11680 0
11687 0
11696 0
11699 0
11703 0
11705 0
11713 0
11715 0
11720 0
11729 0
11738 0
11742 0
11745 0
11754 0
11758 0
11764 0
11771 0
11779 0
11781 0
11789 0
11791 0
11793 0
11799 0
11805 0
11814 0
11818 0
11825 0
11832 0
11833 0
11837 0
11842 0
11845 0
11854 0
11857 0
11864 0
11871 0
11876 0
11882 0
11891 0
11900 0
11906 0
11915 0
11919 0
11928 0
11937 0
11943 0
11949 0
11958 0
11960 0
11967 0
11970 0
11972 0
11973 0
11979 0
11984 0
11993 0
12001 0
12008 0
12016 0
12018 0
12027 0
12035 0
12036 0
12037 0
12039 0
12048 0
12055 0
12060 0
12062 0
12067 0
12074 0
12082 0
12086 0
12089 0
12098 0
12101 0
12105 0
12112 0
12115 0
12123 0
12128 0
12129 0
12133 0
12141 0
12143 0
12149 0
12156 0
12164 0
12170 0
12172 0
12177 0
12181 0
12182 0
12190 0
12193 0
12194 0
12202 0
12209 0
12218 0
12223 0
12224 0
12232 0
12238 0
12245 0
12249 0
12256 0
12263 0
12269 0
12273 0
12281 0
12290 0
12294 0
12298 0
12307 0
12310 0
12319 0
12322 0
12331 0
12339 0
12340 0
12343 0
12347 0
12356 0
12362 0
12365 0
12373 0
12378 0
12383 0
12387 0
12388 0
12397 0
12404 0
12407 0
12415 0
12422 0
12426 0
12429 0
12432 0
12440 0
12447 0
12449 0
12452 0
12457 0
12458 0
12465 0
12466 0
12469 0
12478 0
12484 0
12486 0
12494 0
12500 0
12503 0
12508 0
12515 0
12522 0
12525 0
12529 0
12538 0
12546 0
12554 0
12562 0
12563 0
12569 0
12575 0
12577 0
12578 0
12579 0
12586 0
12589 0
12598 0
12599 0
12604 0
12610 0
12614 0
12617 0
12618 0
12623 0
12629 0
12636 0
12639 0
12647 0
12654 0
12657 0
12666 0
12675 0
12679 0
12685 0
12686 0
12688 0
12695 0
12700 0
12704 0
12709 0
12717 0
12724 0
12728 0
12737 0
12742 0
12751 0
12754 0
12758 0
12762 0
12766 0
12772 0
12780 0
12789 0
12793 0
12801 0
12805 0
12811 0
12820 0
12829 0
12832 0
12834 0
12841 0
12847 0
12852 0
12859 0
12865 0
12869 0
12871 0
12875 0
12881 0
12889 0
12895 0
12899 0
12904 0
12911 0
12915 0
12919 0
12921 0
12926 0
12929 0
12930 0
12932 0
12936 0
12943 0
12948 0
12954 0
12958 0
12962 0
12966 0
12971 0
12976 0
12982 0
12990 0
12997 0
13001 0
13010 0
13012 0
13017 0
13018 0
13024 0
13025 0
13029 0
13036 0
13041 0
13047 0
13051 0
13054 0
13062 0
13064 0
13068 0
13075 0
13084 0
13093 0
13098 0
13103 0
13106 0
13115 0
13120 0
13125 0
13130 0
13134 0
13136 0
13144 0
13146 0
13148 0
13155 0
13162 0
13166 0
13172 0
13177 0
13178 0
13180 0
13185 0
13189 0
13190 0
13192 0
13195 0
13197 0
13205 0
13208 0
13216 0
13220 0
13226 0
13233 0
13234 0
13236 0
13244 0
13252 0
13257 0
13259 0
13264 0
13271 0
13277 0
13278 0
13287 0
13295 0
13298 0
13301 0
13302 0
13304 0
13310 0
13317 0
13326 0
13329 0
13336 0
13342 0
13349 0
13352 0
13353 0
13354 0
13357 0
13363 0
13368 0
13376 0
13380 0
13382 0
13387 0
13389 0
13397 0
13401 0
13407 0
13408 0
13413 0
13419 0
13422 0
13429 0
13430 0
13432 0
13438 0
13445 0
13454 0
13462 0
13466 0
13472 0
13475 0
13476 0
13482 0
13483 0
13485 0
13487 0
13491 0
13499 0
13503 0
13509 0
13512 0
13521 0
13527 0
13531 0
13535 0
13540 0
13543 0
13548 0
13554 0
13560 0
13569 0
13574 0
13576 0
13579 0
13588 0
13594 0
13596 0
13597 0
13600 0
13603 0
13605 0
13606 0
13611 0
13616 0
13618 0
13625 0
13629 0
13634 0
13637 0
13641 0
13650 0
13654 0
13662 0
13663 0
13672 0
13674 0
13677 0
13681 0
13682 0
13683 0
13690 0
13692 0
13698 0
13707 0
13714 0
13717 0
13726 0
13730 0
13734 0
13736 0
13742 0
13748 0
13752 0
13757 0
13762 0
13765 0
13769 0
13775 0
13780 0
13787 0
13792 0
13795 0
13802 0
13805 0
13808 0
13817 0
13818 0
13819 0
13823 0
13832 0
13834 0
13840 0
13841 0
13846 0
13849 0
13858 0
13863 0
13865 0
13868 0
13871 0
13880 0
13886 0
13890 0
13895 0
13902 0
13907 0
13908 0
13914 0
13922 0
13929 0
13930 0
13939 0
13948 0
13953 0
13957 0
13965 0
13973 0
13976 0
13978 0
13983 0
13990 0
13994 0
13999 0
14005 0
14008 0
14015 0
14016 0
14020 0
14021 0
14030 0
14031 0
14035 0
14044 0
14046 0
14053 0
14062 0
14070 0
14079 0
14088 0
14094 0
14102 0
14105 0
14113 0
14115 0
14124 0
14129 0
14130 0
14137 0
14140 0
14143 0
14147 0
14156 0
14165 0
14172 0
14176 0
14179 0
14183 0
14191 0
14199 0
14204 0
14208 0
14212 0
14213 0
14219 0
14227 0
14230 0
14238 0
14244 0
14245 0
14249 0
14250 0
14259 0
14260 0
14266 0
14268 0
14273 0
14275 0
14280 0
14282 0
14288 0
14291 0
14293 0
14302 0
14303 0
14309 0
14316 0
14321 0
14327 0
14334 0
14335 0
14343 0
14350 0
14357 0
14363 0
14368 0
14372 0
14374 0
14382 0
14389 0
14390 0
14391 0
14394 0
14395 0
14396 0
14404 0
14410 0
14419 0
14421 0
14424 0
14425 0
14428 0
14435 0
14437 0
14445 0
14449 0
14458 0
14460 0
14461 0
14470 0
14473 0
14476 0
14485 0
14487 0
14490 0
14497 0
14506 0
14508 0
14517 0
14524 0
14531 0
14536 0
14540 0
14546 0
14550 0
14557 0
14564 0
14573 0
14580 0
14585 0
14591 0
14595 0
14603 0
14605 0
14611 0
14617 0
14624 0
14633 0
14641 0
14648 0
14653 0
14658 0
14665 0
14666 0
14674 0
14682 0
14691 0
14698 0
14707 0
14709 0
14718 0
14721 0
14726 0
14735 0
14739 0
14743 0
14747 0
14756 0
14759 0
14762 0
14771 0
14776 0
14780 0
14782 0
14789 0
14792 0
14797 0
14804 0
14807 0
14816 0
14825 0
14828 0
14837 0
14839 0
14843 0
14848 0
14854 0
14859 0
14862 0
14867 0
14872 0
14880 0
14889 0
14891 0
14893 0
14894 0
14902 0
14910 0
14914 0
14916 0
14919 0
14924 0
14932 0
14937 0
14942 0
14947 0
14952 0
14958 0
14967 0
14968 0
14974 0
14976 0
14985 0
14990 0
14991 0
14998 0
14999 0
15000 0
15007 0
15009 0
15012 0
15015 0
15022 0
15027 0
15030 0
15033 0
15037 0
15040 0
15044 0
15048 0
15053 0
15054 0
15059 0
15061 0
15067 0
15068 0
15071 0
15078 0
15080 0
15086 0
15091 0
15095 0
15096 0
15104 0
15106 0
15113 0
15120 0
15123 0
15130 0
15132 0
15141 0
15143 0
15145 0
15147 0
15148 0
15152 0
15158 0
15161 0
15165 0
15171 0
15177 0
15178 0
15186 0
15192 0
15194 0
15196 0
15201 0
15207 0
15214 0
15219 0
15220 0
15225 0
15230 0
15239 0
15246 0
15248 0
15254 0
15261 0
15268 0
15271 0
15276 0
15285 0
15287 0
15289 0
15291 0
15294 0
15301 0
15302 0
15306 0
15307 0
15312 0
15313 0
15314 0
15319 0
15328 0
15331 0
15336 0
15339 0
15348 0
15355 0
15362 0
15366 0
15369 0
15370 0
15378 0
15385 0
15391 0
15394 0
15400 0
15401 0
15404 0
15410 0
15415 0
15417 0
15423 0
15424 0
15429 0
15432 0
15440 0
15444 0
15445 0
15453 0
15460 0
15465 0
15469 0
15476 0
15485 0
15490 0
15495 0
15499 0
15505 0
15509 0
15510 0
15513 0
15515 0
15516 0
15521 0
15522 0
15530 0
15537 0
15541 0
15545 0
15553 0
15557 0
15564 0
15573 0
15579 0
15582 0
15590 0
15596 0
15605 0
15611 0
15616 0
15619 0
15624 0
15627 0
15635 0
15636 0
15641 0
15647 0
15653 0
15659 0
15668 0
15670 0
15679 0
15683 0
15692 0
15696 0
15702 0
15709 0
15716 0
15718 0
15726 0
15727 0
15732 0
15739 0
15740 0
15747 0
15756 0
15761 0
15768 0
15775 0
15783 0
15786 0
15787 0
15795 0
15803 0
15812 0
15819 0
15821 0
15825 0
15827 0
15833 0
15838 0
15847 0
15849 0
15850 0
15858 0
15859 0
15864 0
15867 0
15874 0
15879 0
15888 0
15894 0
15898 0
15901 0
15907 0
15913 0
15915 0
15916 0
15918 0
15919 0
15920 0
15925 0
15926 0
15929 0
15933 0
15939 0
15941 0
15947 0
15949 0
15956 0
15962 0
15964 0
15968 0
15974 0
15979 0
15988 0
15990 0
15996 0
16003 0
16006 0
16015 0
16023 0
16026 0
16035 0
16039 0
16041 0
16044 0
16045 0
16052 0
16055 0
16061 0
16062 0
16064 0
16071 0
16073 0
16079 0
16082 0
16084 0
16091 0
16093 0
16095 0
16101 0
16109 0
16110 0
16119 0
16123 0
16129 0
16137 0
16145 0
16146 0
16151 0
16157 0
16159 0
16162 0
16163 0
16167 0
16170 0
16171 0
16173 0
16182 0
16187 0
16196 0
16202 0
16209 0
16210 0
16218 0
16219 0
16222 0
16223 0
16225 0
16230 0
16234 0
16236 0
16241 0
16248 0
16257 0
16264 0
16266 0
16268 0
16275 0
16278 0
16287 0
16294 0
16296 0
16303 0
16309 0
16318 0
16325 0
16331 0
16332 0
16340 0
16341 0
16346 0
16348 0
16356 0
16359 0
16367 0
16376 0
16380 0
16388 0
16396 0
16397 0
16398 0
16400 0
16408 0
16413 0
16414 0
16421 0
16425 0
16434 0
16435 0
16436 0
16442 0
16446 0
16450 0
16458 0
16467 0
16475 0
16481 0
16483 0
16489 0
16491 0
16500 0
16506 0
16509 0
16516 0
16523 0
16532 0
16533 0
16535 0
16539 0
16541 0
16545 0
16549 0
16554 0
16563 0
16564 0
16572 0
16579 0
16587 0
16590 0
16596 0
16599 0
16604 0
16608 0
16617 0
16618 0
16624 0
16625 0
16632 0
16635 0
16642 0
16645 0
16654 0
16656 0
16665 0
16668 0
16676 0
16683 0
16689 0
16697 0
16701 0
16705 0
16712 0
16720 0
16721 0
16730 0
16736 0
16737 0
16746 0
16755 0
16764 0
16771 0
16773 0
16780 0
16785 0
16794 0
16802 0
16804 0
16813 0
16822 0
16831 0
16832 0
16841 0
16847 0
16850 0
16854 0
16860 0
16865 0
16869 0
16875 0
16883 0
16888 0
16890 0
16895 0
16898 0
16907 0
16908 0
16916 0
16923 0
16925 0
16927 0
16930 0
16939 0
16944 0
16949 0
16956 0
16958 0
16964 0
16971 0
16974 0
16982 0
16990 0
16999 0
17002 0
17011 0
17016 0
17022 0
17028 0
17037 0
17043 0
17052 0
17060 0
17067 0
17069 0
17071 0
17072 0
17076 0
17077 0
17080 0
17086 0
17089 0
17095 0
17104 0
17113 0
17122 0
17125 0
17126 0
17132 0
17134 0
17138 0
17146 0
17153 0
17162 0
17170 0
17172 0
17177 0
17185 0
17188 0
17197 0
17203 0
17207 0
17209 0
17210 0
17217 0
17225 0
17230 0
17239 0
17246 0
17253 0
17261 0
17266 0
17272 0
17281 0
17288 0
17293 0
17298 0
17306 0
17314 0
17321 0
17328 0
17331 0
17332 0
17335 0
17336 0
17337 0
17341 0
17344 0
17349 0
17350 0
17359 0
17364 0
17371 0
17380 0
17389 0
17395 0
17396 0
17403 0
17406 0
17411 0
17420 0
17421 0
17424 0
17425 0
17426 0
17433 0
17439 0
17444 0
17447 0
17450 0
17456 0
17463 0
17470 0
17478 0
17483 0
17484 0
17490 0
17498 0
17505 0
17512 0
17518 0
17524 0
17527 0
17531 0
17538 0
17543 0
17547 0
17552 0
17554 0
17560 0
17562 0
17569 0
17573 0
17575 0
17581 0
17585 0
17588 0
17596 0
17605 0
17612 0
17619 0
17625 0
17626 0
17633 0
17636 0
17642 0
17646 0
17651 0
17656 0
17662 0
17668 0
17674 0
17680 0
17685 0
17691 0
17693 0
17694 0
17699 0
17703 0
17706 0
17712 0
17714 0
17717 0
17719 0
17728 0
17733 0
17738 0
17744 0
17750 0
17751 0
17759 0
17761 0
17764 0
17772 0
17777 0
17786 0
17795 0
17803 0
17809 0
17814 0
17822 0
17827 0
17831 0
17840 0
17841 0
17848 0
17849 0
17851 0
17852 0
17854 0
17859 0
17865 0
17868 0
17872 0
17881 0
17889 0
17897 0
17902 0
17907 0
17910 0
17918 0
17920 0
17928 0
17929 0
17935 0
17939 0
17942 0
17943 0
17945 0
17947 0
17956 0
17961 0
17964 0
17968 0
17971 0
17980 0
17984 0
17991 0
17999 0
18005 0
18006 0
18008 0
18016 0
18018 0
18023 0
18032 0
18040 0
18041 0
18049 0
18053 0
18054 0
18056 0
18058 0
18062 0
18065 0
18068 0
18073 0
18076 0
18083 0
18086 0
18089 0
18091 0
18095 0
18099 0
18106 0
18112 0
18118 0
18119 0
18126 0
18135 0
18139 0
18144 0
18151 0
18154 0
18158 0
18167 0
18168 0
18177 0
18186 0
18190 0
18195 0
18197 0
18203 0
18205 0
18211 0
18219 0
18224 0
18232 0
18234 0
18238 0
18245 0
18246 0
18253 0
18257 0
18260 0
18262 0
18269 0
18273 0
18274 0
18279 0
18281 0
18283 0
18284 0
18288 0
18296 0
18303 0
18307 0
18311 0
18314 0
18316 0
18319 0
18325 0
18334 0
18339 0
18342 0
18348 0
18349 0
18356 0
18360 0
18368 0
18374 0
18376 0
18381 0
18383 0
18385 0
18394 0
18398 0
18401 0
18407 0
18414 0
18416 0
18419 0
18424 0
18430 0
18438 0
18440 0
18445 0
18449 0
18458 0
18463 0
18464 0
18467 0
18471 0
18478 0
18482 0
18483 0
18485 0
18488 0
18489 0
18493 0
18499 0
18508 0
18515 0
18520 0
18527 0
18534 0
18538 0
18541 0
18542 0
18547 0
18550 0
18551 0
18558 0
18567 0
18570 0
18577 0
18582 0
18587 0
18593 0
18602 0
18607 0
18611 0
18620 0
18626 0
18628 0
18635 0
18642 0
18649 0
18651 0
18656 0
18664 0
18673 0
18677 0
18682 0
18684 0
18688 0
18690 0
18692 0
18697 0
18705 0
18712 0
18713 0
18717 0
18726 0
18734 0
18737 0
18745 0
18747 0
18751 0
18757 0
18766 0
18773 0
18782 0
18785 0
18792 0
18797 0
18798 0
18800 0
18806 0
18807 0
18813 0
18819 0
18824 0
18833 0
18837 0
18838 0
18846 0
18852 0
18854 0
18861 0
18870 0
18875 0
18882 0
18888 0
18897 0
18902 0
18910 0
18914 0
18921 0
18929 0
18932 0
18934 0
18935 0
18937 0
18941 0
18949 0
18956 0
18959 0
18960 0
18964 0
18973 0
18978 0
18984 0
18990 0
18991 0
18994 0
19001 0
19004 0
19011 0
19012 0
19015 0
19021 0
19024 0
19025 0
19028 0
19034 0
19041 0
19047 0
19050 0
19054 0
19062 0
19064 0
19070 0
19076 0
19083 0
19085 0
19086 0
19089 0
19090 0
19098 0
19101 0
19103 0
19106 0
19109 0
19118 0
19124 0
19128 0
19134 0
19139 0
19148 0
19156 0
19165 0
19168 0
19177 0
19178 0
19182 0
19184 0
19189 0
19193 0
19199 0
19205 0
19208 0
19213 0
19216 0
19220 0
19223 0
19229 0
19237 0
19246 0
19247 0
19253 0
19260 0
19261 0
19265 0
19271 0
19278 0
19286 0
19293 0
19301 0
19305 0
19308 0
19317 0
19318 0
19320 0
19325 0
19334 0
19342 0
19351 0
19356 0
19361 0
19366 0
19368 0
19377 0
19384 0
19391 0
19398 0
19399 0
19400 0
19409 0
19411 0
19418 0
19425 0
19430 0
19435 0
19438 0
19440 0
19447 0
19448 0
19455 0
19462 0
19464 0
19472 0
19479 0
19482 0
19487 0
19495 0
19501 0
19509 0
19517 0
19519 0
19526 0
19527 0
19529 0
19530 0
19536 0
19544 0
19547 0
19556 0
19564 0
19567 0
19571 0
19580 0
19581 0
19588 0
19590 0
19598 0
19599 0
19606 0
19615 0
19616 0
19618 0
19623 0
19624 0
19628 0
19636 0
19637 0
19641 0
19648 0
19653 0
19657 0
19658 0
19660 0
19663 0
19665 0
19671 0
19676 0
19680 0
19681 0
19682 0
19688 0
19695 0
19704 0
19713 0
19718 0
19719 0
19726 0
19731 0
19736 0
19744 0
19752 0
19760 0
19769 0
19778 0
19785 0
19787 0
19796 0
19802 0
19810 0
19818 0
19825 0
19830 0
19836 0
19840 0
19842 0
19850 0
19858 0
19860 0
19864 0
19873 0
19875 0
19876 0
19878 0
19885 0
19890 0
19892 0
19899 0
19900 0
19901 0
19909 0
19913 0
19917 0
19925 0
19934 0
19936 0
19939 0
19943 0
19947 0
19956 0
19965 0
19974 0
19981 0
19989 0
19997 0
20001 0
20003 0
20004 0
20013 0
20020 0
20025 0
20033 0
20035 0
20044 0
20046 0
20054 0
20062 0
20067 0
20068 0
20077 0
20082 0
20088 0
20092 0
20098 0
20102 0
20110 0
20116 0
20120 0
20124 0
20129 0
20138 0
20141 0
20149 0
20155 0
20164 0
20167 0
20171 0
20177 0
20183 0
20185 0
20186 0
20192 0
20195 0
20200 0
20208 0
20217 0
20218 0
20227 0
20236 0
20237 0
20240 0
20246 0
20255 0
20258 0
20260 0
20267 0
20274 0
20277 0
20284 0
20285 0
20286 0
20287 0
20291 0
20292 0
20297 0
20299 0
20306 0
20309 0
20317 0
20318 0
20327 0
20331 0
20333 0
20335 0
20343 0
20347 0
20353 0
20355 0
20361 0
20367 0
20369 0
20373 0
20378 0
20383 0
20391 0
20394 0
20400 0
20408 0
20412 0
20420 0
20422 0
20428 0
20430 0
20436 0
20443 0
20449 0
20455 0
20460 0
20469 0
20472 0
20478 0
20484 0
20485 0
20489 0
20490 0
20492 0
20498 0
20503 0
20512 0
20521 0
20530 0
20532 0
20537 0
20540 0
20548 0
20552 0
20554 0
20560 0
20568 0
20576 0
20580 0
20583 0
20587 0
20591 0
20594 0
20603 0
20606 0
20615 0
20623 0
20626 0
20632 0
20639 0
20648 0
20655 0
20663 0
20669 0
20674 0
20682 0
20690 0
20698 0
20701 0
20707 0
20711 0
20714 0
20721 0
20729 0
20738 0
20741 0
20745 0
20749 0
20750 0
20759 0
20763 0
20770 0
20772 0
20781 0
20789 0
20791 0
20796 0
20805 0
20807 0
20810 0
20812 0
20818 0
20825 0
20828 0
20831 0
20838 0
20845 0
20852 0
20856 0
20865 0
20867 0
20871 0
20876 0
20879 0
20881 0
20883 0
20890 0
20893 0
20902 0
20905 0
20907 0
20909 0
20911 0
20918 0
20926 0
20931 0
20939 0
20941 0
20944 0
20947 0
20956 0
20961 0
20969 0
20972 0
20980 0
20984 0
20989 0
20998 0
21006 0
21013 0
21017 0
21026 0
21029 0
21035 0
21038 0
21045 0
21048 0
21057 0
21063 0
21070 0
21079 0
21080 0
21081 0
21083 0
21086 0
21092 0
21099 0
21107 0
21112 0
21116 0
21120 0
21124 0
21131 0
21136 0
21137 0
21146 0
21153 0
21162 0
21167 0
21172 0
21181 0
21184 0
21191 0
21196 0
21204 0
21211 0
21212 0
21220 0
21222 0
21225 0
21234 0
21242 0
21250 0
21258 0
21266 0
21273 0
21281 0
21289 0
21292 0
21294 0
21300 0
21309 0
21315 0
21323 0
21331 0
21332 0
21336 0
21342 0
21349 0
21354 0
21362 0
21368 0
21375 0
21384 0
21387 0
21393 0
21396 0
21398 0
21402 0
21407 0
21412 0
21413 0
21421 0
21424 0
21428 0
21434 0
21438 0
21443 0
21444 0
21452 0
21455 0
21456 0
21463 0
21471 0
21479 0
21485 0
21494 0
21499 0
21502 0
21505 0
21508 0
21511 0
21513 0
21521 0
21530 0
21535 0
21540 0
21549 0
21554 0
21556 0
21565 0
21569 0
21574 0
21582 0
21583 0
21585 0
21591 0
21600 0
21603 0
21606 0
21610 0
21618 0
21624 0
21631 0
21634 0
21638 0
21640 0
21649 0
21651 0
21660 0
21664 0
21666 0
21671 0
21677 0
21686 0
21690 0
21697 0
21703 0
21708 0
21714 0
21721 0
21723 0
21724 0
21729 0
21734 0
21735 0
21741 0
21745 0
21747 0
21750 0
21752 0
21753 0
21756 0
21759 0
21763 0
21770 0
21777 0
21779 0
21780 0
21788 0
21794 0
21803 0
21804 0
21810 0
21811 0
21812 0
21820 0
21822 0
21828 0
21832 0
21838 0
21840 0
21841 0
21844 0
21848 0
21855 0
21858 0
21866 0
21868 0
21877 0
21886 0
21887 0
21894 0
21900 0
21902 0
21908 0
21911 0
21914 0
21916 0
21924 0
21931 0
21935 0
21944 0
21951 0
21959 0
21968 0
21975 0
21979 0
21980 0
21981 0
21987 0
21993 0
21998 0
21999 0
22003 0
22006 0
22015 0
22016 0
22024 0
22028 0
22036 0
22041 0
22048 0
22049 0
22051 0
22059 0
22067 0
22074 0
22077 0
22078 0
22086 0
22092 0
22096 0
22098 0
22107 0
22112 0
22117 0
22119 0
22124 0
22125 0
22133 0
22137 0
22144 0
22146 0
22152 0
22157 0
22164 0
22168 0
22176 0
22178 0
22182 0
22189 0
22191 0
22199 0
22206 0
22207 0
22210 0
22212 0
22220 0
22226 0
22228 0
22235 0
22238 0
22245 0
22247 0
22249 0
22252 0
22256 0
22262 0
22264 0
22271 0
22275 0
22282 0
22283 0
22291 0
22297 0
22302 0
22310 0
22311 0
22315 0
22316 0
22319 0
22327 0
22334 0
22342 0
22343 0
22349 0
22357 0
22365 0
22371 0
22377 0
22378 0
22380 0
22387 0
22392 0
22400 0
22404 0
22406 0
22414 0
22423 0
22431 0
22433 0
22441 0
22449 0
22455 0
22462 0
22471 0
22478 0
22482 0
22490 0
22493 0
22502 0
22506 0
22508 0
22512 0
22521 0
22530 0
22536 0
22541 0
22542 0
22548 0
22556 0
22564 0
22569 0
22575 0
22577 0
22584 0
22586 0
22589 0
22596 0
22600 0
22606 0
22607 0
22615 0
22619 0
22627 0
22636 0
22638 0
22639 0
22641 0
22644 0
22646 0
22648 0
22651 0
22660 0
22664 0
22670 0
22671 0
22672 0
22675 0
22676 0
22680 0
22687 0
22692 0
22693 0
22694 0
22699 0
22700 0
22708 0
22712 0
22719 0
22724 0
22732 0
22733 0
22736 0
22738 0
22747 0
22750 0
22757 0
22764 0
22766 0
22768 0
22772 0
22774 0
22780 0
22788 0
22793 0
22794 0
22800 0
22806 0
22811 0
22817 0
22825 0
22831 0
22840 0
22842 0
22847 0
22851 0
22852 0
22853 0
22862 0
22863 0
22872 0
22880 0
22885 0
22887 0
22895 0
22901 0
22902 0
22908 0
22911 0
22913 0
22917 0
22921 0
22925 0
22930 0
22935 0
22937 0
22938 0
22943 0
22949 0
22956 0
22961 0
22970 0
22973 0
22978 0
22979 0
22981 0
22982 0
22988 0
22997 0
23002 0
23006 0
23013 0
23017 0
23024 0
23026 0
23030 0
23034 0
23042 0
23046 0
23047 0
23052 0
23059 0
23061 0
23062 0
23070 0
23076 0
23080 0
23088 0
23095 0
23102 0
23106 0
23107 0
23110 0
23115 0
23118 0
23121 0
23130 0
23136 0
23138 0
23142 0
23145 0
23150 0
23156 0
23163 0
23165 0
23167 0
23175 0
23177 0
23182 0
23183 0
23192 0
23197 0
23203 0
23210 0
23211 0
23217 0
23226 0
23230 0
23233 0
23237 0
23241 0
23246 0
23255 0
23264 0
23265 0
23271 0
23276 0
23282 0
23285 0
23287 0
23290 0
23296 0
23304 0
23308 0
23315 0
23322 0
23326 0
23332 0
23335 0
23336 0
23342 0
23345 0
23347 0
23356 0
23364 0
23367 0
23373 0
23374 0
23378 0
23387 0
23393 0
23401 0
23403 0
23404 0
23407 0
23410 0
23414 0
23419 0
23424 0
23429 0
23436 0
23443 0
23450 0
23451 0
23456 0
23459 0
23464 0
23468 0
23471 0
23474 0
23479 0
23484 0
23487 0
23495 0
23499 0
23501 0
23502 0
23504 0
23510 0
23515 0
23517 0
23519 0
23522 0
23526 0
23529 0
23532 0
23541 0
23549 0
23553 0
23561 0
23563 0
23571 0
23578 0
23580 0
23587 0
23593 0
23596 0
23598 0
23600 0
23605 0
23612 0
23617 0
23626 0
23627 0
23635 0
23643 0
23649 0
23656 0
23661 0
23663 0
23669 0
23670 0
23673 0
23681 0
23682 0
23683 0
23688 0
23696 0
23704 0
23708 0
23716 0
23718 0
23720 0
23728 0
23730 0
23737 0
23742 0
23749 0
23757 0
23760 0
23761 0
23769 0
23770 0
23775 0
23782 0
23787 0
23789 0
23790 0
23796 0
23802 0
23810 0
23816 0
23818 0
23822 0
23824 0
23832 0
23833 0
23840 0
23841 0
23845 0
23850 0
23859 0
23866 0
23874 0
23880 0
23886 0
23888 0
23891 0
23892 0
23899 0
23903 0
23908 0
23916 0
23922 0
23924 0
23925 0
23931 0
23935 0
23938 0
23939 0
23944 0
23951 0
23955 0
23961 0
23966 0
23968 0
23974 0
23979 0
23985 0
23987 0
23994 0
24001 0
24010 0
24014 0
24022 0
24028 0
24037 0
24042 0
24046 0
24054 0
24062 0
24065 0
24067 0
24076 0
24079 0
24084 0
24086 0
24089 0
24092 0
24095 0
24101 0
24104 0
24106 0
24113 0
24118 0
24126 0
24129 0
24137 0
24140 0
24148 0
24151 0
24158 0
24159 0
24168 0
24173 0
24182 0
24188 0
24193 0
24201 0
24203 0
24207 0
24209 0
24215 0
24219 0
24222 0
24225 0
24231 0
24233 0
24242 0
24247 0
24253 0
24262 0
24268 0
24276 0
24282 0
24291 0
24294 0
24302 0
24310 0
24314 0
24315 0
24323 0
24327 0
24335 0
24342 0
24351 0
24354 0
24358 0
24367 0
24371 0
24374 0
24375 0
24376 0
24380 0
24388 0
24390 0
24394 0
24399 0
24408 0
24410 0
24418 0
24419 0
24426 0
24429 0
24434 0
24443 0
24444 0
24450 0
24454 0
24460 0
24462 0
24470 0
24478 0
24485 0
24494 0
24495 0
24503 0
24509 0
24510 0
24514 0
24516 0
24522 0
24525 0
24531 0
24539 0
24546 0
24554 0
24561 0
24570 0
24576 0
24580 0
24585 0
24589 0
24591 0
24599 0
24602 0
24611 0
24616 0
24620 0
24622 0
24631 0
24633 0
24639 0
24645 0
24651 0
24658 0
24664 0
24670 0
24678 0
24683 0
24689 0
24694 0
24695 0
24698 0
24703 0
24709 0
24714 0
24715 0
24723 0
24729 0
24736 0
24741 0
24743 0
24751 0
24753 0
24760 0
24764 0
24768 0
24775 0
24779 0
24787 0
24792 0
24801 0
24810 0
24818 0
24824 0
24828 0
24829 0
24834 0
24838 0
24843 0
24846 0
24851 0
24859 0
24860 0
24862 0
24869 0
24877 0
24881 0
24883 0
24888 0
24897 0
24899 0
24900 0
24901 0
24907 0
24913 0
24914 0
24916 0
24921 0
24927 0
24934 0
24936 0
24944 0
24953 0
24962 0
24969 0
24970 0
24971 0
24974 0
24980 0
24984 0
24990 0
24998 0
25000 0
25008 0
25017 0
25023 0
25027 0
25033 0
25042 0
25045 0
25054 0
25056 0
25064 0
25068 0
25077 0
25078 0
25081 0
25088 0
25093 0
25098 0
25105 0
25110 0
25117 0
25125 0
25130 0
25133 0
25136 0
25140 0
25144 0
25147 0
25150 0
25159 0
25164 0
25169 0
25174 0
25176 0
25179 0
25187 0
25190 0
25197 0
25198 0
25206 0
25211 0
25219 0
25224 0
25228 0
25234 0
25243 0
25250 0
25253 0
25261 0
25265 0
25270 0
25279 0
25288 0
25290 0
25291 0
25298 0
25302 0
25306 0
25312 0
25316 0
25319 0
25322 0
25324 0
25329 0
25333 0
25338 0
25343 0
25350 0
25356 0
25360 0
25369 0
25378 0
25383 0
25392 0
25394 0
25397 0
25402 0
25405 0
25409 0
25418 0
25426 0
25433 0
25437 0
25443 0
25447 0
25452 0
25459 0
25465 0
25470 0
25473 0
25475 0
25479 0
25488 0
25496 0
25503 0
25511 0
25518 0
25526 0
25533 0
25540 0
25542 0
25551 0
25558 0
25561 0
25569 0
25573 0
25582 0
25586 0
25594 0
25595 0
25602 0
25604 0
25610 0
25617 0
25623 0
25627 0
25629 0
25634 0
25638 0
25646 0
25655 0
25660 0
25662 0
25665 0
25673 0
25676 0
25677 0
25679 0
25683 0
25690 0
25694 0
25695 0
25700 0
25708 0
25713 0
25721 0
25725 0
25733 0
25734 0
25735 0
25740 0
25741 0
25742 0
25746 0
25750 0
25752 0
25758 0
25762 0
25767 0
25769 0
25771 0
25772 0
25778 0
25779 0
25783 0
25789 0
25790 0
25792 0
25799 0
25802 0
25803 0
25805 0
25808 0
25816 0
25820 0
25821 0
25829 0
25835 0
25843 0
25851 0
25856 0
25858 0
25859 0
25860 0
25868 0
25876 0
25885 0
25887 0
25892 0
25901 0
25902 0
25904 0
25911 0
25917 0
25918 0
25920 0
25928 0
25933 0
25935 0
25942 0
25945 0
25951 0
25959 0
25964 0
25971 0
25973 0
25979 0
25986 0
25988 0
25992 0
25993 0
25997 0
25999 0
26004 0
26009 0
26015 0
26016 0
26022 0
26027 0
26028 0
26033 0
26035 0
26042 0
26045 0
26051 0
26057 0
26061 0
26063 0
26067 0
26075 0
26079 0
26080 0
26088 0
26090 0
26092 0
26098 0
26107 0
26115 0
26120 0
26129 0
26138 0
26141 0
26143 0
26145 0
26151 0
26154 0
26156 0
26160 0
26166 0
26168 0
26172 0
26180 0
26186 0
26190 0
26197 0
26203 0
26205 0
26206 0
26213 0
26218 0
26226 0
26227 0
26232 0
26235 0
26239 0
26246 0
26250 0
26257 0
26258 0
26266 0
26273 0
26277 0
26281 0
26286 0
26295 0
26298 0
26300 0
26302 0
26303 0
26309 0
26317 0
26324 0
26326 0
26327 0
26335 0
26339 0
26340 0
26343 0
26348 0
26352 0
26360 0
26364 0
26366 0
26371 0
26375 0
26380 0
26385 0
26388 0
26396 0
26403 0
26410 0
26418 0
26421 0
26430 0
26438 0
26440 0
26442 0
26446 0
26452 0
26458 0
26465 0
26474 0
26477 0
26484 0
26490 0
26497 0
26506 0
26508 0
26509 0
26512 0
26514 0
26519 0
26525 0
26530 0
26534 0
26541 0
26549 0
26551 0
26558 0
26562 0
26566 0
26572 0
26578 0
26579 0
26585 0
26590 0
26593 0
26601 0
26608 0
26611 0
26612 0
26617 0
26624 0
26629 0
26635 0
26640 0
26644 0
26650 0
26656 0
26658 0
26659 0
26660 0
26664 0
26671 0
26680 0
26683 0
26684 0
26689 0
26692 0
26701 0
26703 0
26709 0
26711 0
26719 0
26722 0
26731 0
26735 0
26743 0
26745 0
26747 0
26756 0
26759 0
26767 0
26771 0
26776 0
26782 0
26789 0
26793 0
26796 0
26801 0
26806 0
26811 0
26819 0
26820 0
26822 0
26830 0
26832 0
26833 0
26840 0
26844 0
26851 0
26859 0
26863 0
26865 0
26868 0
26876 0
26880 0
26889 0
26891 0
26894 0
26900 0
26909 0
26911 0
26912 0
26917 0
26926 0
26933 0
26941 0
26942 0
26948 0
26951 0
26955 0
26956 0
26964 0
26970 0
26977 0
26982 0
26989 0
26990 0
26992 0
26997 0
27003 0
27006 0
27009 0
27014 0
27021 0
27027 0
27029 0
27031 0
27037 0
27038 0
27045 0
27046 0
27053 0
27062 0
27067 0
27074 0
27083 0
27087 0
27093 0
27095 0
27098 0
27102 0
27107 0
27114 0
27122 0
27130 0
27131 0
27137 0
27144 0
27152 0
27158 0
27162 0
27167 0
27176 0
27179 0
27188 0
27197 0
27202 0
27204 0
27212 0
27219 0
27226 0
27229 0
27238 0
27247 0
27250 0
27255 0
27258 0
27263 0
27264 0
27265 0
27267 0
27268 0
27274 0
27283 0
27287 0
27293 0
27301 0
27309 0
27312 0
27321 0
27326 0
27333 0
27342 0
27346 0
27354 0
27355 0
27357 0
27365 0
27368 0
27372 0
27381 0
27389 0
27394 0
27395 0
27398 0
27401 0
27404 0
27408 0
27413 0
27417 0
27422 0
27429 0
27433 0
27442 0
27451 0
27458 0
27462 0
27467 0
27476 0
27483 0
27486 0
27488 0
27491 0
27498 0
27501 0
27509 0
27515 0
27520 0
27523 0
27529 0
27537 0
27539 0
27540 0
27549 0
27557 0
27566 0
27572 0
27575 0
27577 0
27580 0
27586 0
27589 0
27590 0
27597 0
27603 0
27609 0
27613 0
27615 0
27618 0
27626 0
27631 0
27634 0
27638 0
27642 0
27645 0
27651 0
27652 0
27661 0
27667 0
27671 0
27672 0
27681 0
27684 0
27685 0
27687 0
27689 0
27690 0
27695 0
27699 0
27707 0
27711 0
27715 0
27721 0
27730 0
27734 0
27735 0
27736 0
27744 0
27745 0
27753 0
27754 0
27763 0
27771 0
27773 0
27777 0
27782 0
27785 0
27792 0
27796 0
27797 0
27806 0
27808 0
27810 0
27817 0
27821 0
27830 0
27832 0
27835 0
27838 0
27844 0
27849 0
27856 0
27864 0
27870 0
27875 0
27882 0
27885 0
27887 0
27895 0
27898 0
27904 0
27912 0
27914 0
27918 0
27927 0
27935 0
27937 0
27942 0
27946 0
27947 0
27948 0
27951 0
27953 0
27958 0
27961 0
27966 0
27972 0
27976 0
27984 0
27986 0
27995 0
28000 0
28004 0
28006 0
28013 0
28017 0
28018 0
28027 0
28033 0
28037 0
28042 0
28044 0
28047 0
28055 0
28064 0
28070 0
28076 0
28085 0
28092 0
28101 0
28109 0
28111 0
28116 0
28125 0
28130 0
28139 0
28145 0
28148 0
28156 0
28164 0
28170 0
28175 0
28176 0
28184 0
28193 0
28198 0
28200 0
28209 0
28213 0
28215 0
28216 0
28220 0
28229 0
28230 0
28231 0
28233 0
28236 0
28243 0
28245 0
28249 0
28252 0
28257 0
28262 0
28263 0
28269 0
28276 0
28280 0
28282 0
28285 0
28287 0
28292 0
28300 0
28302 0
28311 0
28316 0
28324 0
28326 0
28329 0
28338 0
28343 0
28346 0
28352 0
28356 0
28358 0
28359 0
28360 0
28363 0
28364 0
28367 0
28371 0
28377 0
28386 0
28390 0
28399 0
28406 0
28412 0
28413 0
28414 0
28416 0
28419 0
28426 0
28433 0
28437 0
28441 0
28446 0
28447 0
28455 0
28461 0
28468 0
28474 0
28475 0
28477 0
28483 0
28488 0
28492 0
28494 0
28499 0
28504 0
28513 0
28522 0
28526 0
28533 0
28540 0
28547 0
28555 0
28556 0
28565 0
28570 0
28579 0
28581 0
28588 0
28597 0
28605 0
28612 0
28613 0
28615 0
28621 0
28628 0
28635 0
28637 0
28645 0
28652 0
28657 0
28664 0
28669 0
28675 0
28683 0
28685 0
28686 0
28690 0
28695 0
28698 0
28702 0
28711 0
28716 0
28724 0
28728 0
28733 0
28740 0
28744 0
28746 0
28748 0
28753 0
28761 0
28762 0
28766 0
28774 0
28781 0
28782 0
28784 0
28785 0
28786 0
28793 0
28800 0
28802 0
28803 0
28810 0
28811 0
28816 0
28825 0
28829 0
28830 0
28835 0
28836 0
28838 0
28844 0
28852 0
28853 0
28855 0
28862 0
28870 0
28873 0
28877 0
28879 0
28884 0
28886 0
28889 0
28891 0
28898 0
28900 0
28905 0
28910 0
28919 0
28922 0
28926 0
28932 0
28935 0
28941 0
28946 0
28950 0
28959 0
28967 0
28968 0
28977 0
28981 0
28982 0
28985 0
28988 0
28991 0
28992 0
28999 0
29005 0
29008 0
29011 0
29014 0
29021 0
29028 0
29036 0
29040 0
29046 0
29051 0
29054 0
29057 0
29065 0
29066 0
29075 0
29079 0
29085 0
29092 0
29099 0
29108 0
29111 0
29112 0
29117 0
29126 0
29134 0
29135 0
29144 0
29145 0
29151 0
29156 0
29157 0
29164 0
29169 0
29172 0
29181 0
29182 0
29187 0
29192 0
29199 0
29208 0
29216 0
29225 0
29227 0
29230 0
29239 0
29246 0
29247 0
29248 0
29252 0
29257 0
29261 0
29264 0
29267 0
29274 0
29281 0
29285 0
29290 0
29292 0
29299 0
29305 0
29313 0
29320 0
29321 0
29329 0
29336 0
29338 0
29346 0
29353 0
29355 0
29364 0
29366 0
29369 0
29372 0
29375 0
29383 0
29385 0
29394 0
29402 0
29407 0
29413 0
29422 0
29430 0
29438 0
29439 0
29447 0
29456 0
29461 0
29470 0
29476 0
29481 0
29490 0
29498 0
29507 0
29515 0
29524 0
29533 0
29538 0
29547 0
29556 0
29557 0
29560 0
29569 0
29574 0
29582 0
29585 0
29586 0
29595 0
29598 0
29606 0
29614 0
29622 0
29628 0
29633 0
29639 0
29645 0
29646 0
29655 0
29659 0
29664 0
29670 0
29675 0
29682 0
29683 0
29685 0
29691 0
29694 0
29697 0
29703 0
29706 0
29710 0
29715 0
29722 0
29731 0
29740 0
29747 0
29751 0
29756 0
29761 0
29765 0
29773 0
29780 0
29787 0
29796 0
29803 0
29808 0
29816 0
29823 0
29825 0
29826 0
29830 0
29836 0
29840 0
29845 0
29846 0
29848 0
29854 0
29859 0
29865 0
29868 0
29870 0
29875 0
29876 0
29880 0
29881 0
29884 0
29888 0
29889 0
29896 0
29903 0
29912 0
29920 0
29922 0
29926 0
29929 0
29937 0
29940 0
29946 0
29951 0
29956 0
29957 0
29961 0
29963 0
29966 0
29974 0
29982 0
29989 0
29998 0
30004 0
30008 0
30009 0
30012 0
30020 0
30027 0
30035 0
30044 0
30045 0
30048 0
30049 0
30050 0
30059 0
30060 0
30067 0
30069 0
30077 0
30085 0
30086 0
30089 0
30095 0
30101 0
30108 0
30116 0
30118 0
30127 0
30132 0
30133 0
30137 0
30138 0
30147 0
30152 0
30157 0
30166 0
30175 0
30177 0
30184 0
30187 0
30193 0
30200 0
30205 0
30211 0
30217 0
30222 0
30223 0
30232 0
30240 0
30248 0
30257 0
30263 0
30268 0
30269 0
30272 0
30275 0
30280 0
30288 0
30294 0
30301 0
30304 0
30307 0
30310 0
30316 0
30323 0
30324 0
30329 0
30338 0
30343 0
30350 0
30353 0
30355 0
30361 0
30368 0
30373 0
30379 0
30383 0
30385 0
30394 0
30395 0
30401 0
30406 0
30407 0
30414 0
30422 0
30430 0
30436 0
30437 0
30446 0
30449 0
30452 0
30461 0
30469 0
30472 0
30480 0
30481 0
30484 0
30485 0
30488 0
30493 0
30500 0
30501 0
30502 0
30508 0
30514 0
30518 0
30522 0
30523 0
30531 0
30534 0
30537 0
30543 0
30547 0
30551 0
30558 0
30566 0
30573 0
30578 0
30580 0
30584 0
30591 0
30598 0
30601 0
30610 0
30613 0
30615 0
30619 0
30622 0
30626 0
30631 0
30636 0
30643 0
30646 0
30650 0
30654 0
30660 0
30664 0
30668 0
30672 0
30678 0
30685 0
30693 0
30698 0
30700 0
30702 0
30707 0
30714 0
30722 0
30730 0
30731 0
30734 0
30738 0
30744 0
30750 0
30759 0
30767 0
30769 0
30777 0
30779 0
30787 0
30796 0
30804 0
30813 0
30822 0
30829 0
30830 0
30836 0
30844 0
30849 0
30854 0
30861 0
30870 0
30877 0
30884 0
30892 0
30895 0
30902 0
30908 0
30913 0
30916 0
30925 0
30926 0
30927 0
30928 0
30930 0
30931 0
30940 0
30945 0
30947 0
30951 0
30956 0
30965 0
30973 0
30979 0
30988 0
30994 0
31001 0
31010 0
31011 0
31018 0
31026 0
31034 0
31037 0
31042 0
31047 0
31051 0
31055 0
31064 0
31068 0
31069 0
31074 0
31081 0
31090 0
31095 0
31098 0
31106 0
31109 0
31117 0
31120 0
31126 0
31132 0
31139 0
31146 0
31153 0
31156 0
31162 0
31170 0
31178 0
31183 0
31189 0
31196 0
31197 0
31201 0
31208 0
31216 0
31219 0
31224 0
31229 0
31231 0
31235 0
31241 0
31243 0
31250 0
31259 0
31265 0
31272 0
31277 0
31278 0
31285 0
31293 0
31301 0
31302 0
31308 0
31315 0
31319 0
31326 0
31331 0
31336 0
31340 0
31347 0
31351 0
31353 0
31359 0
31366 0
31374 0
31378 0
31384 0
31391 0
31398 0
31401 0
31406 0
31412 0
31415 0
31421 0
31429 0
31436 0
31445 0
31451 0
31460 0
31462 0
31470 0
31476 0
31480 0
31484 0
31488 0
31489 0
31490 0
31499 0
31504 0
31505 0
31508 0
31509 0
31511 0
31520 0
31523 0
31525 0
31528 0
31532 0
31533 0
31536 0
31539 0
31541 0
31545 0
31553 0
31554 0
31563 0
31564 0
31568 0
31577 0
31580 0
31585 0
31589 0
31592 0
31594 0
31596 0
31603 0
31606 0
31613 0
31619 0
31625 0
31630 0
31632 0
31637 0
31643 0
31646 0
31655 0
31661 0
31662 0
31663 0
31670 0
31679 0
31687 0
31696 0
31699 0
31700 0
31709 0
31715 0
31720 0
31728 0
31735 0
31736 0
31742 0
31749 0
31757 0
31764 0
31768 0
31772 0
31776 0
31781 0
31790 0
31796 0
31798 0
31803 0
31807 0
31816 0
31824 0
31831 0
31832 0
31833 0
31840 0
31847 0
31852 0
31860 0
31866 0
31868 0
31869 0
31878 0
31887 0
31894 0
31903 0
31910 0
31917 0
31924 0
31932 0
31938 0
31947 0
31948 0
31953 0
31960 0
31962 0
31964 0
31966 0
31971 0
31974 0
31983 0
31991 0
31993 0
31994 0
32001 0
32007 0
32011 0
32015 0
32018 0
32020 0
32026 0
32030 0
32033 0
32039 0
32046 0
32049 0
32053 0
32060 0
32064 0
32067 0
32073 0
32080 0
32084 0
32085 0
32087 0
32096 0
32104 0
32111 0
32120 0
32128 0
32137 0
32143 0
32149 0
32152 0
32160 0
32164 0
32173 0
32175 0
32176 0
32180 0
32182 0
32183 0
32192 0
32199 0
32201 0
32209 0
32212 0
32214 0
32215 0
32223 0
32229 0
32230 0
32232 0
32236 0
32240 0
32246 0
32249 0
32251 0
32260 0
32261 0
32264 0
32273 0
32275 0
32284 0
32293 0
32300 0
32304 0
32310 0
32311 0
32318 0
32321 0
32325 0
32329 0
32338 0
32341 0
32345 0
32353 0
32362 0
32371 0
32379 0
32386 0
32393 0
32394 0
32396 0
32401 0
32408 0
32415 0
32421 0
32426 0
32429 0
32438 0
32439 0
32444 0
32453 0
32458 0
32461 0
32469 0
32474 0
32482 0
32483 0
32491 0
32498 0
32507 0
32508 0
32514 0
32515 0
32522 0
32530 0
32535 0
32541 0
32549 0
32555 0
32561 0
32568 0
32573 0
32581 0
32590 0
32597 0
32605 0
32612 0
32620 0
32622 0
32625 0
32633 0
32637 0
32642 0
32645 0
32646 0
32647 0
32649 0
32656 0
32659 0
32666 0
32674 0
32678 0
32680 0
32687 0
32688 0
32691 0
32696 0
32698 0
32706 0
32713 0
32722 0
32730 0
32737 0
32739 0
32740 0
32743 0
32747 0
32754 0
32756 0
32757 0
32766 0
32768 0
32775 0
32777 0
32783 0
32792 0
32795 0
32803 0
32805 0
32808 0
32811 0
32820 0
32829 0
32836 0
32844 0
32851 0
32855 0
32864 0
32872 0
32875 0
32877 0
32885 0
32890 0
32895 0
32899 0
32904 0
32906 0
32913 0
32921 0
32923 0
32929 0
32938 0
32946 0
32949 0
32956 0
32959 0
32960 0
32963 0
32964 0
32973 0
32981 0
32982 0
32987 0
32996 0
32999 0
33006 0
33011 0
33019 0
33026 0
33029 0
33036 0
33037 0
33038 0
33045 0
33052 0
33061 0
33066 0
33075 0
33083 0
33089 0
33091 0
33093 0
33100 0
33105 0
33106 0
33109 0
33110 0
33114 0
33115 0
33117 0
33124 0
33130 0
33135 0
33138 0
33139 0
33148 0
33156 0
33159 0
33165 0
33171 0
33177 0
33180 0
33183 0
33190 0
33196 0
33205 0
33212 0
33214 0
33222 0
33225 0
33234 0
33243 0
33245 0
33252 0
33259 0
33261 0
33268 0
33275 0
33279 0
33288 0
33289 0
33295 0
33298 0
33304 0
33308 0
33309 0
33318 0
33323 0
33332 0
33333 0
33335 0
33343 0
33346 0
33351 0
33358 0
33366 0
33373 0
33382 0
33385 0
33386 0
33394 0
33400 0
33403 0
33412 0
33414 0
33415 0
33416 0
33422 0
33427 0
33429 0
33435 0
33438 0
33447 0
33450 0
33458 0
33459 0
33464 0
33466 0
33468 0
33471 0
33473 0
33475 0
33480 0
33482 0
33487 0
33488 0
33492 0
33493 0
33501 0
33510 0
33511 0
33515 0
33524 0
33531 0
33532 0
33533 0
33540 0
33546 0
33551 0
33560 0
33566 0
33573 0
33579 0
33583 0
33586 0
33588 0
33594 0
33599 0
33605 0
33608 0
33614 0
33617 0
33625 0
33628 0
33634 0
33635 0
33639 0
33640 0
33646 0
33648 0
33649 0
33651 0
33659 0
33662 0
33663 0
33665 0
33666 0
33672 0
33678 0
33684 0
33693 0
33701 0
33709 0
33718 0
33722 0
33726 0
33733 0
33740 0
33745 0
33746 0
33752 0
33755 0
33760 0
33769 0
33777 0
33778 0
33780 0
33787 0
33796 0
33800 0
33808 0
33813 0
33816 0
33823 0
33831 0
33833 0
33834 0
33838 0
33840 0
33848 0
33850 0
33854 0
33863 0
33869 0
33873 0
33878 0
33883 0
33886 0
33888 0
33889 0
33893 0
33900 0
33909 0
33916 0
33919 0
33922 0
33930 0
33934 0
33943 0
33950 0
33951 0
33954 0
33960 0
33963 0
33970 0
33974 0
33975 0
33977 0
33982 0
33987 0
33991 0
33997 0
33999 0
34004 0
34013 0
34019 0
34025 0
34027 0
34030 0
34038 0
34043 0
34050 0
34052 0
34054 0
34057 0
34064 0
34067 0
34072 0
34073 0
34075 0
34084 0
34092 0
34094 0
34099 0
34106 0
34111 0
34112 0
34114 0
34118 0
34120 0
34123 0
34130 0
34136 0
34145 0
34154 0
34158 0
34164 0
34171 0
34173 0
34182 0
34189 0
34194 0
34203 0
34209 0
34211 0
34212 0
34213 0
34214 0
34222 0
34226 0
34234 0
34239 0
34248 0
34257 0
34266 0
34268 0
34274 0
34283 0
34287 0
34291 0
34299 0
34308 0
34309 0
34310 0
34316 0
34323 0
34328 0
34331 0
34334 0
34340 0
34343 0
34349 0
34350 0
34353 0
34359 0
34366 0
34369 0
34373 0
34377 0
34385 0
34390 0
34395 0
34403 0
34406 0
34415 0
34417 0
34422 0
34428 0
34430 0
34437 0
34443 0
34444 0
34453 0
34459 0
34461 0
34466 0
34475 0
34481 0
34487 0
34492 0
34495 0
34500 0
34503 0
34507 0
34515 0
34518 0
34524 0
34527 0
34531 0
34536 0
34540 0
34549 0
34558 0
34565 0
34567 0
34568 0
34573 0
34581 0
34588 0
34592 0
34594 0
34598 0
34606 0
34610 0
34619 0
34625 0
34628 0
34634 0
34640 0
34643 0
34645 0
34652 0
34657 0
34665 0
34674 0
34679 0
34685 0
34690 0
34691 0
34698 0
34701 0
34704 0
34711 0
34720 0
34723 0
34732 0
34740 0
34748 0
34749 0
34751 0
34755 0
34762 0
34766 0
34768 0
34773 0
34777 0
34781 0
34782 0
34786 0
34788 0
34796 0
34804 0
34813 0
34814 0
34815 0
34818 0
34823 0
34831 0
34838 0
34847 0
34851 0
34856 0
34863 0
34867 0
34868 0
34874 0
34880 0
34881 0
34890 0
34896 0
34897 0
34902 0
34908 0
34911 0
34916 0
34922 0
34926 0
34929 0
34930 0
34934 0
34936 0
34937 0
34945 0
34946 0
34950 0
34955 0
34962 0
34965 0
34969 0
34971 0
34972 0
34981 0
34989 0
34997 0
35005 0
35011 0
35012 0
35021 0
35024 0
35025 0
35034 0
35039 0
35045 0
35050 0
35058 0
35064 0
35069 0
35075 0
35082 0
35086 0
35095 0
35101 0
35105 0
35107 0
35115 0
35118 0
35125 0
35130 0
35131 0
35135 0
35143 0
35151 0
35160 0
35163 0
35170 0
35178 0
35181 0
35187 0
35191 0
35199 0
35201 0
35205 0
35207 0
35213 0
35218 0
35225 0
35231 0
35237 0
35240 0
35246 0
35251 0
35259 0
35265 0
35266 0
35270 0
35273 0
35277 0
35278 0
35279 0
35282 0
35289 0
35293 0
35297 0
35298 0
35300 0
35305 0
35313 0
35320 0
35325 0
35329 0
35331 0
35339 0
35346 0
35353 0
35360 0
35368 0
35371 0
35375 0
35377 0
35384 0
35392 0
35397 0
35406 0
35411 0
35420 0
35422 0
35430 0
35431 0
35440 0
35447 0
35449 0
35453 0
35461 0
35467 0
35475 0
35480 0
35481 0
35489 0
35490 0
35498 0
35502 0
35506 0
35509 0
35510 0
35514 0
35518 0
35523 0
35531 0
35533 0
35538 0
35544 0
35552 0
35557 0
35560 0
35565 0
35573 0
35578 0
35580 0
35584 0
35591 0
35597 0
35604 0
35608 0
35617 0
35626 0
35629 0
35635 0
35644 0
35652 0
35661 0
35668 0
35675 0
35681 0
35687 0
35690 0
35691 0
35697 0
35703 0
35712 0
35713 0
35714 0
35723 0
35726 0
35728 0
35731 0
35738 0
35739 0
35741 0
35748 0
35754 0
35762 0
35765 0
35768 0
35774 0
35782 0
35789 0
35790 0
35794 0
35795 0
35800 0
35806 0
35807 0
35813 0
35815 0
35817 0
35823 0
35826 0
35833 0
35840 0
35847 0
35852 0
35858 0
35861 0
35866 0
35869 0
35870 0
35873 0
35876 0
35883 0
35892 0
35896 0
35897 0
35898 0
35903 0
35905 0
35910 0
35911 0
35918 0
35925 0
35930 0
35932 0
35940 0
35948 0
35952 0
35954 0
35956 0
35957 0
35958 0
35964 0
35968 0
35975 0
35982 0
35991 0
36000 0
36006 0
36014 0
36019 0
36020 0
36025 0
36031 0
36037 0
36043 0
36048 0
36055 0
36058 0
36061 0
36069 0
36074 0
36078 0
36087 0
36090 0
36096 0
36104 0
36111 0
36117 0
36122 0
36123 0
36125 0
36128 0
36136 0
36142 0
36145 0
36148 0
36155 0
36156 0
36158 0
36161 0
36169 0
36170 0
36179 0
36186 0
36192 0
36197 0
36203 0
36206 0
36214 0
36223 0
36230 0
36238 0
36241 0
36243 0
36246 0
36255 0
36259 0
36264 0
36270 0
36272 0
36280 0
36286 0
36292 0
36294 0
36297 0
36302 0
36308 0
36317 0
36323 0
36324 0
36333 0
36334 0
36340 0
36347 0
36352 0
36355 0
36356 0
36357 0
36366 0
36374 0
36381 0
36388 0
36396 0
36399 0
36406 0
36415 0
36420 0
36426 0
36428 0
36435 0
36440 0
36448 0
36450 0
36457 0
36463 0
36465 0
36471 0
36477 0
36478 0
36480 0
36486 0
36491 0
36496 0
36499 0
36506 0
36511 0
36517 0
36522 0
36523 0
36525 0
36529 0
36535 0
36536 0
36540 0
36542 0
36551 0
36559 0
36562 0
36566 0
36569 0
36576 0
36584 0
36592 0
36600 0
36603 0
36608 0
36615 0
36623 0
36626 0
36634 0
36640 0
36642 0
36647 0
36650 0
36659 0
36667 0
36669 0
36676 0
36677 0
36679 0
36686 0
36691 0
36692 0
36698 0
36706 0
36710 0
36711 0
36714 0
36722 0
36728 0
36734 0
36739 0
36744 0
36751 0
36760 0
36767 0
36769 0
36774 0
36780 0
36788 0
36790 0
36798 0
36806 0
36815 0
36822 0
36827 0
36830 0
36831 0
36838 0
36844 0
36852 0
36860 0
36867 0
36869 0
36876 0
36883 0
36891 0
36894 0
36895 0
36901 0
36910 0
36917 0
36921 0
36929 0
36933 0
36940 0
36941 0
36943 0
36944 0
36945 0
36953 0
36956 0
36965 0
36969 0
36971 0
36972 0
36979 0
36988 0
36996 0
36999 0
37004 0
37009 0
37012 0
37018 0
37019 0
37025 0
37029 0
37032 0
37033 0
37040 0
37042 0
37051 0
37060 0
37062 0
37067 0
37076 0
37078 0
37086 0
37089 0
37092 0
37099 0
37105 0
37112 0
37119 0
37125 0
37133 0
37139 0
37148 0
37154 0
37161 0
37168 0
37172 0
37180 0
37185 0
37186 0
37188 0
37189 0
37192 0
37197 0
37203 0
37206 0
37208 0
37212 0
37219 0
37221 0
37228 0
37231 0
37234 0
37237 0
37238 0
37242 0
37249 0
37251 0
37252 0
37258 0
37266 0
37269 0
37273 0
37280 0
37289 0
37291 0
37295 0
37302 0
37309 0
37315 0
37321 0
37329 0
37333 0
37335 0
37336 0
37341 0
37344 0
37346 0
37351 0
37360 0
37369 0
37375 0
37376 0
37383 0
37386 0
37390 0
37395 0
37403 0
37405 0
37411 0
37415 0
37424 0
37427 0
37428 0
37437 0
37438 0
37443 0
37448 0
37450 0
37452 0
37461 0
37463 0
37464 0
37469 0
37474 0
37482 0
37488 0
37496 0
37499 0
37505 0
37510 0
37519 0
37527 0
37535 0
37541 0
37544 0
37553 0
37562 0
37565 0
37570 0
37577 0
37580 0
37587 0
37592 0
37594 0
37601 0
37602 0
37611 0
37618 0
37620 0
37621 0
37623 0
37627 0
37629 0
37634 0
37641 0
37643 0
37647 0
37653 0
37661 0
37665 0
37673 0
37676 0
37677 0
37682 0
37688 0
37697 0
37706 0
37715 0
37718 0
37723 0
37729 0
37730 0
37733 0
37740 0
37746 0
37752 0
37753 0
37755 0
37756 0
37763 0
37768 0
37769 0
37777 0
37780 0
37784 0
37789 0
37791 0
37792 0
37797 0
37804 0
37812 0
37817 0
37821 0
37822 0
37830 0
37838 0
37847 0
37848 0
37849 0
37858 0
37860 0
37866 0
37868 0
37869 0
37872 0
37880 0
37881 0
37890 0
37891 0
37900 0
37909 0
37916 0
37917 0
37919 0
37926 0
37935 0
37943 0
37946 0
37949 0
37956 0
37962 0
37963 0
37969 0
37970 0
37978 0
37980 0
37987 0
37996 0
37998 0
38006 0
38013 0
38015 0
38018 0
38022 0
38026 0
38030 0
38033 0
38035 0
38037 0
38039 0
38041 0
38050 0
38053 0
38062 0
38064 0
38068 0
38074 0
38083 0
38092 0
38094 0
38102 0
38104 0
38108 0
38113 0
38119 0
38126 0
38128 0
38129 0
38136 0
38143 0
38148 0
38154 0
38163 0
38172 0
38179 0
38184 0
38190 0
38199 0
38202 0
38210 0
38218 0
38227 0
38234 0
38240 0
38246 0
38254 0
38261 0
38262 0
38267 0
38270 0
38275 0
38284 0
38291 0
38296 0
38300 0
38303 0
38306 0
38308 0
38311 0
38319 0
38326 0
38335 0
38337 0
38340 0
38346 0
38348 0
38353 0
38362 0
38366 0
38370 0
38377 0
38383 0
38389 0
38394 0
38403 0
38409 0
38413 0
38419 0
38425 0
38433 0
38435 0
38440 0
38444 0
38448 0
38453 0
38458 0
38462 0
38469 0
38470 0
38473 0
38481 0
38484 0
38492 0
38496 0
38499 0
38502 0
38503 0
38511 0
38520 0
38524 0
38527 0
38535 0
38537 0
38538 0
38545 0
38548 0
38555 0
38561 0
38566 0
38567 0
38574 0
38576 0
38585 0
38587 0
38593 0
38602 0
38607 0
38614 0
38615 0
38618 0
38627 0
38629 0
38636 0
38637 0
38645 0
38648 0
38656 0
38658 0
38667 0
38675 0
38684 0
38685 0
38688 0
38689 0
38696 0
38698 0
38703 0
38708 0
38717 0
38726 0
38728 0
38737 0
38744 0
38745 0
38751 0
38759 0
38766 0
38767 0
38773 0
38779 0
38780 0
38787 0
38794 0
38801 0
38803 0
38811 0
38818 0
38825 0
38834 0
38839 0
38843 0
38852 0
38855 0
38858 0
38859 0
38868 0
38875 0
38880 0
38882 0
38889 0
38890 0
38893 0
38902 0
38911 0
38918 0
38921 0
38923 0
38932 0
38933 0
38935 0
38939 0
38948 0
38951 0
38956 0
38965 0
38972 0
38980 0
38989 0
38994 0
38995 0
38998 0
39007 0
39016 0
39017 0
39024 0
39031 0
39038 0
39047 0
39050 0
39055 0
39061 0
39063 0
39064 0
39069 0
39074 0
39081 0
39090 0
39091 0
39097 0
39103 0
39110 0
39119 0
39120 0
39121 0
39123 0
39128 0
39134 0
39140 0
39149 0
39154 0
39158 0
39167 0
39172 0
39174 0
39180 0
39187 0
39190 0
39191 0
39198 0
39201 0
39202 0
39211 0
39213 0
39221 0
39223 0
39230 0
39231 0
39235 0
39239 0
39245 0
39249 0
39257 0
39258 0
39264 0
39269 0
39273 0
39279 0
39287 0
39294 0
39297 0
39305 0
39306 0
39310 0
39315 0
39324 0
39329 0
39330 0
39335 0
39343 0
39348 0
39355 0
39363 0
39370 0
39372 0
39380 0
39387 0
39388 0
39393 0
39402 0
39403 0
39412 0
39418 0
39422 0
39424 0
39430 0
39437 0
39443 0
39446 0
39453 0
39456 0
39462 0
39471 0
39475 0
39483 0
39488 0
39494 0
39502 0
39503 0
39506 0
39513 0
39517 0
39520 0
39522 0
39524 0
39532 0
39534 0
39541 0
39546 0
39553 0
39560 0
39564 0
39570 0
39576 0
39580 0
39585 0
39592 0
39593 0
39602 0
39609 0
39611 0
39619 0
39620 0
39622 0
39628 0
39634 0
39638 0
39640 0
39642 0
39643 0
39644 0
39651 0
39660 0
39662 0
39664 0
39668 0
39674 0
39681 0
39685 0
39686 0
39688 0
39690 0
39699 0
39703 0
39710 0
39716 0
39719 0
39723 0
39730 0
39738 0
39740 0
39744 0
39747 0
39754 0
39758 0
39759 0
39768 0
39773 0
39776 0
39782 0
39785 0
39789 0
39793 0
39796 0
39801 0
39806 0
39815 0
39818 0
39823 0
39824 0
39825 0
39834 0
39842 0
39846 0
39854 0
39862 0
39871 0
39875 0
39881 0
39886 0
39890 0
39898 0
39904 0
39905 0
39910 0
39915 0
39922 0
39926 0
39928 0
39932 0
39933 0
39939 0
39947 0
39952 0
39954 0
39963 0
39968 0
39974 0
39982 0
39986 0
39995 0
40003 0
40011 0
40016 0
40024 0
40026 0
40033 0
40039 0
40042 0
40049 0
40055 0
40060 0
40062 0
40070 0
40073 0
40082 0
40086 0
40093 0
40102 0
40106 0
40112 0
40119 0
40126 0
40128 0
40132 0
40134 0
40140 0
40148 0
40151 0
40155 0
40159 0
40165 0
40169 0
40175 0
40181 0
40188 0
40196 0
40199 0
40204 0
40208 0
40214 0
40217 0
40223 0
40226 0
40227 0
40235 0
40242 0
40248 0
40254 0
40260 0
40264 0
40265 0
40273 0
40282 0
40284 0
40288 0
40297 0
40300 0
40305 0
40310 0
40316 0
40320 0
40325 0
40333 0
40335 0
40336 0
40337 0
40345 0
40354 0
40359 0
40362 0
40365 0
40367 0
40373 0
40380 0
40386 0
40388 0
40396 0
40399 0
40400 0
40405 0
40406 0
40415 0
40419 0
40422 0
40428 0
40436 0
40441 0
40449 0
40454 0
40463 0
40465 0
40466 0
40468 0
40472 0
40475 0
40476 0
40480 0
40488 0
40497 0
40502 0
40507 0
40511 0
40520 0
40529 0
40535 0
40540 0
40545 0
40554 0
40563 0
40572 0
40576 0
40585 0
40586 0
40592 0
40598 0
40601 0
40610 0
40618 0
40626 0
40631 0
40636 0
40645 0
40649 0
40653 0
40657 0
40661 0
40663 0
40671 0
40672 0
40680 0
40684 0
40686 0
40688 0
40697 0
40699 0
40702 0
40706 0
40708 0
40710 0
40713 0
40720 0
40729 0
40734 0
40742 0
40749 0
40754 0
40762 0
40763 0
40771 0
40773 0
40779 0
40780 0
40786 0
40790 0
40794 0
40796 0
40802 0
40805 0
40807 0
40816 0
40821 0
40827 0
40832 0
40838 0
40843 0
40846 0
40855 0
40859 0
40866 0
40872 0
40881 0
40885 0
40888 0
40896 0
40905 0
40908 0
40911 0
40916 0
40918 0
40920 0
40924 0
40927 0
40934 0
40936 0
40943 0
40951 0
40956 0
40963 0
40971 0
40978 0
40982 0
40990 0
40992 0
40993 0
40997 0
41004 0
41010 0
41017 0
41021 0
41026 0
41027 0
41034 0
41041 0
41046 0
41054 0
41058 0
41062 0
41067 0
41070 0
41076 0
41082 0
41088 0
41094 0
41102 0
41105 0
41106 0
41111 0
41112 0
41115 0
41122 0
41129 0
41130 0
41133 0
41134 0
41143 0
41150 0
41152 0
41157 0
41159 0
41163 0
41164 0
41171 0
41172 0
41173 0
41179 0
41187 0
41190 0
41199 0
41202 0
41203 0
41206 0
41209 0
41214 0
41216 0
41222 0
41231 0
41237 0
41243 0
41244 0
41247 0
41249 0
41257 0
41265 0
41269 0
41275 0
41276 0
41278 0
41285 0
41290 0
41293 0
41296 0
41305 0
41309 0
41316 0
41321 0
41324 0
41329 0
41337 0
41341 0
41344 0
41347 0
41350 0
41356 0
41360 0
41367 0
41373 0
41377 0
41378 0
41379 0
41383 0
41392 0
41394 0
41401 0
41404 0
41406 0
41412 0
41417 0
41420 0
41428 0
41436 0
41443 0
41445 0
41447 0
41450 0
41454 0
41460 0
41466 0
41470 0
41471 0
41479 0
41483 0
41488 0
41493 0
41494 0
41501 0
41504 0
41511 0
41513 0
41522 0
41523 0
41529 0
41532 0
41536 0
41542 0
41545 0
41548 0
41550 0
41557 0
41559 0
41563 0
41567 0
41569 0
41578 0
41584 0
41588 0
41597 0
41606 0
41614 0
41623 0
41628 0
41631 0
41635 0
41641 0
41643 0
41647 0
41656 0
41662 0
41665 0
41668 0
41677 0
41685 0
41691 0
41700 0
41709 0
41711 0
41717 0
41718 0
41719 0
41727 0
41733 0
41734 0
41742 0
41751 0
41760 0
41766 0
41769 0
41771 0
41774 0
41776 0
41780 0
41789 0
41797 0
41801 0
41810 0
41815 0
41821 0
41830 0
41833 0
41838 0
41842 0
41847 0
41853 0
41858 0
41859 0
41868 0
41871 0
41879 0
41887 0
41896 0
41901 0
41907 0
41915 0
41918 0
41927 0
41929 0
41932 0
41941 0
41948 0
41954 0
41955 0
41961 0
41967 0
41973 0
41978 0
41985 0
41988 0
41991 0
41999 0
42006 0
42014 0
42019 0
42027 0
42031 0
42037 0
42040 0
42043 0
42049 0
42056 0
42063 0
42069 0
42073 0
42081 0
42086 0
42088 0
42089 0
42090 0
42091 0
42094 0
42100 0
42109 0
42111 0
42116 0
42122 0
42128 0
42130 0
42137 0
42146 0
42148 0
42155 0
42163 0
42171 0
42179 0
42184 0
42192 0
42194 0
42197 0
42198 0
42200 0
42205 0
42212 0
42219 0
42222 0
42230 0
42232 0
42236 0
42244 0
42252 0
42255 0
42256 0
42262 0
42268 0
42277 0
42285 0
42288 0
42293 0
42297 0
42301 0
42309 0
42310 0
42312 0
42314 0
42315 0
42322 0
42324 0
42333 0
42337 0
42341 0
42347 0
42356 0
42364 0
42369 0
42370 0
42375 0
42377 0
42383 0
42387 0
42388 0
42397 0
42401 0
42410 0
42418 0
42423 0
42425 0
42432 0
42439 0
42448 0
42450 0
42454 0
42459 0
42460 0
42465 0
42471 0
42475 0
42476 0
42477 0
42486 0
42494 0
42498 0
42505 0
42513 0
42520 0
42522 0
42527 0
42529 0
42538 0
42547 0
42554 0
42563 0
42568 0
42573 0
42578 0
42581 0
42582 0
42588 0
42590 0
42592 0
42598 0
42603 0
42608 0
42615 0
42624 0
42629 0
42632 0
42638 0
42641 0
42647 0
42649 0
42652 0
42655 0
42662 0
42666 0
42670 0
42678 0
42679 0
42682 0
42690 0
42692 0
42696 0
42700 0
42704 0
42705 0
42706 0
42715 0
42722 0
42730 0
42737 0
42745 0
42748 0
42753 0
42759 0
42761 0
42767 0
42773 0
42777 0
42781 0
42786 0
42787 0
42796 0
42797 0
42801 0
42809 0
42813 0
42821 0
42828 0
42829 0
42833 0
42840 0
42841 0
42842 0
42847 0
42853 0
42862 0
42863 0
42871 0
42875 0
42878 0
42883 0
42885 0
42889 0
42894 0
42900 0
42901 0
42909 0
42913 0
42920 0
42921 0
42926 0
42934 0
42937 0
42945 0
42954 0
42960 0
42963 0
42965 0
42971 0
42979 0
42986 0
42990 0
42995 0
42998 0
43001 0
43003 0
43004 0
43008 0
43013 0
43020 0
43022 0
43026 0
43033 0
43034 0
43035 0
43037 0
43040 0
43045 0
43046 0
43054 0
43055 0
43063 0
43069 0
43070 0
43072 0
43075 0
43084 0
43093 0
43097 0
43105 0
43113 0
43120 0
43126 0
43130 0
43139 0
43142 0
43144 0
43147 0
43153 0
43162 0
43165 0
43168 0
43174 0
43180 0
43183 0
43191 0
43199 0
43203 0
43205 0
43209 0
43210 0
43212 0
43214 0
43222 0
43225 0
43227 0
43235 0
43236 0
43244 0
43253 0
43262 0
43263 0
43268 0
43269 0
43275 0
43280 0
43288 0
43291 0
43295 0
43303 0
43312 0
43314 0
43322 0
43331 0
43337 0
43341 0
43349 0
43355 0
43357 0
43365 0
43366 0
43369 0
43370 0
43371 0
43378 0
43385 0
43389 0
43393 0
43399 0
43406 0
43414 0
43415 0
43422 0
43430 0
43433 0
43439 0
43440 0
43446 0
43450 0
43451 0
43456 0
43460 0
43469 0
43477 0
43486 0
43488 0
43495 0
43502 0
43506 0
43507 0
43516 0
43525 0
43533 0
43535 0
43542 0
43544 0
43550 0
43556 0
43562 0
43569 0
43573 0
43575 0
43578 0
43584 0
43590 0
43592 0
43595 0
43599 0
43603 0
43606 0
43613 0
43617 0
43625 0
43632 0
43636 0
43640 0
43645 0
43652 0
43653 0
43661 0
43666 0
43672 0
43677 0
43683 0
43685 0
43694 0
43702 0
43708 0
43710 0
43715 0
43716 0
43718 0
43725 0
43728 0
43730 0
43738 0
43739 0
43742 0
43747 0
43752 0
43755 0
43762 0
43764 0
43765 0
43772 0
43776 0
43780 0
43788 0
43794 0
43802 0
43811 0
43820 0
43824 0
43826 0
43828 0
43829 0
43836 0
43840 0
43842 0
43845 0
43851 0
43852 0
43856 0
43862 0
43868 0
43870 0
43878 0
43880 0
43884 0
43885 0
43887 0
43895 0
43899 0
43907 0
43915 0
43919 0
43922 0
43928 0
43933 0
43941 0
43948 0
43951 0
43960 0
43961 0
43962 0
43964 0
43971 0
43973 0
43975 0
43979 0
43988 0
43993 0
43999 0
44006 0
44007 0
44014 0
44022 0
44031 0
44032 0
44035 0
44039 0
44042 0
44045 0
44053 0
44060 0
44068 0
44073 0
44078 0
44079 0
44081 0
44088 0
44093 0
44098 0
44100 0
44107 0
44114 0
44116 0
44117 0
44121 0
44123 0
44128 0
44137 0
44146 0
44147 0
44154 0
44157 0
44159 0
44163 0
44167 0
44171 0
44174 0
44179 0
44185 0
44187 0
44193 0
44198 0
44201 0
44210 0
44218 0
44224 0
44228 0
44235 0
44236 0
44241 0
44243 0
44250 0
44253 0
44257 0
44265 0
44272 0
44281 0
44286 0
44294 0
44303 0
44312 0
44316 0
44324 0
44331 0
44332 0
44336 0
44344 0
44353 0
44361 0
44365 0
44369 0
44377 0
44384 0
44388 0
44393 0
44398 0
44402 0
44408 0
44410 0
44411 0
44414 0
44417 0
44423 0
44428 0
44429 0
44436 0
44443 0
44444 0
44453 0
44458 0
44460 0
44461 0
44463 0
44465 0
44469 0
44474 0
44478 0
44483 0
44489 0
44493 0
44499 0
44500 0
44509 0
44515 0
44520 0
44522 0
44530 0
44539 0
44541 0
44546 0
44547 0
44551 0
44554 0
44558 0
44564 0
44568 0
44572 0
44581 0
44589 0
44590 0
44597 0
44599 0
44601 0
44608 0
44613 0
44615 0
44621 0
44626 0
44628 0
44634 0
44643 0
44649 0
44658 0
44667 0
44670 0
44675 0
44676 0
44685 0
44694 0
44703 0
44708 0
44716 0
44718 0
44722 0
44724 0
44732 0
44737 0
44745 0
44753 0
44754 0
44759 0
44768 0
44774 0
44782 0
44786 0
44793 0
44800 0
44805 0
44807 0
44814 0
44816 0
44822 0
44831 0
44832 0
44838 0
44839 0
44843 0
44850 0
44853 0
44856 0
44857 0
44860 0
44866 0
44872 0
44880 0
44881 0
44886 0
44889 0
44896 0
44900 0
44908 0
44913 0
44914 0
44921 0
44924 0
44927 0
44933 0
44936 0
44944 0
44948 0
44951 0
44955 0
44964 0
44972 0
44981 0
44986 0
44989 0
44991 0
44993 0
44995 0
45002 0
45007 0
45016 0
45024 0
45030 0
45036 0
45044 0
45052 0
45058 0
45062 0
45064 0
45072 0
45077 0
45084 0
45088 0
45092 0
45096 0
45104 0
45113 0
45114 0
45123 0
45131 0
45137 0
45142 0
45143 0
45149 0
45156 0
45159 0
45163 0
45166 0
45173 0
45181 0
45183 0
45192 0
45197 0
45202 0
45211 0
45218 0
45227 0
45236 0
45241 0
45247 0
45251 0
45260 0
45262 0
45271 0
45279 0
45282 0
45291 0
45292 0
45295 0
45297 0
45303 0
45307 0
45315 0
45318 0
45326 0
45330 0
45336 0
45343 0
45345 0
45352 0
45359 0
45365 0
45372 0
45381 0
45390 0
45393 0
45402 0
45407 0
45414 0
45421 0
45423 0
45425 0
45432 0
45435 0
45441 0
45448 0
45455 0
45459 0
45464 0
45468 0
45476 0
45477 0
45482 0
45484 0
45488 0
45497 0
45500 0
45504 0
45508 0
45517 0
45523 0
45532 0
45541 0
45550 0
45558 0
45561 0
45567 0
45576 0
45581 0
45587 0
45588 0
45595 0
45598 0
45602 0
45609 0
45617 0
45618 0
45627 0
45634 0
45637 0
45643 0
45652 0
45659 0
45668 0
45675 0
45680 0
45681 0
45683 0
45686 0
45687 0
45688 0
45692 0
45700 0
45705 0
45706 0
45709 0
45711 0
45719 0
45722 0
45730 0
45738 0
45747 0
45753 0
45756 0
45759 0
45764 0
45767 0
45775 0
45780 0
45782 0
45788 0
45797 0
45801 0
45805 0
45807 0
45811 0
45819 0
45828 0
45835 0
45844 0
45850 0
45855 0
45858 0
45860 0
45864 0
45871 0
45880 0
45881 0
45890 0
45898 0
45907 0
45916 0
45920 0
45926 0
45929 0
45931 0
45938 0
45940 0
45943 0
45948 0
45951 0
45958 0
45964 0
45971 0
45974 0
45979 0
45981 0
45987 0
45989 0
45992 0
45997 0
46001 0
46007 0
46012 0
46015 0
46017 0
46023 0
46026 0
46030 0
46037 0
46044 0
46048 0
46054 0
46061 0
46064 0
46070 0
46074 0
46082 0
46085 0
46091 0
46100 0
46102 0
46105 0
46110 0
46117 0
46125 0
46127 0
46132 0
46141 0
46150 0
46156 0
46161 0
46164 0
46172 0
46175 0
46178 0
46186 0
46194 0
46197 0
46203 0
46207 0
46209 0
46210 0
46211 0
46215 0
46222 0
46224 0
46229 0
46231 0
46237 0
46240 0
46247 0
46248 0
46257 0
46263 0
46268 0
46277 0
46278 0
46279 0
46281 0
46284 0
46291 0
46297 0
46300 0
46306 0
46313 0
46318 0
46326 0
46330 0
46335 0
46344 0
46349 0
46351 0
46356 0
46362 0
46369 0
46373 0
46381 0
46382 0
46387 0
46390 0
46399 0
46403 0
46405 0
46414 0
46422 0
46425 0
46431 0
46435 0
46440 0
46442 0
46450 0
46458 0
46462 0
46471 0
46478 0
46484 0
46493 0
46500 0
46508 0
46515 0
46517 0
46519 0
46521 0
46527 0
46531 0
46533 0
46538 0
46545 0
46552 0
46560 0
46569 0
46570 0
46577 0
46584 0
46589 0
46597 0
46598 0
46603 0
46612 0
46618 0
46621 0
46630 0
46635 0
46638 0
46641 0
46649 0
46655 0
46656 0
46663 0
46671 0
46675 0
46682 0
46683 0
46691 0
46692 0
46697 0
46706 0
46710 0
46719 0
46725 0
46726 0
46729 0
46735 0
46742 0
46745 0
46748 0
46751 0
46759 0
46761 0
46768 0
46775 0
46783 0
46785 0
46789 0
46794 0
46795 0
46802 0
46808 0
46809 0
46816 0
46817 0
46820 0
46821 0
46824 0
46828 0
46832 0
46837 0
46846 0
46848 0
46850 0
46852 0
46861 0
46863 0
46867 0
46875 0
46877 0
46884 0
46886 0
46889 0
46893 0
46897 0
46905 0
46910 0
46913 0
46921 0
46927 0
46935 0
46941 0
46943 0
46947 0
46948 0
46953 0
46961 0
46969 0
46975 0
46983 0
46990 0
46991 0
46994 0
46999 0
47003 0
47006 0
47012 0
47013 0
47017 0
47020 0
47026 0
47035 0
47038 0
47043 0
47045 0
47050 0
47055 0
47059 0
47067 0
47074 0
47082 0
47083 0
47091 0
47093 0
47096 0
47099 0
47102 0
47103 0
47110 0
47119 0
47127 0
47134 0
47142 0
47151 0
47155 0
47156 0
47161 0
47166 0
47169 0
47172 0
47180 0
47183 0
47190 0
47197 0
47205 0
47209 0
47213 0
47217 0
47224 0
47232 0
47235 0
47243 0
47252 0
47260 0
47267 0
47271 0
47280 0
47281 0
47282 0
47289 0
47291 0
47292 0
47299 0
47308 0
47312 0
47317 0
47324 0
47326 0
47332 0
47338 0
47339 0
47344 0
47345 0
47346 0
47355 0
47362 0
47363 0
47371 0
47373 0
47380 0
47385 0
47386 0
47392 0
47395 0
47401 0
47404 0
47405 0
47407 0
47408 0
47410 0
47413 0
47422 0
47424 0
47426 0
47427 0
47435 0
47438 0
47440 0
47448 0
47449 0
47454 0
47456 0
47460 0
47464 0
47465 0
47470 0
47473 0
47480 0
47482 0
47485 0
47494 0
47503 0
47507 0
47509 0
47512 0
47518 0
47523 0
47529 0
47535 0
47542 0
47544 0
47545 0
47551 0
47552 0
47559 0
47560 0
47566 0
47568 0
47572 0
47581 0
47589 0
47591 0
47592 0
47595 0
47600 0
47609 0
47612 0
47616 0
47618 0
47627 0
47634 0
47639 0
47648 0
47656 0
47663 0
47671 0
47680 0
47681 0
47684 0
47693 0
47701 0
47704 0
47713 0
47715 0
47724 0
47727 0
47730 0
47735 0
47736 0
47744 0
47753 0
47757 0
47766 0
47770 0
47778 0
47780 0
47781 0
47787 0
47791 0
47796 0
47804 0
47806 0
47814 0
47820 0
47826 0
47830 0
47834 0
47836 0
47838 0
47844 0
47845 0
47849 0
47856 0
47858 0
47865 0
47866 0
47870 0
47872 0
47880 0
47888 0
47889 0
47898 0
47904 0
47912 0
47918 0
47921 0
47925 0
47929 0
47938 0
47941 0
47942 0
47945 0
47947 0
47954 0
47957 0
47959 0
47961 0
47969 0
47972 0
47973 0
47976 0
47980 0
47981 0
47982 0
47990 0
47992 0
47996 0
48005 0
48010 0
48014 0
48018 0
48019 0
48028 0
48030 0
48032 0
48034 0
48038 0
48040 0
48049 0
48055 0
48061 0
48068 0
48076 0
48078 0
48086 0
48089 0
48092 0
48095 0
48096 0
48100 0
48101 0
48102 0
48105 0
48112 0
48118 0
48121 0
48126 0
48130 0
48132 0
48137 0
48142 0
48147 0
48153 0
48156 0
48159 0
48164 0
48167 0
48168 0
48171 0
48178 0
48181 0
48187 0
48195 0
48199 0
48207 0
48215 0
48217 0
48223 0
48231 0
48233 0
48239 0
48246 0
48253 0
48257 0
48265 0
48269 0
48271 0
48272 0
48281 0
48284 0
48287 0
48295 0
48298 0
48300 0
48303 0
48308 0
48316 0
48325 0
48331 0
48337 0
48338 0
48342 0
48343 0
48348 0
48354 0
48357 0
48363 0
48365 0
48367 0
48375 0
48383 0
48387 0
48391 0
48392 0
48400 0
48407 0
48415 0
48422 0
48429 0
48436 0
48440 0
48449 0
48456 0
48463 0
48472 0
48476 0
48480 0
48487 0
48495 0
48497 0
48498 0
48506 0
48513 0
48521 0
48526 0
48527 0
48533 0
48542 0
48551 0
48559 0
48560 0
48566 0
48575 0
48583 0
48586 0
48589 0
48597 0
48600 0
48602 0
48604 0
48610 0
48613 0
48620 0
48627 0
48629 0
48632 0
48636 0
48644 0
48645 0
48649 0
48653 0
48659 0
48661 0
48668 0
48669 0
48670 0
48673 0
48676 0
48684 0
48689 0
48693 0
48699 0
48701 0
48709 0
48713 0
48722 0
48731 0
48733 0
48741 0
48750 0
48759 0
48760 0
48766 0
48767 0
48773 0
48776 0
48784 0
48788 0
48792 0
48801 0
48803 0
48808 0
48811 0
48818 0
48820 0
48825 0
48830 0
48838 0
48843 0
48851 0
48857 0
48861 0
48862 0
48866 0
48869 0
48875 0
48881 0
48890 0
48899 0
48905 0
48907 0
48909 0
48914 0
48921 0
48922 0
48929 0
48935 0
48943 0
48945 0
48948 0
48950 0
48959 0
48967 0
48968 0
48973 0
48980 0
48984 0
48990 0
48993 0
49000 0
49008 0
49010 0
49015 0
49024 0
49029 0
49033 0
49042 0
49047 0
49056 0
49065 0
49072 0
49075 0
49077 0
49086 0
49095 0
49099 0
49103 0
49109 0
49112 0
49120 0
49125 0
49130 0
49137 0
49139 0
49147 0
49156 0
49161 0
49163 0
49166 0
49168 0
49170 0
49176 0
49179 0
49181 0
49187 0
49192 0
49201 0
49206 0
49208 0
49213 0
49222 0
49230 0
49236 0
49243 0
49244 0
49252 0
49257 0
49262 0
49268 0
49276 0
49285 0
49289 0
49293 0
49296 0
49300 0
49302 0
49311 0
49317 0
49324 0
49329 0
49335 0
49342 0
49350 0
49354 0
49363 0
49370 0
49374 0
49380 0
49387 0
49396 0
49403 0
49410 0
49418 0
49427 0
49432 0
49439 0
49444 0
49452 0
49460 0
49466 0
49469 0
49470 0
49477 0
49486 0
49490 0
49493 0
49495 0
49498 0
49500 0
49506 0
49511 0
49520 0
49528 0
49532 0
49537 0
49541 0
49544 0
49552 0
49555 0
49558 0
49562 0
49569 0
49573 0
49578 0
49582 0
49589 0
49590 0
49592 0
49596 0
49600 0
49604 0
49612 0
49615 0
49618 0
49623 0
49627 0
49630 0
49634 0
49638 0
49641 0
49642 0
49649 0
49651 0
49652 0
49655 0
49658 0
49663 0
49672 0
49680 0
49685 0
49692 0
49695 0
49699 0
49708 0
49716 0
49719 0
49723 0
49731 0
49738 0
49745 0
49754 0
49757 0
49766 0
49769 0
49778 0
49786 0
49788 0
49794 0
49795 0
49800 0
49801 0
49804 0
49810 0
49811 0
49818 0
49820 0
49829 0
49831 0
49833 0
49837 0
49845 0
49847 0
49852 0
49855 0
49859 0
49863 0
49865 0
49870 0
49875 0
49876 0
49881 0
49888 0
49891 0
49899 0
49907 0
49913 0
49915 0
49919 0
49920 0
49923 0
49932 0
49939 0
49944 0
49946 0
49953 0
49959 0
49961 0
49967 0
