10000
4 1
9 0
13 1
18 0
22 1
27 0
31 1
36 0
40 1
45 0
49 1
54 0
58 1
63 0
67 1
72 0
76 1
81 0
85 1
90 0
94 1
99 0
103 1
108 0
112 1
117 0
121 1
126 0
130 1
135 0
139 1
144 0
148 1
153 0
157 1
162 0
166 1
171 0
175 1
180 0
184 1
189 0
193 1
198 0
202 1
207 0
211 1
216 0
220 1
225 0
229 1
234 0
238 1
243 0
247 1
252 0
256 1
261 0
265 1
270 0
274 1
279 0
283 1
288 0
292 1
297 0
301 1
306 0
310 1
315 0
319 1
324 0
328 1
333 0
337 1
342 0
346 1
351 0
355 1
360 0
364 1
369 0
373 1
378 0
382 1
387 0
391 1
396 0
400 1
405 0
409 1
414 0
418 1
423 0
427 1
432 0
436 1
441 0
445 1
450 0
454 1
459 0
463 1
468 0
472 1
477 0
481 1
486 0
490 1
495 0
499 1
504 0
508 1
513 0
517 1
522 0
526 1
531 0
535 1
540 0
544 1
549 0
553 1
558 0
562 1
567 0
571 1
576 0
580 1
585 0
589 1
594 0
598 1
603 0
607 1
612 0
616 1
621 0
625 1
630 0
634 1
639 0
643 1
648 0
652 1
657 0
661 1
666 0
670 1
675 0
679 1
684 0
688 1
693 0
697 1
702 0
706 1
711 0
715 1
720 0
724 1
729 0
733 1
738 0
742 1
747 0
751 1
756 0
760 1
765 0
769 1
774 0
778 1
783 0
787 1
792 0
796 1
801 0
805 1
810 0
814 1
819 0
823 1
828 0
832 1
837 0
841 1
846 0
850 1
855 0
859 1
864 0
868 1
873 0
877 1
882 0
886 1
891 0
895 1
900 0
904 1
909 0
913 1
918 0
922 1
927 0
931 1
936 0
940 1
945 0
949 1
954 0
958 1
963 0
967 1
972 0
976 1
981 0
985 1
990 0
994 1
999 0
1003 1
1008 0
1012 1
1017 0
1021 1
1026 0
1030 1
1035 0
1039 1
1044 0
1048 1
1053 0
1057 1
1062 0
1066 1
1071 0
1075 1
1080 0
1084 1
1089 0
1093 1
1098 0
1102 1
1107 0
1111 1
1116 0
1120 1
1125 0
1129 1
1134 0
1138 1
1143 0
1147 1
1152 0
1156 1
1161 0
1165 1
1170 0
1174 1
1179 0
1183 1
1188 0
1192 1
1197 0
1201 1
1206 0
1210 1
1215 0
1219 1
1224 0
1228 1
1233 0
1237 1
1242 0
1246 1
1251 0
1255 1
1260 0
1264 1
1269 0
1273 1
1278 0
1282 1
1287 0
1291 1
1296 0
1300 1
1305 0
1309 1
1314 0
1318 1
1323 0
1327 1
1332 0
1336 1
1341 0
1345 1
1350 0
1354 1
1359 0
1363 1
1368 0
1372 1
1377 0
1381 1
1386 0
1390 1
1395 0
1399 1
1404 0
1408 1
1413 0
1417 1
1422 0
1426 1
1431 0
1435 1
1440 0
1444 1
1449 0
1453 1
1458 0
1462 1
1467 0
1471 1
1476 0
1480 1
1485 0
1489 1
1494 0
1498 1
1503 0
1507 1
1512 0
1516 1
1521 0
1525 1
1530 0
1534 1
1539 0
1543 1
1548 0
1552 1
1557 0
1561 1
1566 0
1570 1
1575 0
1579 1
1584 0
1588 1
1593 0
1597 1
1602 0
1606 1
1611 0
1615 1
1620 0
1624 1
1629 0
1633 1
1638 0
1642 1
1647 0
1651 1
1656 0
1660 1
1665 0
1669 1
1674 0
1678 1
1683 0
1687 1
1692 0
1696 1
1701 0
1705 1
1710 0
1714 1
1719 0
1723 1
1728 0
1732 1
1737 0
1741 1
1746 0
1750 1
1755 0
1759 1
1764 0
1768 1
1773 0
1777 1
1782 0
1786 1
1791 0
1795 1
1800 0
1804 1
1809 0
1813 1
1818 0
1822 1
1827 0
1831 1
1836 0
1840 1
1845 0
1849 1
1854 0
1858 1
1863 0
1867 1
1872 0
1876 1
1881 0
1885 1
1890 0
1894 1
1899 0
1903 1
1908 0
1912 1
1917 0
1921 1
1926 0
1930 1
1935 0
1939 1
1944 0
1948 1
1953 0
1957 1
1962 0
1966 1
1971 0
1975 1
1980 0
1984 1
1989 0
1993 1
1998 0
2002 1
2007 0
2011 1
2016 0
2020 1
2025 0
2029 1
2034 0
2038 1
2043 0
2047 1
2052 0
2056 1
2061 0
2065 1
2070 0
2074 1
2079 0
2083 1
2088 0
2092 1
2097 0
2101 1
2106 0
2110 1
2115 0
2119 1
2124 0
2128 1
2133 0
2137 1
2142 0
2146 1
2151 0
2155 1
2160 0
2164 1
2169 0
2173 1
2178 0
2182 1
2187 0
2191 1
2196 0
2200 1
2205 0
2209 1
2214 0
2218 1
2223 0
2227 1
2232 0
2236 1
2241 0
2245 1
2250 0
2254 1
2259 0
2263 1
2268 0
2272 1
2277 0
2281 1
2286 0
2290 1
2295 0
2299 1
2304 0
2308 1
2313 0
2317 1
2322 0
2326 1
2331 0
2335 1
2340 0
2344 1
2349 0
2353 1
2358 0
2362 1
2367 0
2371 1
2376 0
2380 1
2385 0
2389 1
2394 0
2398 1
2403 0
2407 1
2412 0
2416 1
2421 0
2425 1
2430 0
2434 1
2439 0
2443 1
2448 0
2452 1
2457 0
2461 1
2466 0
2470 1
2475 0
2479 1
2484 0
2488 1
2493 0
2497 1
2502 0
2506 1
2511 0
2515 1
2520 0
2524 1
2529 0
2533 1
2538 0
2542 1
2547 0
2551 1
2556 0
2560 1
2565 0
2569 1
2574 0
2578 1
2583 0
2587 1
2592 0
2596 1
2601 0
2605 1
2610 0
2614 1
2619 0
2623 1
2628 0
2632 1
2637 0
2641 1
2646 0
2650 1
2655 0
2659 1
2664 0
2668 1
2673 0
2677 1
2682 0
2686 1
2691 0
2695 1
2700 0
2704 1
2709 0
2713 1
2718 0
2722 1
2727 0
2731 1
2736 0
2740 1
2745 0
2749 1
2754 0
2758 1
2763 0
2767 1
2772 0
2776 1
2781 0
2785 1
2790 0
2794 1
2799 0
2803 1
2808 0
2812 1
2817 0
2821 1
2826 0
2830 1
2835 0
2839 1
2844 0
2848 1
2853 0
2857 1
2862 0
2866 1
2871 0
2875 1
2880 0
2884 1
2889 0
2893 1
2898 0
2902 1
2907 0
2911 1
2916 0
2920 1
2925 0
2929 1
2934 0
2938 1
2943 0
2947 1
2952 0
2956 1
2961 0
2965 1
2970 0
2974 1
2979 0
2983 1
2988 0
2992 1
2997 0
3001 1
3006 0
3010 1
3015 0
3019 1
3024 0
3028 1
3033 0
3037 1
3042 0
3046 1
3051 0
3055 1
3060 0
3064 1
3069 0
3073 1
3078 0
3082 1
3087 0
3091 1
3096 0
3100 1
3105 0
3109 1
3114 0
3118 1
3123 0
3127 1
3132 0
3136 1
3141 0
3145 1
3150 0
3154 1
3159 0
3163 1
3168 0
3172 1
3177 0
3181 1
3186 0
3190 1
3195 0
3199 1
3204 0
3208 1
3213 0
3217 1
3222 0
3226 1
3231 0
3235 1
3240 0
3244 1
3249 0
3253 1
3258 0
3262 1
3267 0
3271 1
3276 0
3280 1
3285 0
3289 1
3294 0
3298 1
3303 0
3307 1
3312 0
3316 1
3321 0
3325 1
3330 0
3334 1
3339 0
3343 1
3348 0
3352 1
3357 0
3361 1
3366 0
3370 1
3375 0
3379 1
3384 0
3388 1
3393 0
3397 1
3402 0
3406 1
3411 0
3415 1
3420 0
3424 1
3429 0
3433 1
3438 0
3442 1
3447 0
3451 1
3456 0
3460 1
3465 0
3469 1
3474 0
3478 1
3483 0
3487 1
3492 0
3496 1
3501 0
3505 1
3510 0
3514 1
3519 0
3523 1
3528 0
3532 1
3537 0
3541 1
3546 0
3550 1
3555 0
3559 1
3564 0
3568 1
3573 0
3577 1
3582 0
3586 1
3591 0
3595 1
3600 0
3604 1
3609 0
3613 1
3618 0
3622 1
3627 0
3631 1
3636 0
3640 1
3645 0
3649 1
3654 0
3658 1
3663 0
3667 1
3672 0
3676 1
3681 0
3685 1
3690 0
3694 1
3699 0
3703 1
3708 0
3712 1
3717 0
3721 1
3726 0
3730 1
3735 0
3739 1
3744 0
3748 1
3753 0
3757 1
3762 0
3766 1
3771 0
3775 1
3780 0
3784 1
3789 0
3793 1
3798 0
3802 1
3807 0
3811 1
3816 0
3820 1
3825 0
3829 1
3834 0
3838 1
3843 0
3847 1
3852 0
3856 1
3861 0
3865 1
3870 0
3874 1
3879 0
3883 1
3888 0
3892 1
3897 0
3901 1
3906 0
3910 1
3915 0
3919 1
3924 0
3928 1
3933 0
3937 1
3942 0
3946 1
3951 0
3955 1
3960 0
3964 1
3969 0
3973 1
3978 0
3982 1
3987 0
3991 1
3996 0
4000 1
4005 0
4009 1
4014 0
4018 1
4023 0
4027 1
4032 0
4036 1
4041 0
4045 1
4050 0
4054 1
4059 0
4063 1
4068 0
4072 1
4077 0
4081 1
4086 0
4090 1
4095 0
4099 1
4104 0
4108 1
4113 0
4117 1
4122 0
4126 1
4131 0
4135 1
4140 0
4144 1
4149 0
4153 1
4158 0
4162 1
4167 0
4171 1
4176 0
4180 1
4185 0
4189 1
4194 0
4198 1
4203 0
4207 1
4212 0
4216 1
4221 0
4225 1
4230 0
4234 1
4239 0
4243 1
4248 0
4252 1
4257 0
4261 1
4266 0
4270 1
4275 0
4279 1
4284 0
4288 1
4293 0
4297 1
4302 0
4306 1
4311 0
4315 1
4320 0
4324 1
4329 0
4333 1
4338 0
4342 1
4347 0
4351 1
4356 0
4360 1
4365 0
4369 1
4374 0
4378 1
4383 0
4387 1
4392 0
4396 1
4401 0
4405 1
4410 0
4414 1
4419 0
4423 1
4428 0
4432 1
4437 0
4441 1
4446 0
4450 1
4455 0
4459 1
4464 0
4468 1
4473 0
4477 1
4482 0
4486 1
4491 0
4495 1
4500 0
4504 1
4509 0
4513 1
4518 0
4522 1
4527 0
4531 1
4536 0
4540 1
4545 0
4549 1
4554 0
4558 1
4563 0
4567 1
4572 0
4576 1
4581 0
4585 1
4590 0
4594 1
4599 0
4603 1
4608 0
4612 1
4617 0
4621 1
4626 0
4630 1
4635 0
4639 1
4644 0
4648 1
4653 0
4657 1
4662 0
4666 1
4671 0
4675 1
4680 0
4684 1
4689 0
4693 1
4698 0
4702 1
4707 0
4711 1
4716 0
4720 1
4725 0
4729 1
4734 0
4738 1
4743 0
4747 1
4752 0
4756 1
4761 0
4765 1
4770 0
4774 1
4779 0
4783 1
4788 0
4792 1
4797 0
4801 1
4806 0
4810 1
4815 0
4819 1
4824 0
4828 1
4833 0
4837 1
4842 0
4846 1
4851 0
4855 1
4860 0
4864 1
4869 0
4873 1
4878 0
4882 1
4887 0
4891 1
4896 0
4900 1
4905 0
4909 1
4914 0
4918 1
4923 0
4927 1
4932 0
4936 1
4941 0
4945 1
4950 0
4954 1
4959 0
4963 1
4968 0
4972 1
4977 0
4981 1
4986 0
4990 1
4995 0
4999 1
5004 0
5008 1
5013 0
5017 1
5022 0
5026 1
5031 0
5035 1
5040 0
5044 1
5049 0
5053 1
5058 0
5062 1
5067 0
5071 1
5076 0
5080 1
5085 0
5089 1
5094 0
5098 1
5103 0
5107 1
5112 0
5116 1
5121 0
5125 1
5130 0
5134 1
5139 0
5143 1
5148 0
5152 1
5157 0
5161 1
5166 0
5170 1
5175 0
5179 1
5184 0
5188 1
5193 0
5197 1
5202 0
5206 1
5211 0
5215 1
5220 0
5224 1
5229 0
5233 1
5238 0
5242 1
5247 0
5251 1
5256 0
5260 1
5265 0
5269 1
5274 0
5278 1
5283 0
5287 1
5292 0
5296 1
5301 0
5305 1
5310 0
5314 1
5319 0
5323 1
5328 0
5332 1
5337 0
5341 1
5346 0
5350 1
5355 0
5359 1
5364 0
5368 1
5373 0
5377 1
5382 0
5386 1
5391 0
5395 1
5400 0
5404 1
5409 0
5413 1
5418 0
5422 1
5427 0
5431 1
5436 0
5440 1
5445 0
5449 1
5454 0
5458 1
5463 0
5467 1
5472 0
5476 1
5481 0
5485 1
5490 0
5494 1
5499 0
5503 1
5508 0
5512 1
5517 0
5521 1
5526 0
5530 1
5535 0
5539 1
5544 0
5548 1
5553 0
5557 1
5562 0
5566 1
5571 0
5575 1
5580 0
5584 1
5589 0
5593 1
5598 0
5602 1
5607 0
5611 1
5616 0
5620 1
5625 0
5629 1
5634 0
5638 1
5643 0
5647 1
5652 0
5656 1
5661 0
5665 1
5670 0
5674 1
5679 0
5683 1
5688 0
5692 1
5697 0
5701 1
5706 0
5710 1
5715 0
5719 1
5724 0
5728 1
5733 0
5737 1
5742 0
5746 1
5751 0
5755 1
5760 0
5764 1
5769 0
5773 1
5778 0
5782 1
5787 0
5791 1
5796 0
5800 1
5805 0
5809 1
5814 0
5818 1
5823 0
5827 1
5832 0
5836 1
5841 0
5845 1
5850 0
5854 1
5859 0
5863 1
5868 0
5872 1
5877 0
5881 1
5886 0
5890 1
5895 0
5899 1
5904 0
5908 1
5913 0
5917 1
5922 0
5926 1
5931 0
5935 1
5940 0
5944 1
5949 0
5953 1
5958 0
5962 1
5967 0
5971 1
5976 0
5980 1
5985 0
5989 1
5994 0
5998 1
6003 0
6007 1
6012 0
6016 1
6021 0
6025 1
6030 0
6034 1
6039 0
6043 1
6048 0
6052 1
6057 0
6061 1
6066 0
6070 1
6075 0
6079 1
6084 0
6088 1
6093 0
6097 1
6102 0
6106 1
6111 0
6115 1
6120 0
6124 1
6129 0
6133 1
6138 0
6142 1
6147 0
6151 1
6156 0
6160 1
6165 0
6169 1
6174 0
6178 1
6183 0
6187 1
6192 0
6196 1
6201 0
6205 1
6210 0
6214 1
6219 0
6223 1
6228 0
6232 1
6237 0
6241 1
6246 0
6250 1
6255 0
6259 1
6264 0
6268 1
6273 0
6277 1
6282 0
6286 1
6291 0
6295 1
6300 0
6304 1
6309 0
6313 1
6318 0
6322 1
6327 0
6331 1
6336 0
6340 1
6345 0
6349 1
6354 0
6358 1
6363 0
6367 1
6372 0
6376 1
6381 0
6385 1
6390 0
6394 1
6399 0
6403 1
6408 0
6412 1
6417 0
6421 1
6426 0
6430 1
6435 0
6439 1
6444 0
6448 1
6453 0
6457 1
6462 0
6466 1
6471 0
6475 1
6480 0
6484 1
6489 0
6493 1
6498 0
6502 1
6507 0
6511 1
6516 0
6520 1
6525 0
6529 1
6534 0
6538 1
6543 0
6547 1
6552 0
6556 1
6561 0
6565 1
6570 0
6574 1
6579 0
6583 1
6588 0
6592 1
6597 0
6601 1
6606 0
6610 1
6615 0
6619 1
6624 0
6628 1
6633 0
6637 1
6642 0
6646 1
6651 0
6655 1
6660 0
6664 1
6669 0
6673 1
6678 0
6682 1
6687 0
6691 1
6696 0
6700 1
6705 0
6709 1
6714 0
6718 1
6723 0
6727 1
6732 0
6736 1
6741 0
6745 1
6750 0
6754 1
6759 0
6763 1
6768 0
6772 1
6777 0
6781 1
6786 0
6790 1
6795 0
6799 1
6804 0
6808 1
6813 0
6817 1
6822 0
6826 1
6831 0
6835 1
6840 0
6844 1
6849 0
6853 1
6858 0
6862 1
6867 0
6871 1
6876 0
6880 1
6885 0
6889 1
6894 0
6898 1
6903 0
6907 1
6912 0
6916 1
6921 0
6925 1
6930 0
6934 1
6939 0
6943 1
6948 0
6952 1
6957 0
6961 1
6966 0
6970 1
6975 0
6979 1
6984 0
6988 1
6993 0
6997 1
7002 0
7006 1
7011 0
7015 1
7020 0
7024 1
7029 0
7033 1
7038 0
7042 1
7047 0
7051 1
7056 0
7060 1
7065 0
7069 1
7074 0
7078 1
7083 0
7087 1
7092 0
7096 1
7101 0
7105 1
7110 0
7114 1
7119 0
7123 1
7128 0
7132 1
7137 0
7141 1
7146 0
7150 1
7155 0
7159 1
7164 0
7168 1
7173 0
7177 1
7182 0
7186 1
7191 0
7195 1
7200 0
7204 1
7209 0
7213 1
7218 0
7222 1
7227 0
7231 1
7236 0
7240 1
7245 0
7249 1
7254 0
7258 1
7263 0
7267 1
7272 0
7276 1
7281 0
7285 1
7290 0
7294 1
7299 0
7303 1
7308 0
7312 1
7317 0
7321 1
7326 0
7330 1
7335 0
7339 1
7344 0
7348 1
7353 0
7357 1
7362 0
7366 1
7371 0
7375 1
7380 0
7384 1
7389 0
7393 1
7398 0
7402 1
7407 0
7411 1
7416 0
7420 1
7425 0
7429 1
7434 0
7438 1
7443 0
7447 1
7452 0
7456 1
7461 0
7465 1
7470 0
7474 1
7479 0
7483 1
7488 0
7492 1
7497 0
7501 1
7506 0
7510 1
7515 0
7519 1
7524 0
7528 1
7533 0
7537 1
7542 0
7546 1
7551 0
7555 1
7560 0
7564 1
7569 0
7573 1
7578 0
7582 1
7587 0
7591 1
7596 0
7600 1
7605 0
7609 1
7614 0
7618 1
7623 0
7627 1
7632 0
7636 1
7641 0
7645 1
7650 0
7654 1
7659 0
7663 1
7668 0
7672 1
7677 0
7681 1
7686 0
7690 1
7695 0
7699 1
7704 0
7708 1
7713 0
7717 1
7722 0
7726 1
7731 0
7735 1
7740 0
7744 1
7749 0
7753 1
7758 0
7762 1
7767 0
7771 1
7776 0
7780 1
7785 0
7789 1
7794 0
7798 1
7803 0
7807 1
7812 0
7816 1
7821 0
7825 1
7830 0
7834 1
7839 0
7843 1
7848 0
7852 1
7857 0
7861 1
7866 0
7870 1
7875 0
7879 1
7884 0
7888 1
7893 0
7897 1
7902 0
7906 1
7911 0
7915 1
7920 0
7924 1
7929 0
7933 1
7938 0
7942 1
7947 0
7951 1
7956 0
7960 1
7965 0
7969 1
7974 0
7978 1
7983 0
7987 1
7992 0
7996 1
8001 0
8005 1
8010 0
8014 1
8019 0
8023 1
8028 0
8032 1
8037 0
8041 1
8046 0
8050 1
8055 0
8059 1
8064 0
8068 1
8073 0
8077 1
8082 0
8086 1
8091 0
8095 1
8100 0
8104 1
8109 0
8113 1
8118 0
8122 1
8127 0
8131 1
8136 0
8140 1
8145 0
8149 1
8154 0
8158 1
8163 0
8167 1
8172 0
8176 1
8181 0
8185 1
8190 0
8194 1
8199 0
8203 1
8208 0
8212 1
8217 0
8221 1
8226 0
8230 1
8235 0
8239 1
8244 0
8248 1
8253 0
8257 1
8262 0
8266 1
8271 0
8275 1
8280 0
8284 1
8289 0
8293 1
8298 0
8302 1
8307 0
8311 1
8316 0
8320 1
8325 0
8329 1
8334 0
8338 1
8343 0
8347 1
8352 0
8356 1
8361 0
8365 1
8370 0
8374 1
8379 0
8383 1
8388 0
8392 1
8397 0
8401 1
8406 0
8410 1
8415 0
8419 1
8424 0
8428 1
8433 0
8437 1
8442 0
8446 1
8451 0
8455 1
8460 0
8464 1
8469 0
8473 1
8478 0
8482 1
8487 0
8491 1
8496 0
8500 1
8505 0
8509 1
8514 0
8518 1
8523 0
8527 1
8532 0
8536 1
8541 0
8545 1
8550 0
8554 1
8559 0
8563 1
8568 0
8572 1
8577 0
8581 1
8586 0
8590 1
8595 0
8599 1
8604 0
8608 1
8613 0
8617 1
8622 0
8626 1
8631 0
8635 1
8640 0
8644 1
8649 0
8653 1
8658 0
8662 1
8667 0
8671 1
8676 0
8680 1
8685 0
8689 1
8694 0
8698 1
8703 0
8707 1
8712 0
8716 1
8721 0
8725 1
8730 0
8734 1
8739 0
8743 1
8748 0
8752 1
8757 0
8761 1
8766 0
8770 1
8775 0
8779 1
8784 0
8788 1
8793 0
8797 1
8802 0
8806 1
8811 0
8815 1
8820 0
8824 1
8829 0
8833 1
8838 0
8842 1
8847 0
8851 1
8856 0
8860 1
8865 0
8869 1
8874 0
8878 1
8883 0
8887 1
8892 0
8896 1
8901 0
8905 1
8910 0
8914 1
8919 0
8923 1
8928 0
8932 1
8937 0
8941 1
8946 0
8950 1
8955 0
8959 1
8964 0
8968 1
8973 0
8977 1
8982 0
8986 1
8991 0
8995 1
9000 0
9004 1
9009 0
9013 1
9018 0
9022 1
9027 0
9031 1
9036 0
9040 1
9045 0
9049 1
9054 0
9058 1
9063 0
9067 1
9072 0
9076 1
9081 0
9085 1
9090 0
9094 1
9099 0
9103 1
9108 0
9112 1
9117 0
9121 1
9126 0
9130 1
9135 0
9139 1
9144 0
9148 1
9153 0
9157 1
9162 0
9166 1
9171 0
9175 1
9180 0
9184 1
9189 0
9193 1
9198 0
9202 1
9207 0
9211 1
9216 0
9220 1
9225 0
9229 1
9234 0
9238 1
9243 0
9247 1
9252 0
9256 1
9261 0
9265 1
9270 0
9274 1
9279 0
9283 1
9288 0
9292 1
9297 0
9301 1
9306 0
9310 1
9315 0
9319 1
9324 0
9328 1
9333 0
9337 1
9342 0
9346 1
9351 0
9355 1
9360 0
9364 1
9369 0
9373 1
9378 0
9382 1
9387 0
9391 1
9396 0
9400 1
9405 0
9409 1
9414 0
9418 1
9423 0
9427 1
9432 0
9436 1
9441 0
9445 1
9450 0
9454 1
9459 0
9463 1
9468 0
9472 1
9477 0
9481 1
9486 0
9490 1
9495 0
9499 1
9504 0
9508 1
9513 0
9517 1
9522 0
9526 1
9531 0
9535 1
9540 0
9544 1
9549 0
9553 1
9558 0
9562 1
9567 0
9571 1
9576 0
9580 1
9585 0
9589 1
9594 0
9598 1
9603 0
9607 1
9612 0
9616 1
9621 0
9625 1
9630 0
9634 1
9639 0
9643 1
9648 0
9652 1
9657 0
9661 1
9666 0
9670 1
9675 0
9679 1
9684 0
9688 1
9693 0
9697 1
9702 0
9706 1
9711 0
9715 1
9720 0
9724 1
9729 0
9733 1
9738 0
9742 1
9747 0
9751 1
9756 0
9760 1
9765 0
9769 1
9774 0
9778 1
9783 0
9787 1
9792 0
9796 1
9801 0
9805 1
9810 0
9814 1
9819 0
9823 1
9828 0
9832 1
9837 0
9841 1
9846 0
9850 1
9855 0
9859 1
9864 0
9868 1
9873 0
9877 1
9882 0
9886 1
9891 0
9895 1
9900 0
9904 1
9909 0
9913 1
9918 0
9922 1
9927 0
9931 1
9936 0
9940 1
9945 0
9949 1
9954 0
9958 1
9963 0
9967 1
9972 0
9976 1
9981 0
9985 1
9990 0
9994 1
9999 0
10003 1
10008 0
10012 1
10017 0
10021 1
10026 0
10030 1
10035 0
10039 1
10044 0
10048 1
10053 0
10057 1
10062 0
10066 1
10071 0
10075 1
10080 0
10084 1
10089 0
10093 1
10098 0
10102 1
10107 0
10111 1
10116 0
10120 1
10125 0
10129 1
10134 0
10138 1
10143 0
10147 1
10152 0
10156 1
10161 0
10165 1
10170 0
10174 1
10179 0
10183 1
10188 0
10192 1
10197 0
10201 1
10206 0
10210 1
10215 0
10219 1
10224 0
10228 1
10233 0
10237 1
10242 0
10246 1
10251 0
10255 1
10260 0
10264 1
10269 0
10273 1
10278 0
10282 1
10287 0
10291 1
10296 0
10300 1
10305 0
10309 1
10314 0
10318 1
10323 0
10327 1
10332 0
10336 1
10341 0
10345 1
10350 0
10354 1
10359 0
10363 1
10368 0
10372 1
10377 0
10381 1
10386 0
10390 1
10395 0
10399 1
10404 0
10408 1
10413 0
10417 1
10422 0
10426 1
10431 0
10435 1
10440 0
10444 1
10449 0
10453 1
10458 0
10462 1
10467 0
10471 1
10476 0
10480 1
10485 0
10489 1
10494 0
10498 1
10503 0
10507 1
10512 0
10516 1
10521 0
10525 1
10530 0
10534 1
10539 0
10543 1
10548 0
10552 1
10557 0
10561 1
10566 0
10570 1
10575 0
10579 1
10584 0
10588 1
10593 0
10597 1
10602 0
10606 1
10611 0
10615 1
10620 0
10624 1
10629 0
10633 1
10638 0
10642 1
10647 0
10651 1
10656 0
10660 1
10665 0
10669 1
10674 0
10678 1
10683 0
10687 1
10692 0
10696 1
10701 0
10705 1
10710 0
10714 1
10719 0
10723 1
10728 0
10732 1
10737 0
10741 1
10746 0
10750 1
10755 0
10759 1
10764 0
10768 1
10773 0
10777 1
10782 0
10786 1
10791 0
10795 1
10800 0
10804 1
10809 0
10813 1
10818 0
10822 1
10827 0
10831 1
10836 0
10840 1
10845 0
10849 1
10854 0
10858 1
10863 0
10867 1
10872 0
10876 1
10881 0
10885 1
10890 0
10894 1
10899 0
10903 1
10908 0
10912 1
10917 0
10921 1
10926 0
10930 1
10935 0
10939 1
10944 0
10948 1
10953 0
10957 1
10962 0
10966 1
10971 0
10975 1
10980 0
10984 1
10989 0
10993 1
10998 0
11002 1
11007 0
11011 1
11016 0
11020 1
11025 0
11029 1
11034 0
11038 1
11043 0
11047 1
11052 0
11056 1
11061 0
11065 1
11070 0
11074 1
11079 0
11083 1
11088 0
11092 1
11097 0
11101 1
11106 0
11110 1
11115 0
11119 1
11124 0
11128 1
11133 0
11137 1
11142 0
11146 1
11151 0
11155 1
11160 0
11164 1
11169 0
11173 1
11178 0
11182 1
11187 0
11191 1
11196 0
11200 1
11205 0
11209 1
11214 0
11218 1
11223 0
11227 1
11232 0
11236 1
11241 0
11245 1
11250 0
11254 1
11259 0
11263 1
11268 0
11272 1
11277 0
11281 1
11286 0
11290 1
11295 0
11299 1
11304 0
11308 1
11313 0
11317 1
11322 0
11326 1
11331 0
11335 1
11340 0
11344 1
11349 0
11353 1
11358 0
11362 1
11367 0
11371 1
11376 0
11380 1
11385 0
11389 1
11394 0
11398 1
11403 0
11407 1
11412 0
11416 1
11421 0
11425 1
11430 0
11434 1
11439 0
11443 1
11448 0
11452 1
11457 0
11461 1
11466 0
11470 1
11475 0
11479 1
11484 0
11488 1
11493 0
11497 1
11502 0
11506 1
11511 0
11515 1
11520 0
11524 1
11529 0
11533 1
11538 0
11542 1
11547 0
11551 1
11556 0
11560 1
11565 0
11569 1
11574 0
11578 1
11583 0
11587 1
11592 0
11596 1
11601 0
11605 1
11610 0
11614 1
11619 0
11623 1
11628 0
11632 1
11637 0
11641 1
11646 0
11650 1
11655 0
11659 1
11664 0
11668 1
11673 0
11677 1
11682 0
11686 1
11691 0
11695 1
11700 0
11704 1
11709 0
11713 1
11718 0
11722 1
11727 0
11731 1
11736 0
11740 1
11745 0
11749 1
11754 0
11758 1
11763 0
11767 1
11772 0
11776 1
11781 0
11785 1
11790 0
11794 1
11799 0
11803 1
11808 0
11812 1
11817 0
11821 1
11826 0
11830 1
11835 0
11839 1
11844 0
11848 1
11853 0
11857 1
11862 0
11866 1
11871 0
11875 1
11880 0
11884 1
11889 0
11893 1
11898 0
11902 1
11907 0
11911 1
11916 0
11920 1
11925 0
11929 1
11934 0
11938 1
11943 0
11947 1
11952 0
11956 1
11961 0
11965 1
11970 0
11974 1
11979 0
11983 1
11988 0
11992 1
11997 0
12001 1
12006 0
12010 1
12015 0
12019 1
12024 0
12028 1
12033 0
12037 1
12042 0
12046 1
12051 0
12055 1
12060 0
12064 1
12069 0
12073 1
12078 0
12082 1
12087 0
12091 1
12096 0
12100 1
12105 0
12109 1
12114 0
12118 1
12123 0
12127 1
12132 0
12136 1
12141 0
12145 1
12150 0
12154 1
12159 0
12163 1
12168 0
12172 1
12177 0
12181 1
12186 0
12190 1
12195 0
12199 1
12204 0
12208 1
12213 0
12217 1
12222 0
12226 1
12231 0
12235 1
12240 0
12244 1
12249 0
12253 1
12258 0
12262 1
12267 0
12271 1
12276 0
12280 1
12285 0
12289 1
12294 0
12298 1
12303 0
12307 1
12312 0
12316 1
12321 0
12325 1
12330 0
12334 1
12339 0
12343 1
12348 0
12352 1
12357 0
12361 1
12366 0
12370 1
12375 0
12379 1
12384 0
12388 1
12393 0
12397 1
12402 0
12406 1
12411 0
12415 1
12420 0
12424 1
12429 0
12433 1
12438 0
12442 1
12447 0
12451 1
12456 0
12460 1
12465 0
12469 1
12474 0
12478 1
12483 0
12487 1
12492 0
12496 1
12501 0
12505 1
12510 0
12514 1
12519 0
12523 1
12528 0
12532 1
12537 0
12541 1
12546 0
12550 1
12555 0
12559 1
12564 0
12568 1
12573 0
12577 1
12582 0
12586 1
12591 0
12595 1
12600 0
12604 1
12609 0
12613 1
12618 0
12622 1
12627 0
12631 1
12636 0
12640 1
12645 0
12649 1
12654 0
12658 1
12663 0
12667 1
12672 0
12676 1
12681 0
12685 1
12690 0
12694 1
12699 0
12703 1
12708 0
12712 1
12717 0
12721 1
12726 0
12730 1
12735 0
12739 1
12744 0
12748 1
12753 0
12757 1
12762 0
12766 1
12771 0
12775 1
12780 0
12784 1
12789 0
12793 1
12798 0
12802 1
12807 0
12811 1
12816 0
12820 1
12825 0
12829 1
12834 0
12838 1
12843 0
12847 1
12852 0
12856 1
12861 0
12865 1
12870 0
12874 1
12879 0
12883 1
12888 0
12892 1
12897 0
12901 1
12906 0
12910 1
12915 0
12919 1
12924 0
12928 1
12933 0
12937 1
12942 0
12946 1
12951 0
12955 1
12960 0
12964 1
12969 0
12973 1
12978 0
12982 1
12987 0
12991 1
12996 0
13000 1
13005 0
13009 1
13014 0
13018 1
13023 0
13027 1
13032 0
13036 1
13041 0
13045 1
13050 0
13054 1
13059 0
13063 1
13068 0
13072 1
13077 0
13081 1
13086 0
13090 1
13095 0
13099 1
13104 0
13108 1
13113 0
13117 1
13122 0
13126 1
13131 0
13135 1
13140 0
13144 1
13149 0
13153 1
13158 0
13162 1
13167 0
13171 1
13176 0
13180 1
13185 0
13189 1
13194 0
13198 1
13203 0
13207 1
13212 0
13216 1
13221 0
13225 1
13230 0
13234 1
13239 0
13243 1
13248 0
13252 1
13257 0
13261 1
13266 0
13270 1
13275 0
13279 1
13284 0
13288 1
13293 0
13297 1
13302 0
13306 1
13311 0
13315 1
13320 0
13324 1
13329 0
13333 1
13338 0
13342 1
13347 0
13351 1
13356 0
13360 1
13365 0
13369 1
13374 0
13378 1
13383 0
13387 1
13392 0
13396 1
13401 0
13405 1
13410 0
13414 1
13419 0
13423 1
13428 0
13432 1
13437 0
13441 1
13446 0
13450 1
13455 0
13459 1
13464 0
13468 1
13473 0
13477 1
13482 0
13486 1
13491 0
13495 1
13500 0
13504 1
13509 0
13513 1
13518 0
13522 1
13527 0
13531 1
13536 0
13540 1
13545 0
13549 1
13554 0
13558 1
13563 0
13567 1
13572 0
13576 1
13581 0
13585 1
13590 0
13594 1
13599 0
13603 1
13608 0
13612 1
13617 0
13621 1
13626 0
13630 1
13635 0
13639 1
13644 0
13648 1
13653 0
13657 1
13662 0
13666 1
13671 0
13675 1
13680 0
13684 1
13689 0
13693 1
13698 0
13702 1
13707 0
13711 1
13716 0
13720 1
13725 0
13729 1
13734 0
13738 1
13743 0
13747 1
13752 0
13756 1
13761 0
13765 1
13770 0
13774 1
13779 0
13783 1
13788 0
13792 1
13797 0
13801 1
13806 0
13810 1
13815 0
13819 1
13824 0
13828 1
13833 0
13837 1
13842 0
13846 1
13851 0
13855 1
13860 0
13864 1
13869 0
13873 1
13878 0
13882 1
13887 0
13891 1
13896 0
13900 1
13905 0
13909 1
13914 0
13918 1
13923 0
13927 1
13932 0
13936 1
13941 0
13945 1
13950 0
13954 1
13959 0
13963 1
13968 0
13972 1
13977 0
13981 1
13986 0
13990 1
13995 0
13999 1
14004 0
14008 1
14013 0
14017 1
14022 0
14026 1
14031 0
14035 1
14040 0
14044 1
14049 0
14053 1
14058 0
14062 1
14067 0
14071 1
14076 0
14080 1
14085 0
14089 1
14094 0
14098 1
14103 0
14107 1
14112 0
14116 1
14121 0
14125 1
14130 0
14134 1
14139 0
14143 1
14148 0
14152 1
14157 0
14161 1
14166 0
14170 1
14175 0
14179 1
14184 0
14188 1
14193 0
14197 1
14202 0
14206 1
14211 0
14215 1
14220 0
14224 1
14229 0
14233 1
14238 0
14242 1
14247 0
14251 1
14256 0
14260 1
14265 0
14269 1
14274 0
14278 1
14283 0
14287 1
14292 0
14296 1
14301 0
14305 1
14310 0
14314 1
14319 0
14323 1
14328 0
14332 1
14337 0
14341 1
14346 0
14350 1
14355 0
14359 1
14364 0
14368 1
14373 0
14377 1
14382 0
14386 1
14391 0
14395 1
14400 0
14404 1
14409 0
14413 1
14418 0
14422 1
14427 0
14431 1
14436 0
14440 1
14445 0
14449 1
14454 0
14458 1
14463 0
14467 1
14472 0
14476 1
14481 0
14485 1
14490 0
14494 1
14499 0
14503 1
14508 0
14512 1
14517 0
14521 1
14526 0
14530 1
14535 0
14539 1
14544 0
14548 1
14553 0
14557 1
14562 0
14566 1
14571 0
14575 1
14580 0
14584 1
14589 0
14593 1
14598 0
14602 1
14607 0
14611 1
14616 0
14620 1
14625 0
14629 1
14634 0
14638 1
14643 0
14647 1
14652 0
14656 1
14661 0
14665 1
14670 0
14674 1
14679 0
14683 1
14688 0
14692 1
14697 0
14701 1
14706 0
14710 1
14715 0
14719 1
14724 0
14728 1
14733 0
14737 1
14742 0
14746 1
14751 0
14755 1
14760 0
14764 1
14769 0
14773 1
14778 0
14782 1
14787 0
14791 1
14796 0
14800 1
14805 0
14809 1
14814 0
14818 1
14823 0
14827 1
14832 0
14836 1
14841 0
14845 1
14850 0
14854 1
14859 0
14863 1
14868 0
14872 1
14877 0
14881 1
14886 0
14890 1
14895 0
14899 1
14904 0
14908 1
14913 0
14917 1
14922 0
14926 1
14931 0
14935 1
14940 0
14944 1
14949 0
14953 1
14958 0
14962 1
14967 0
14971 1
14976 0
14980 1
14985 0
14989 1
14994 0
14998 1
15003 0
15007 1
15012 0
15016 1
15021 0
15025 1
15030 0
15034 1
15039 0
15043 1
15048 0
15052 1
15057 0
15061 1
15066 0
15070 1
15075 0
15079 1
15084 0
15088 1
15093 0
15097 1
15102 0
15106 1
15111 0
15115 1
15120 0
15124 1
15129 0
15133 1
15138 0
15142 1
15147 0
15151 1
15156 0
15160 1
15165 0
15169 1
15174 0
15178 1
15183 0
15187 1
15192 0
15196 1
15201 0
15205 1
15210 0
15214 1
15219 0
15223 1
15228 0
15232 1
15237 0
15241 1
15246 0
15250 1
15255 0
15259 1
15264 0
15268 1
15273 0
15277 1
15282 0
15286 1
15291 0
15295 1
15300 0
15304 1
15309 0
15313 1
15318 0
15322 1
15327 0
15331 1
15336 0
15340 1
15345 0
15349 1
15354 0
15358 1
15363 0
15367 1
15372 0
15376 1
15381 0
15385 1
15390 0
15394 1
15399 0
15403 1
15408 0
15412 1
15417 0
15421 1
15426 0
15430 1
15435 0
15439 1
15444 0
15448 1
15453 0
15457 1
15462 0
15466 1
15471 0
15475 1
15480 0
15484 1
15489 0
15493 1
15498 0
15502 1
15507 0
15511 1
15516 0
15520 1
15525 0
15529 1
15534 0
15538 1
15543 0
15547 1
15552 0
15556 1
15561 0
15565 1
15570 0
15574 1
15579 0
15583 1
15588 0
15592 1
15597 0
15601 1
15606 0
15610 1
15615 0
15619 1
15624 0
15628 1
15633 0
15637 1
15642 0
15646 1
15651 0
15655 1
15660 0
15664 1
15669 0
15673 1
15678 0
15682 1
15687 0
15691 1
15696 0
15700 1
15705 0
15709 1
15714 0
15718 1
15723 0
15727 1
15732 0
15736 1
15741 0
15745 1
15750 0
15754 1
15759 0
15763 1
15768 0
15772 1
15777 0
15781 1
15786 0
15790 1
15795 0
15799 1
15804 0
15808 1
15813 0
15817 1
15822 0
15826 1
15831 0
15835 1
15840 0
15844 1
15849 0
15853 1
15858 0
15862 1
15867 0
15871 1
15876 0
15880 1
15885 0
15889 1
15894 0
15898 1
15903 0
15907 1
15912 0
15916 1
15921 0
15925 1
15930 0
15934 1
15939 0
15943 1
15948 0
15952 1
15957 0
15961 1
15966 0
15970 1
15975 0
15979 1
15984 0
15988 1
15993 0
15997 1
16002 0
16006 1
16011 0
16015 1
16020 0
16024 1
16029 0
16033 1
16038 0
16042 1
16047 0
16051 1
16056 0
16060 1
16065 0
16069 1
16074 0
16078 1
16083 0
16087 1
16092 0
16096 1
16101 0
16105 1
16110 0
16114 1
16119 0
16123 1
16128 0
16132 1
16137 0
16141 1
16146 0
16150 1
16155 0
16159 1
16164 0
16168 1
16173 0
16177 1
16182 0
16186 1
16191 0
16195 1
16200 0
16204 1
16209 0
16213 1
16218 0
16222 1
16227 0
16231 1
16236 0
16240 1
16245 0
16249 1
16254 0
16258 1
16263 0
16267 1
16272 0
16276 1
16281 0
16285 1
16290 0
16294 1
16299 0
16303 1
16308 0
16312 1
16317 0
16321 1
16326 0
16330 1
16335 0
16339 1
16344 0
16348 1
16353 0
16357 1
16362 0
16366 1
16371 0
16375 1
16380 0
16384 1
16389 0
16393 1
16398 0
16402 1
16407 0
16411 1
16416 0
16420 1
16425 0
16429 1
16434 0
16438 1
16443 0
16447 1
16452 0
16456 1
16461 0
16465 1
16470 0
16474 1
16479 0
16483 1
16488 0
16492 1
16497 0
16501 1
16506 0
16510 1
16515 0
16519 1
16524 0
16528 1
16533 0
16537 1
16542 0
16546 1
16551 0
16555 1
16560 0
16564 1
16569 0
16573 1
16578 0
16582 1
16587 0
16591 1
16596 0
16600 1
16605 0
16609 1
16614 0
16618 1
16623 0
16627 1
16632 0
16636 1
16641 0
16645 1
16650 0
16654 1
16659 0
16663 1
16668 0
16672 1
16677 0
16681 1
16686 0
16690 1
16695 0
16699 1
16704 0
16708 1
16713 0
16717 1
16722 0
16726 1
16731 0
16735 1
16740 0
16744 1
16749 0
16753 1
16758 0
16762 1
16767 0
16771 1
16776 0
16780 1
16785 0
16789 1
16794 0
16798 1
16803 0
16807 1
16812 0
16816 1
16821 0
16825 1
16830 0
16834 1
16839 0
16843 1
16848 0
16852 1
16857 0
16861 1
16866 0
16870 1
16875 0
16879 1
16884 0
16888 1
16893 0
16897 1
16902 0
16906 1
16911 0
16915 1
16920 0
16924 1
16929 0
16933 1
16938 0
16942 1
16947 0
16951 1
16956 0
16960 1
16965 0
16969 1
16974 0
16978 1
16983 0
16987 1
16992 0
16996 1
17001 0
17005 1
17010 0
17014 1
17019 0
17023 1
17028 0
17032 1
17037 0
17041 1
17046 0
17050 1
17055 0
17059 1
17064 0
17068 1
17073 0
17077 1
17082 0
17086 1
17091 0
17095 1
17100 0
17104 1
17109 0
17113 1
17118 0
17122 1
17127 0
17131 1
17136 0
17140 1
17145 0
17149 1
17154 0
17158 1
17163 0
17167 1
17172 0
17176 1
17181 0
17185 1
17190 0
17194 1
17199 0
17203 1
17208 0
17212 1
17217 0
17221 1
17226 0
17230 1
17235 0
17239 1
17244 0
17248 1
17253 0
17257 1
17262 0
17266 1
17271 0
17275 1
17280 0
17284 1
17289 0
17293 1
17298 0
17302 1
17307 0
17311 1
17316 0
17320 1
17325 0
17329 1
17334 0
17338 1
17343 0
17347 1
17352 0
17356 1
17361 0
17365 1
17370 0
17374 1
17379 0
17383 1
17388 0
17392 1
17397 0
17401 1
17406 0
17410 1
17415 0
17419 1
17424 0
17428 1
17433 0
17437 1
17442 0
17446 1
17451 0
17455 1
17460 0
17464 1
17469 0
17473 1
17478 0
17482 1
17487 0
17491 1
17496 0
17500 1
17505 0
17509 1
17514 0
17518 1
17523 0
17527 1
17532 0
17536 1
17541 0
17545 1
17550 0
17554 1
17559 0
17563 1
17568 0
17572 1
17577 0
17581 1
17586 0
17590 1
17595 0
17599 1
17604 0
17608 1
17613 0
17617 1
17622 0
17626 1
17631 0
17635 1
17640 0
17644 1
17649 0
17653 1
17658 0
17662 1
17667 0
17671 1
17676 0
17680 1
17685 0
17689 1
17694 0
17698 1
17703 0
17707 1
17712 0
17716 1
17721 0
17725 1
17730 0
17734 1
17739 0
17743 1
17748 0
17752 1
17757 0
17761 1
17766 0
17770 1
17775 0
17779 1
17784 0
17788 1
17793 0
17797 1
17802 0
17806 1
17811 0
17815 1
17820 0
17824 1
17829 0
17833 1
17838 0
17842 1
17847 0
17851 1
17856 0
17860 1
17865 0
17869 1
17874 0
17878 1
17883 0
17887 1
17892 0
17896 1
17901 0
17905 1
17910 0
17914 1
17919 0
17923 1
17928 0
17932 1
17937 0
17941 1
17946 0
17950 1
17955 0
17959 1
17964 0
17968 1
17973 0
17977 1
17982 0
17986 1
17991 0
17995 1
18000 0
18004 1
18009 0
18013 1
18018 0
18022 1
18027 0
18031 1
18036 0
18040 1
18045 0
18049 1
18054 0
18058 1
18063 0
18067 1
18072 0
18076 1
18081 0
18085 1
18090 0
18094 1
18099 0
18103 1
18108 0
18112 1
18117 0
18121 1
18126 0
18130 1
18135 0
18139 1
18144 0
18148 1
18153 0
18157 1
18162 0
18166 1
18171 0
18175 1
18180 0
18184 1
18189 0
18193 1
18198 0
18202 1
18207 0
18211 1
18216 0
18220 1
18225 0
18229 1
18234 0
18238 1
18243 0
18247 1
18252 0
18256 1
18261 0
18265 1
18270 0
18274 1
18279 0
18283 1
18288 0
18292 1
18297 0
18301 1
18306 0
18310 1
18315 0
18319 1
18324 0
18328 1
18333 0
18337 1
18342 0
18346 1
18351 0
18355 1
18360 0
18364 1
18369 0
18373 1
18378 0
18382 1
18387 0
18391 1
18396 0
18400 1
18405 0
18409 1
18414 0
18418 1
18423 0
18427 1
18432 0
18436 1
18441 0
18445 1
18450 0
18454 1
18459 0
18463 1
18468 0
18472 1
18477 0
18481 1
18486 0
18490 1
18495 0
18499 1
18504 0
18508 1
18513 0
18517 1
18522 0
18526 1
18531 0
18535 1
18540 0
18544 1
18549 0
18553 1
18558 0
18562 1
18567 0
18571 1
18576 0
18580 1
18585 0
18589 1
18594 0
18598 1
18603 0
18607 1
18612 0
18616 1
18621 0
18625 1
18630 0
18634 1
18639 0
18643 1
18648 0
18652 1
18657 0
18661 1
18666 0
18670 1
18675 0
18679 1
18684 0
18688 1
18693 0
18697 1
18702 0
18706 1
18711 0
18715 1
18720 0
18724 1
18729 0
18733 1
18738 0
18742 1
18747 0
18751 1
18756 0
18760 1
18765 0
18769 1
18774 0
18778 1
18783 0
18787 1
18792 0
18796 1
18801 0
18805 1
18810 0
18814 1
18819 0
18823 1
18828 0
18832 1
18837 0
18841 1
18846 0
18850 1
18855 0
18859 1
18864 0
18868 1
18873 0
18877 1
18882 0
18886 1
18891 0
18895 1
18900 0
18904 1
18909 0
18913 1
18918 0
18922 1
18927 0
18931 1
18936 0
18940 1
18945 0
18949 1
18954 0
18958 1
18963 0
18967 1
18972 0
18976 1
18981 0
18985 1
18990 0
18994 1
18999 0
19003 1
19008 0
19012 1
19017 0
19021 1
19026 0
19030 1
19035 0
19039 1
19044 0
19048 1
19053 0
19057 1
19062 0
19066 1
19071 0
19075 1
19080 0
19084 1
19089 0
19093 1
19098 0
19102 1
19107 0
19111 1
19116 0
19120 1
19125 0
19129 1
19134 0
19138 1
19143 0
19147 1
19152 0
19156 1
19161 0
19165 1
19170 0
19174 1
19179 0
19183 1
19188 0
19192 1
19197 0
19201 1
19206 0
19210 1
19215 0
19219 1
19224 0
19228 1
19233 0
19237 1
19242 0
19246 1
19251 0
19255 1
19260 0
19264 1
19269 0
19273 1
19278 0
19282 1
19287 0
19291 1
19296 0
19300 1
19305 0
19309 1
19314 0
19318 1
19323 0
19327 1
19332 0
19336 1
19341 0
19345 1
19350 0
19354 1
19359 0
19363 1
19368 0
19372 1
19377 0
19381 1
19386 0
19390 1
19395 0
19399 1
19404 0
19408 1
19413 0
19417 1
19422 0
19426 1
19431 0
19435 1
19440 0
19444 1
19449 0
19453 1
19458 0
19462 1
19467 0
19471 1
19476 0
19480 1
19485 0
19489 1
19494 0
19498 1
19503 0
19507 1
19512 0
19516 1
19521 0
19525 1
19530 0
19534 1
19539 0
19543 1
19548 0
19552 1
19557 0
19561 1
19566 0
19570 1
19575 0
19579 1
19584 0
19588 1
19593 0
19597 1
19602 0
19606 1
19611 0
19615 1
19620 0
19624 1
19629 0
19633 1
19638 0
19642 1
19647 0
19651 1
19656 0
19660 1
19665 0
19669 1
19674 0
19678 1
19683 0
19687 1
19692 0
19696 1
19701 0
19705 1
19710 0
19714 1
19719 0
19723 1
19728 0
19732 1
19737 0
19741 1
19746 0
19750 1
19755 0
19759 1
19764 0
19768 1
19773 0
19777 1
19782 0
19786 1
19791 0
19795 1
19800 0
19804 1
19809 0
19813 1
19818 0
19822 1
19827 0
19831 1
19836 0
19840 1
19845 0
19849 1
19854 0
19858 1
19863 0
19867 1
19872 0
19876 1
19881 0
19885 1
19890 0
19894 1
19899 0
19903 1
19908 0
19912 1
19917 0
19921 1
19926 0
19930 1
19935 0
19939 1
19944 0
19948 1
19953 0
19957 1
19962 0
19966 1
19971 0
19975 1
19980 0
19984 1
19989 0
19993 1
19998 0
20002 1
20007 0
20011 1
20016 0
20020 1
20025 0
20029 1
20034 0
20038 1
20043 0
20047 1
20052 0
20056 1
20061 0
20065 1
20070 0
20074 1
20079 0
20083 1
20088 0
20092 1
20097 0
20101 1
20106 0
20110 1
20115 0
20119 1
20124 0
20128 1
20133 0
20137 1
20142 0
20146 1
20151 0
20155 1
20160 0
20164 1
20169 0
20173 1
20178 0
20182 1
20187 0
20191 1
20196 0
20200 1
20205 0
20209 1
20214 0
20218 1
20223 0
20227 1
20232 0
20236 1
20241 0
20245 1
20250 0
20254 1
20259 0
20263 1
20268 0
20272 1
20277 0
20281 1
20286 0
20290 1
20295 0
20299 1
20304 0
20308 1
20313 0
20317 1
20322 0
20326 1
20331 0
20335 1
20340 0
20344 1
20349 0
20353 1
20358 0
20362 1
20367 0
20371 1
20376 0
20380 1
20385 0
20389 1
20394 0
20398 1
20403 0
20407 1
20412 0
20416 1
20421 0
20425 1
20430 0
20434 1
20439 0
20443 1
20448 0
20452 1
20457 0
20461 1
20466 0
20470 1
20475 0
20479 1
20484 0
20488 1
20493 0
20497 1
20502 0
20506 1
20511 0
20515 1
20520 0
20524 1
20529 0
20533 1
20538 0
20542 1
20547 0
20551 1
20556 0
20560 1
20565 0
20569 1
20574 0
20578 1
20583 0
20587 1
20592 0
20596 1
20601 0
20605 1
20610 0
20614 1
20619 0
20623 1
20628 0
20632 1
20637 0
20641 1
20646 0
20650 1
20655 0
20659 1
20664 0
20668 1
20673 0
20677 1
20682 0
20686 1
20691 0
20695 1
20700 0
20704 1
20709 0
20713 1
20718 0
20722 1
20727 0
20731 1
20736 0
20740 1
20745 0
20749 1
20754 0
20758 1
20763 0
20767 1
20772 0
20776 1
20781 0
20785 1
20790 0
20794 1
20799 0
20803 1
20808 0
20812 1
20817 0
20821 1
20826 0
20830 1
20835 0
20839 1
20844 0
20848 1
20853 0
20857 1
20862 0
20866 1
20871 0
20875 1
20880 0
20884 1
20889 0
20893 1
20898 0
20902 1
20907 0
20911 1
20916 0
20920 1
20925 0
20929 1
20934 0
20938 1
20943 0
20947 1
20952 0
20956 1
20961 0
20965 1
20970 0
20974 1
20979 0
20983 1
20988 0
20992 1
20997 0
21001 1
21006 0
21010 1
21015 0
21019 1
21024 0
21028 1
21033 0
21037 1
21042 0
21046 1
21051 0
21055 1
21060 0
21064 1
21069 0
21073 1
21078 0
21082 1
21087 0
21091 1
21096 0
21100 1
21105 0
21109 1
21114 0
21118 1
21123 0
21127 1
21132 0
21136 1
21141 0
21145 1
21150 0
21154 1
21159 0
21163 1
21168 0
21172 1
21177 0
21181 1
21186 0
21190 1
21195 0
21199 1
21204 0
21208 1
21213 0
21217 1
21222 0
21226 1
21231 0
21235 1
21240 0
21244 1
21249 0
21253 1
21258 0
21262 1
21267 0
21271 1
21276 0
21280 1
21285 0
21289 1
21294 0
21298 1
21303 0
21307 1
21312 0
21316 1
21321 0
21325 1
21330 0
21334 1
21339 0
21343 1
21348 0
21352 1
21357 0
21361 1
21366 0
21370 1
21375 0
21379 1
21384 0
21388 1
21393 0
21397 1
21402 0
21406 1
21411 0
21415 1
21420 0
21424 1
21429 0
21433 1
21438 0
21442 1
21447 0
21451 1
21456 0
21460 1
21465 0
21469 1
21474 0
21478 1
21483 0
21487 1
21492 0
21496 1
21501 0
21505 1
21510 0
21514 1
21519 0
21523 1
21528 0
21532 1
21537 0
21541 1
21546 0
21550 1
21555 0
21559 1
21564 0
21568 1
21573 0
21577 1
21582 0
21586 1
21591 0
21595 1
21600 0
21604 1
21609 0
21613 1
21618 0
21622 1
21627 0
21631 1
21636 0
21640 1
21645 0
21649 1
21654 0
21658 1
21663 0
21667 1
21672 0
21676 1
21681 0
21685 1
21690 0
21694 1
21699 0
21703 1
21708 0
21712 1
21717 0
21721 1
21726 0
21730 1
21735 0
21739 1
21744 0
21748 1
21753 0
21757 1
21762 0
21766 1
21771 0
21775 1
21780 0
21784 1
21789 0
21793 1
21798 0
21802 1
21807 0
21811 1
21816 0
21820 1
21825 0
21829 1
21834 0
21838 1
21843 0
21847 1
21852 0
21856 1
21861 0
21865 1
21870 0
21874 1
21879 0
21883 1
21888 0
21892 1
21897 0
21901 1
21906 0
21910 1
21915 0
21919 1
21924 0
21928 1
21933 0
21937 1
21942 0
21946 1
21951 0
21955 1
21960 0
21964 1
21969 0
21973 1
21978 0
21982 1
21987 0
21991 1
21996 0
22000 1
22005 0
22009 1
22014 0
22018 1
22023 0
22027 1
22032 0
22036 1
22041 0
22045 1
22050 0
22054 1
22059 0
22063 1
22068 0
22072 1
22077 0
22081 1
22086 0
22090 1
22095 0
22099 1
22104 0
22108 1
22113 0
22117 1
22122 0
22126 1
22131 0
22135 1
22140 0
22144 1
22149 0
22153 1
22158 0
22162 1
22167 0
22171 1
22176 0
22180 1
22185 0
22189 1
22194 0
22198 1
22203 0
22207 1
22212 0
22216 1
22221 0
22225 1
22230 0
22234 1
22239 0
22243 1
22248 0
22252 1
22257 0
22261 1
22266 0
22270 1
22275 0
22279 1
22284 0
22288 1
22293 0
22297 1
22302 0
22306 1
22311 0
22315 1
22320 0
22324 1
22329 0
22333 1
22338 0
22342 1
22347 0
22351 1
22356 0
22360 1
22365 0
22369 1
22374 0
22378 1
22383 0
22387 1
22392 0
22396 1
22401 0
22405 1
22410 0
22414 1
22419 0
22423 1
22428 0
22432 1
22437 0
22441 1
22446 0
22450 1
22455 0
22459 1
22464 0
22468 1
22473 0
22477 1
22482 0
22486 1
22491 0
22495 1
22500 0
22504 1
22509 0
22513 1
22518 0
22522 1
22527 0
22531 1
22536 0
22540 1
22545 0
22549 1
22554 0
22558 1
22563 0
22567 1
22572 0
22576 1
22581 0
22585 1
22590 0
22594 1
22599 0
22603 1
22608 0
22612 1
22617 0
22621 1
22626 0
22630 1
22635 0
22639 1
22644 0
22648 1
22653 0
22657 1
22662 0
22666 1
22671 0
22675 1
22680 0
22684 1
22689 0
22693 1
22698 0
22702 1
22707 0
22711 1
22716 0
22720 1
22725 0
22729 1
22734 0
22738 1
22743 0
22747 1
22752 0
22756 1
22761 0
22765 1
22770 0
22774 1
22779 0
22783 1
22788 0
22792 1
22797 0
22801 1
22806 0
22810 1
22815 0
22819 1
22824 0
22828 1
22833 0
22837 1
22842 0
22846 1
22851 0
22855 1
22860 0
22864 1
22869 0
22873 1
22878 0
22882 1
22887 0
22891 1
22896 0
22900 1
22905 0
22909 1
22914 0
22918 1
22923 0
22927 1
22932 0
22936 1
22941 0
22945 1
22950 0
22954 1
22959 0
22963 1
22968 0
22972 1
22977 0
22981 1
22986 0
22990 1
22995 0
22999 1
23004 0
23008 1
23013 0
23017 1
23022 0
23026 1
23031 0
23035 1
23040 0
23044 1
23049 0
23053 1
23058 0
23062 1
23067 0
23071 1
23076 0
23080 1
23085 0
23089 1
23094 0
23098 1
23103 0
23107 1
23112 0
23116 1
23121 0
23125 1
23130 0
23134 1
23139 0
23143 1
23148 0
23152 1
23157 0
23161 1
23166 0
23170 1
23175 0
23179 1
23184 0
23188 1
23193 0
23197 1
23202 0
23206 1
23211 0
23215 1
23220 0
23224 1
23229 0
23233 1
23238 0
23242 1
23247 0
23251 1
23256 0
23260 1
23265 0
23269 1
23274 0
23278 1
23283 0
23287 1
23292 0
23296 1
23301 0
23305 1
23310 0
23314 1
23319 0
23323 1
23328 0
23332 1
23337 0
23341 1
23346 0
23350 1
23355 0
23359 1
23364 0
23368 1
23373 0
23377 1
23382 0
23386 1
23391 0
23395 1
23400 0
23404 1
23409 0
23413 1
23418 0
23422 1
23427 0
23431 1
23436 0
23440 1
23445 0
23449 1
23454 0
23458 1
23463 0
23467 1
23472 0
23476 1
23481 0
23485 1
23490 0
23494 1
23499 0
23503 1
23508 0
23512 1
23517 0
23521 1
23526 0
23530 1
23535 0
23539 1
23544 0
23548 1
23553 0
23557 1
23562 0
23566 1
23571 0
23575 1
23580 0
23584 1
23589 0
23593 1
23598 0
23602 1
23607 0
23611 1
23616 0
23620 1
23625 0
23629 1
23634 0
23638 1
23643 0
23647 1
23652 0
23656 1
23661 0
23665 1
23670 0
23674 1
23679 0
23683 1
23688 0
23692 1
23697 0
23701 1
23706 0
23710 1
23715 0
23719 1
23724 0
23728 1
23733 0
23737 1
23742 0
23746 1
23751 0
23755 1
23760 0
23764 1
23769 0
23773 1
23778 0
23782 1
23787 0
23791 1
23796 0
23800 1
23805 0
23809 1
23814 0
23818 1
23823 0
23827 1
23832 0
23836 1
23841 0
23845 1
23850 0
23854 1
23859 0
23863 1
23868 0
23872 1
23877 0
23881 1
23886 0
23890 1
23895 0
23899 1
23904 0
23908 1
23913 0
23917 1
23922 0
23926 1
23931 0
23935 1
23940 0
23944 1
23949 0
23953 1
23958 0
23962 1
23967 0
23971 1
23976 0
23980 1
23985 0
23989 1
23994 0
23998 1
24003 0
24007 1
24012 0
24016 1
24021 0
24025 1
24030 0
24034 1
24039 0
24043 1
24048 0
24052 1
24057 0
24061 1
24066 0
24070 1
24075 0
24079 1
24084 0
24088 1
24093 0
24097 1
24102 0
24106 1
24111 0
24115 1
24120 0
24124 1
24129 0
24133 1
24138 0
24142 1
24147 0
24151 1
24156 0
24160 1
24165 0
24169 1
24174 0
24178 1
24183 0
24187 1
24192 0
24196 1
24201 0
24205 1
24210 0
24214 1
24219 0
24223 1
24228 0
24232 1
24237 0
24241 1
24246 0
24250 1
24255 0
24259 1
24264 0
24268 1
24273 0
24277 1
24282 0
24286 1
24291 0
24295 1
24300 0
24304 1
24309 0
24313 1
24318 0
24322 1
24327 0
24331 1
24336 0
24340 1
24345 0
24349 1
24354 0
24358 1
24363 0
24367 1
24372 0
24376 1
24381 0
24385 1
24390 0
24394 1
24399 0
24403 1
24408 0
24412 1
24417 0
24421 1
24426 0
24430 1
24435 0
24439 1
24444 0
24448 1
24453 0
24457 1
24462 0
24466 1
24471 0
24475 1
24480 0
24484 1
24489 0
24493 1
24498 0
24502 1
24507 0
24511 1
24516 0
24520 1
24525 0
24529 1
24534 0
24538 1
24543 0
24547 1
24552 0
24556 1
24561 0
24565 1
24570 0
24574 1
24579 0
24583 1
24588 0
24592 1
24597 0
24601 1
24606 0
24610 1
24615 0
24619 1
24624 0
24628 1
24633 0
24637 1
24642 0
24646 1
24651 0
24655 1
24660 0
24664 1
24669 0
24673 1
24678 0
24682 1
24687 0
24691 1
24696 0
24700 1
24705 0
24709 1
24714 0
24718 1
24723 0
24727 1
24732 0
24736 1
24741 0
24745 1
24750 0
24754 1
24759 0
24763 1
24768 0
24772 1
24777 0
24781 1
24786 0
24790 1
24795 0
24799 1
24804 0
24808 1
24813 0
24817 1
24822 0
24826 1
24831 0
24835 1
24840 0
24844 1
24849 0
24853 1
24858 0
24862 1
24867 0
24871 1
24876 0
24880 1
24885 0
24889 1
24894 0
24898 1
24903 0
24907 1
24912 0
24916 1
24921 0
24925 1
24930 0
24934 1
24939 0
24943 1
24948 0
24952 1
24957 0
24961 1
24966 0
24970 1
24975 0
24979 1
24984 0
24988 1
24993 0
24997 1
25002 0
25006 1
25011 0
25015 1
25020 0
25024 1
25029 0
25033 1
25038 0
25042 1
25047 0
25051 1
25056 0
25060 1
25065 0
25069 1
25074 0
25078 1
25083 0
25087 1
25092 0
25096 1
25101 0
25105 1
25110 0
25114 1
25119 0
25123 1
25128 0
25132 1
25137 0
25141 1
25146 0
25150 1
25155 0
25159 1
25164 0
25168 1
25173 0
25177 1
25182 0
25186 1
25191 0
25195 1
25200 0
25204 1
25209 0
25213 1
25218 0
25222 1
25227 0
25231 1
25236 0
25240 1
25245 0
25249 1
25254 0
25258 1
25263 0
25267 1
25272 0
25276 1
25281 0
25285 1
25290 0
25294 1
25299 0
25303 1
25308 0
25312 1
25317 0
25321 1
25326 0
25330 1
25335 0
25339 1
25344 0
25348 1
25353 0
25357 1
25362 0
25366 1
25371 0
25375 1
25380 0
25384 1
25389 0
25393 1
25398 0
25402 1
25407 0
25411 1
25416 0
25420 1
25425 0
25429 1
25434 0
25438 1
25443 0
25447 1
25452 0
25456 1
25461 0
25465 1
25470 0
25474 1
25479 0
25483 1
25488 0
25492 1
25497 0
25501 1
25506 0
25510 1
25515 0
25519 1
25524 0
25528 1
25533 0
25537 1
25542 0
25546 1
25551 0
25555 1
25560 0
25564 1
25569 0
25573 1
25578 0
25582 1
25587 0
25591 1
25596 0
25600 1
25605 0
25609 1
25614 0
25618 1
25623 0
25627 1
25632 0
25636 1
25641 0
25645 1
25650 0
25654 1
25659 0
25663 1
25668 0
25672 1
25677 0
25681 1
25686 0
25690 1
25695 0
25699 1
25704 0
25708 1
25713 0
25717 1
25722 0
25726 1
25731 0
25735 1
25740 0
25744 1
25749 0
25753 1
25758 0
25762 1
25767 0
25771 1
25776 0
25780 1
25785 0
25789 1
25794 0
25798 1
25803 0
25807 1
25812 0
25816 1
25821 0
25825 1
25830 0
25834 1
25839 0
25843 1
25848 0
25852 1
25857 0
25861 1
25866 0
25870 1
25875 0
25879 1
25884 0
25888 1
25893 0
25897 1
25902 0
25906 1
25911 0
25915 1
25920 0
25924 1
25929 0
25933 1
25938 0
25942 1
25947 0
25951 1
25956 0
25960 1
25965 0
25969 1
25974 0
25978 1
25983 0
25987 1
25992 0
25996 1
26001 0
26005 1
26010 0
26014 1
26019 0
26023 1
26028 0
26032 1
26037 0
26041 1
26046 0
26050 1
26055 0
26059 1
26064 0
26068 1
26073 0
26077 1
26082 0
26086 1
26091 0
26095 1
26100 0
26104 1
26109 0
26113 1
26118 0
26122 1
26127 0
26131 1
26136 0
26140 1
26145 0
26149 1
26154 0
26158 1
26163 0
26167 1
26172 0
26176 1
26181 0
26185 1
26190 0
26194 1
26199 0
26203 1
26208 0
26212 1
26217 0
26221 1
26226 0
26230 1
26235 0
26239 1
26244 0
26248 1
26253 0
26257 1
26262 0
26266 1
26271 0
26275 1
26280 0
26284 1
26289 0
26293 1
26298 0
26302 1
26307 0
26311 1
26316 0
26320 1
26325 0
26329 1
26334 0
26338 1
26343 0
26347 1
26352 0
26356 1
26361 0
26365 1
26370 0
26374 1
26379 0
26383 1
26388 0
26392 1
26397 0
26401 1
26406 0
26410 1
26415 0
26419 1
26424 0
26428 1
26433 0
26437 1
26442 0
26446 1
26451 0
26455 1
26460 0
26464 1
26469 0
26473 1
26478 0
26482 1
26487 0
26491 1
26496 0
26500 1
26505 0
26509 1
26514 0
26518 1
26523 0
26527 1
26532 0
26536 1
26541 0
26545 1
26550 0
26554 1
26559 0
26563 1
26568 0
26572 1
26577 0
26581 1
26586 0
26590 1
26595 0
26599 1
26604 0
26608 1
26613 0
26617 1
26622 0
26626 1
26631 0
26635 1
26640 0
26644 1
26649 0
26653 1
26658 0
26662 1
26667 0
26671 1
26676 0
26680 1
26685 0
26689 1
26694 0
26698 1
26703 0
26707 1
26712 0
26716 1
26721 0
26725 1
26730 0
26734 1
26739 0
26743 1
26748 0
26752 1
26757 0
26761 1
26766 0
26770 1
26775 0
26779 1
26784 0
26788 1
26793 0
26797 1
26802 0
26806 1
26811 0
26815 1
26820 0
26824 1
26829 0
26833 1
26838 0
26842 1
26847 0
26851 1
26856 0
26860 1
26865 0
26869 1
26874 0
26878 1
26883 0
26887 1
26892 0
26896 1
26901 0
26905 1
26910 0
26914 1
26919 0
26923 1
26928 0
26932 1
26937 0
26941 1
26946 0
26950 1
26955 0
26959 1
26964 0
26968 1
26973 0
26977 1
26982 0
26986 1
26991 0
26995 1
27000 0
27004 1
27009 0
27013 1
27018 0
27022 1
27027 0
27031 1
27036 0
27040 1
27045 0
27049 1
27054 0
27058 1
27063 0
27067 1
27072 0
27076 1
27081 0
27085 1
27090 0
27094 1
27099 0
27103 1
27108 0
27112 1
27117 0
27121 1
27126 0
27130 1
27135 0
27139 1
27144 0
27148 1
27153 0
27157 1
27162 0
27166 1
27171 0
27175 1
27180 0
27184 1
27189 0
27193 1
27198 0
27202 1
27207 0
27211 1
27216 0
27220 1
27225 0
27229 1
27234 0
27238 1
27243 0
27247 1
27252 0
27256 1
27261 0
27265 1
27270 0
27274 1
27279 0
27283 1
27288 0
27292 1
27297 0
27301 1
27306 0
27310 1
27315 0
27319 1
27324 0
27328 1
27333 0
27337 1
27342 0
27346 1
27351 0
27355 1
27360 0
27364 1
27369 0
27373 1
27378 0
27382 1
27387 0
27391 1
27396 0
27400 1
27405 0
27409 1
27414 0
27418 1
27423 0
27427 1
27432 0
27436 1
27441 0
27445 1
27450 0
27454 1
27459 0
27463 1
27468 0
27472 1
27477 0
27481 1
27486 0
27490 1
27495 0
27499 1
27504 0
27508 1
27513 0
27517 1
27522 0
27526 1
27531 0
27535 1
27540 0
27544 1
27549 0
27553 1
27558 0
27562 1
27567 0
27571 1
27576 0
27580 1
27585 0
27589 1
27594 0
27598 1
27603 0
27607 1
27612 0
27616 1
27621 0
27625 1
27630 0
27634 1
27639 0
27643 1
27648 0
27652 1
27657 0
27661 1
27666 0
27670 1
27675 0
27679 1
27684 0
27688 1
27693 0
27697 1
27702 0
27706 1
27711 0
27715 1
27720 0
27724 1
27729 0
27733 1
27738 0
27742 1
27747 0
27751 1
27756 0
27760 1
27765 0
27769 1
27774 0
27778 1
27783 0
27787 1
27792 0
27796 1
27801 0
27805 1
27810 0
27814 1
27819 0
27823 1
27828 0
27832 1
27837 0
27841 1
27846 0
27850 1
27855 0
27859 1
27864 0
27868 1
27873 0
27877 1
27882 0
27886 1
27891 0
27895 1
27900 0
27904 1
27909 0
27913 1
27918 0
27922 1
27927 0
27931 1
27936 0
27940 1
27945 0
27949 1
27954 0
27958 1
27963 0
27967 1
27972 0
27976 1
27981 0
27985 1
27990 0
27994 1
27999 0
28003 1
28008 0
28012 1
28017 0
28021 1
28026 0
28030 1
28035 0
28039 1
28044 0
28048 1
28053 0
28057 1
28062 0
28066 1
28071 0
28075 1
28080 0
28084 1
28089 0
28093 1
28098 0
28102 1
28107 0
28111 1
28116 0
28120 1
28125 0
28129 1
28134 0
28138 1
28143 0
28147 1
28152 0
28156 1
28161 0
28165 1
28170 0
28174 1
28179 0
28183 1
28188 0
28192 1
28197 0
28201 1
28206 0
28210 1
28215 0
28219 1
28224 0
28228 1
28233 0
28237 1
28242 0
28246 1
28251 0
28255 1
28260 0
28264 1
28269 0
28273 1
28278 0
28282 1
28287 0
28291 1
28296 0
28300 1
28305 0
28309 1
28314 0
28318 1
28323 0
28327 1
28332 0
28336 1
28341 0
28345 1
28350 0
28354 1
28359 0
28363 1
28368 0
28372 1
28377 0
28381 1
28386 0
28390 1
28395 0
28399 1
28404 0
28408 1
28413 0
28417 1
28422 0
28426 1
28431 0
28435 1
28440 0
28444 1
28449 0
28453 1
28458 0
28462 1
28467 0
28471 1
28476 0
28480 1
28485 0
28489 1
28494 0
28498 1
28503 0
28507 1
28512 0
28516 1
28521 0
28525 1
28530 0
28534 1
28539 0
28543 1
28548 0
28552 1
28557 0
28561 1
28566 0
28570 1
28575 0
28579 1
28584 0
28588 1
28593 0
28597 1
28602 0
28606 1
28611 0
28615 1
28620 0
28624 1
28629 0
28633 1
28638 0
28642 1
28647 0
28651 1
28656 0
28660 1
28665 0
28669 1
28674 0
28678 1
28683 0
28687 1
28692 0
28696 1
28701 0
28705 1
28710 0
28714 1
28719 0
28723 1
28728 0
28732 1
28737 0
28741 1
28746 0
28750 1
28755 0
28759 1
28764 0
28768 1
28773 0
28777 1
28782 0
28786 1
28791 0
28795 1
28800 0
28804 1
28809 0
28813 1
28818 0
28822 1
28827 0
28831 1
28836 0
28840 1
28845 0
28849 1
28854 0
28858 1
28863 0
28867 1
28872 0
28876 1
28881 0
28885 1
28890 0
28894 1
28899 0
28903 1
28908 0
28912 1
28917 0
28921 1
28926 0
28930 1
28935 0
28939 1
28944 0
28948 1
28953 0
28957 1
28962 0
28966 1
28971 0
28975 1
28980 0
28984 1
28989 0
28993 1
28998 0
29002 1
29007 0
29011 1
29016 0
29020 1
29025 0
29029 1
29034 0
29038 1
29043 0
29047 1
29052 0
29056 1
29061 0
29065 1
29070 0
29074 1
29079 0
29083 1
29088 0
29092 1
29097 0
29101 1
29106 0
29110 1
29115 0
29119 1
29124 0
29128 1
29133 0
29137 1
29142 0
29146 1
29151 0
29155 1
29160 0
29164 1
29169 0
29173 1
29178 0
29182 1
29187 0
29191 1
29196 0
29200 1
29205 0
29209 1
29214 0
29218 1
29223 0
29227 1
29232 0
29236 1
29241 0
29245 1
29250 0
29254 1
29259 0
29263 1
29268 0
29272 1
29277 0
29281 1
29286 0
29290 1
29295 0
29299 1
29304 0
29308 1
29313 0
29317 1
29322 0
29326 1
29331 0
29335 1
29340 0
29344 1
29349 0
29353 1
29358 0
29362 1
29367 0
29371 1
29376 0
29380 1
29385 0
29389 1
29394 0
29398 1
29403 0
29407 1
29412 0
29416 1
29421 0
29425 1
29430 0
29434 1
29439 0
29443 1
29448 0
29452 1
29457 0
29461 1
29466 0
29470 1
29475 0
29479 1
29484 0
29488 1
29493 0
29497 1
29502 0
29506 1
29511 0
29515 1
29520 0
29524 1
29529 0
29533 1
29538 0
29542 1
29547 0
29551 1
29556 0
29560 1
29565 0
29569 1
29574 0
29578 1
29583 0
29587 1
29592 0
29596 1
29601 0
29605 1
29610 0
29614 1
29619 0
29623 1
29628 0
29632 1
29637 0
29641 1
29646 0
29650 1
29655 0
29659 1
29664 0
29668 1
29673 0
29677 1
29682 0
29686 1
29691 0
29695 1
29700 0
29704 1
29709 0
29713 1
29718 0
29722 1
29727 0
29731 1
29736 0
29740 1
29745 0
29749 1
29754 0
29758 1
29763 0
29767 1
29772 0
29776 1
29781 0
29785 1
29790 0
29794 1
29799 0
29803 1
29808 0
29812 1
29817 0
29821 1
29826 0
29830 1
29835 0
29839 1
29844 0
29848 1
29853 0
29857 1
29862 0
29866 1
29871 0
29875 1
29880 0
29884 1
29889 0
29893 1
29898 0
29902 1
29907 0
29911 1
29916 0
29920 1
29925 0
29929 1
29934 0
29938 1
29943 0
29947 1
29952 0
29956 1
29961 0
29965 1
29970 0
29974 1
29979 0
29983 1
29988 0
29992 1
29997 0
30001 1
30006 0
30010 1
30015 0
30019 1
30024 0
30028 1
30033 0
30037 1
30042 0
30046 1
30051 0
30055 1
30060 0
30064 1
30069 0
30073 1
30078 0
30082 1
30087 0
30091 1
30096 0
30100 1
30105 0
30109 1
30114 0
30118 1
30123 0
30127 1
30132 0
30136 1
30141 0
30145 1
30150 0
30154 1
30159 0
30163 1
30168 0
30172 1
30177 0
30181 1
30186 0
30190 1
30195 0
30199 1
30204 0
30208 1
30213 0
30217 1
30222 0
30226 1
30231 0
30235 1
30240 0
30244 1
30249 0
30253 1
30258 0
30262 1
30267 0
30271 1
30276 0
30280 1
30285 0
30289 1
30294 0
30298 1
30303 0
30307 1
30312 0
30316 1
30321 0
30325 1
30330 0
30334 1
30339 0
30343 1
30348 0
30352 1
30357 0
30361 1
30366 0
30370 1
30375 0
30379 1
30384 0
30388 1
30393 0
30397 1
30402 0
30406 1
30411 0
30415 1
30420 0
30424 1
30429 0
30433 1
30438 0
30442 1
30447 0
30451 1
30456 0
30460 1
30465 0
30469 1
30474 0
30478 1
30483 0
30487 1
30492 0
30496 1
30501 0
30505 1
30510 0
30514 1
30519 0
30523 1
30528 0
30532 1
30537 0
30541 1
30546 0
30550 1
30555 0
30559 1
30564 0
30568 1
30573 0
30577 1
30582 0
30586 1
30591 0
30595 1
30600 0
30604 1
30609 0
30613 1
30618 0
30622 1
30627 0
30631 1
30636 0
30640 1
30645 0
30649 1
30654 0
30658 1
30663 0
30667 1
30672 0
30676 1
30681 0
30685 1
30690 0
30694 1
30699 0
30703 1
30708 0
30712 1
30717 0
30721 1
30726 0
30730 1
30735 0
30739 1
30744 0
30748 1
30753 0
30757 1
30762 0
30766 1
30771 0
30775 1
30780 0
30784 1
30789 0
30793 1
30798 0
30802 1
30807 0
30811 1
30816 0
30820 1
30825 0
30829 1
30834 0
30838 1
30843 0
30847 1
30852 0
30856 1
30861 0
30865 1
30870 0
30874 1
30879 0
30883 1
30888 0
30892 1
30897 0
30901 1
30906 0
30910 1
30915 0
30919 1
30924 0
30928 1
30933 0
30937 1
30942 0
30946 1
30951 0
30955 1
30960 0
30964 1
30969 0
30973 1
30978 0
30982 1
30987 0
30991 1
30996 0
31000 1
31005 0
31009 1
31014 0
31018 1
31023 0
31027 1
31032 0
31036 1
31041 0
31045 1
31050 0
31054 1
31059 0
31063 1
31068 0
31072 1
31077 0
31081 1
31086 0
31090 1
31095 0
31099 1
31104 0
31108 1
31113 0
31117 1
31122 0
31126 1
31131 0
31135 1
31140 0
31144 1
31149 0
31153 1
31158 0
31162 1
31167 0
31171 1
31176 0
31180 1
31185 0
31189 1
31194 0
31198 1
31203 0
31207 1
31212 0
31216 1
31221 0
31225 1
31230 0
31234 1
31239 0
31243 1
31248 0
31252 1
31257 0
31261 1
31266 0
31270 1
31275 0
31279 1
31284 0
31288 1
31293 0
31297 1
31302 0
31306 1
31311 0
31315 1
31320 0
31324 1
31329 0
31333 1
31338 0
31342 1
31347 0
31351 1
31356 0
31360 1
31365 0
31369 1
31374 0
31378 1
31383 0
31387 1
31392 0
31396 1
31401 0
31405 1
31410 0
31414 1
31419 0
31423 1
31428 0
31432 1
31437 0
31441 1
31446 0
31450 1
31455 0
31459 1
31464 0
31468 1
31473 0
31477 1
31482 0
31486 1
31491 0
31495 1
31500 0
31504 1
31509 0
31513 1
31518 0
31522 1
31527 0
31531 1
31536 0
31540 1
31545 0
31549 1
31554 0
31558 1
31563 0
31567 1
31572 0
31576 1
31581 0
31585 1
31590 0
31594 1
31599 0
31603 1
31608 0
31612 1
31617 0
31621 1
31626 0
31630 1
31635 0
31639 1
31644 0
31648 1
31653 0
31657 1
31662 0
31666 1
31671 0
31675 1
31680 0
31684 1
31689 0
31693 1
31698 0
31702 1
31707 0
31711 1
31716 0
31720 1
31725 0
31729 1
31734 0
31738 1
31743 0
31747 1
31752 0
31756 1
31761 0
31765 1
31770 0
31774 1
31779 0
31783 1
31788 0
31792 1
31797 0
31801 1
31806 0
31810 1
31815 0
31819 1
31824 0
31828 1
31833 0
31837 1
31842 0
31846 1
31851 0
31855 1
31860 0
31864 1
31869 0
31873 1
31878 0
31882 1
31887 0
31891 1
31896 0
31900 1
31905 0
31909 1
31914 0
31918 1
31923 0
31927 1
31932 0
31936 1
31941 0
31945 1
31950 0
31954 1
31959 0
31963 1
31968 0
31972 1
31977 0
31981 1
31986 0
31990 1
31995 0
31999 1
32004 0
32008 1
32013 0
32017 1
32022 0
32026 1
32031 0
32035 1
32040 0
32044 1
32049 0
32053 1
32058 0
32062 1
32067 0
32071 1
32076 0
32080 1
32085 0
32089 1
32094 0
32098 1
32103 0
32107 1
32112 0
32116 1
32121 0
32125 1
32130 0
32134 1
32139 0
32143 1
32148 0
32152 1
32157 0
32161 1
32166 0
32170 1
32175 0
32179 1
32184 0
32188 1
32193 0
32197 1
32202 0
32206 1
32211 0
32215 1
32220 0
32224 1
32229 0
32233 1
32238 0
32242 1
32247 0
32251 1
32256 0
32260 1
32265 0
32269 1
32274 0
32278 1
32283 0
32287 1
32292 0
32296 1
32301 0
32305 1
32310 0
32314 1
32319 0
32323 1
32328 0
32332 1
32337 0
32341 1
32346 0
32350 1
32355 0
32359 1
32364 0
32368 1
32373 0
32377 1
32382 0
32386 1
32391 0
32395 1
32400 0
32404 1
32409 0
32413 1
32418 0
32422 1
32427 0
32431 1
32436 0
32440 1
32445 0
32449 1
32454 0
32458 1
32463 0
32467 1
32472 0
32476 1
32481 0
32485 1
32490 0
32494 1
32499 0
32503 1
32508 0
32512 1
32517 0
32521 1
32526 0
32530 1
32535 0
32539 1
32544 0
32548 1
32553 0
32557 1
32562 0
32566 1
32571 0
32575 1
32580 0
32584 1
32589 0
32593 1
32598 0
32602 1
32607 0
32611 1
32616 0
32620 1
32625 0
32629 1
32634 0
32638 1
32643 0
32647 1
32652 0
32656 1
32661 0
32665 1
32670 0
32674 1
32679 0
32683 1
32688 0
32692 1
32697 0
32701 1
32706 0
32710 1
32715 0
32719 1
32724 0
32728 1
32733 0
32737 1
32742 0
32746 1
32751 0
32755 1
32760 0
32764 1
32769 0
32773 1
32778 0
32782 1
32787 0
32791 1
32796 0
32800 1
32805 0
32809 1
32814 0
32818 1
32823 0
32827 1
32832 0
32836 1
32841 0
32845 1
32850 0
32854 1
32859 0
32863 1
32868 0
32872 1
32877 0
32881 1
32886 0
32890 1
32895 0
32899 1
32904 0
32908 1
32913 0
32917 1
32922 0
32926 1
32931 0
32935 1
32940 0
32944 1
32949 0
32953 1
32958 0
32962 1
32967 0
32971 1
32976 0
32980 1
32985 0
32989 1
32994 0
32998 1
33003 0
33007 1
33012 0
33016 1
33021 0
33025 1
33030 0
33034 1
33039 0
33043 1
33048 0
33052 1
33057 0
33061 1
33066 0
33070 1
33075 0
33079 1
33084 0
33088 1
33093 0
33097 1
33102 0
33106 1
33111 0
33115 1
33120 0
33124 1
33129 0
33133 1
33138 0
33142 1
33147 0
33151 1
33156 0
33160 1
33165 0
33169 1
33174 0
33178 1
33183 0
33187 1
33192 0
33196 1
33201 0
33205 1
33210 0
33214 1
33219 0
33223 1
33228 0
33232 1
33237 0
33241 1
33246 0
33250 1
33255 0
33259 1
33264 0
33268 1
33273 0
33277 1
33282 0
33286 1
33291 0
33295 1
33300 0
33304 1
33309 0
33313 1
33318 0
33322 1
33327 0
33331 1
33336 0
33340 1
33345 0
33349 1
33354 0
33358 1
33363 0
33367 1
33372 0
33376 1
33381 0
33385 1
33390 0
33394 1
33399 0
33403 1
33408 0
33412 1
33417 0
33421 1
33426 0
33430 1
33435 0
33439 1
33444 0
33448 1
33453 0
33457 1
33462 0
33466 1
33471 0
33475 1
33480 0
33484 1
33489 0
33493 1
33498 0
33502 1
33507 0
33511 1
33516 0
33520 1
33525 0
33529 1
33534 0
33538 1
33543 0
33547 1
33552 0
33556 1
33561 0
33565 1
33570 0
33574 1
33579 0
33583 1
33588 0
33592 1
33597 0
33601 1
33606 0
33610 1
33615 0
33619 1
33624 0
33628 1
33633 0
33637 1
33642 0
33646 1
33651 0
33655 1
33660 0
33664 1
33669 0
33673 1
33678 0
33682 1
33687 0
33691 1
33696 0
33700 1
33705 0
33709 1
33714 0
33718 1
33723 0
33727 1
33732 0
33736 1
33741 0
33745 1
33750 0
33754 1
33759 0
33763 1
33768 0
33772 1
33777 0
33781 1
33786 0
33790 1
33795 0
33799 1
33804 0
33808 1
33813 0
33817 1
33822 0
33826 1
33831 0
33835 1
33840 0
33844 1
33849 0
33853 1
33858 0
33862 1
33867 0
33871 1
33876 0
33880 1
33885 0
33889 1
33894 0
33898 1
33903 0
33907 1
33912 0
33916 1
33921 0
33925 1
33930 0
33934 1
33939 0
33943 1
33948 0
33952 1
33957 0
33961 1
33966 0
33970 1
33975 0
33979 1
33984 0
33988 1
33993 0
33997 1
34002 0
34006 1
34011 0
34015 1
34020 0
34024 1
34029 0
34033 1
34038 0
34042 1
34047 0
34051 1
34056 0
34060 1
34065 0
34069 1
34074 0
34078 1
34083 0
34087 1
34092 0
34096 1
34101 0
34105 1
34110 0
34114 1
34119 0
34123 1
34128 0
34132 1
34137 0
34141 1
34146 0
34150 1
34155 0
34159 1
34164 0
34168 1
34173 0
34177 1
34182 0
34186 1
34191 0
34195 1
34200 0
34204 1
34209 0
34213 1
34218 0
34222 1
34227 0
34231 1
34236 0
34240 1
34245 0
34249 1
34254 0
34258 1
34263 0
34267 1
34272 0
34276 1
34281 0
34285 1
34290 0
34294 1
34299 0
34303 1
34308 0
34312 1
34317 0
34321 1
34326 0
34330 1
34335 0
34339 1
34344 0
34348 1
34353 0
34357 1
34362 0
34366 1
34371 0
34375 1
34380 0
34384 1
34389 0
34393 1
34398 0
34402 1
34407 0
34411 1
34416 0
34420 1
34425 0
34429 1
34434 0
34438 1
34443 0
34447 1
34452 0
34456 1
34461 0
34465 1
34470 0
34474 1
34479 0
34483 1
34488 0
34492 1
34497 0
34501 1
34506 0
34510 1
34515 0
34519 1
34524 0
34528 1
34533 0
34537 1
34542 0
34546 1
34551 0
34555 1
34560 0
34564 1
34569 0
34573 1
34578 0
34582 1
34587 0
34591 1
34596 0
34600 1
34605 0
34609 1
34614 0
34618 1
34623 0
34627 1
34632 0
34636 1
34641 0
34645 1
34650 0
34654 1
34659 0
34663 1
34668 0
34672 1
34677 0
34681 1
34686 0
34690 1
34695 0
34699 1
34704 0
34708 1
34713 0
34717 1
34722 0
34726 1
34731 0
34735 1
34740 0
34744 1
34749 0
34753 1
34758 0
34762 1
34767 0
34771 1
34776 0
34780 1
34785 0
34789 1
34794 0
34798 1
34803 0
34807 1
34812 0
34816 1
34821 0
34825 1
34830 0
34834 1
34839 0
34843 1
34848 0
34852 1
34857 0
34861 1
34866 0
34870 1
34875 0
34879 1
34884 0
34888 1
34893 0
34897 1
34902 0
34906 1
34911 0
34915 1
34920 0
34924 1
34929 0
34933 1
34938 0
34942 1
34947 0
34951 1
34956 0
34960 1
34965 0
34969 1
34974 0
34978 1
34983 0
34987 1
34992 0
34996 1
35001 0
35005 1
35010 0
35014 1
35019 0
35023 1
35028 0
35032 1
35037 0
35041 1
35046 0
35050 1
35055 0
35059 1
35064 0
35068 1
35073 0
35077 1
35082 0
35086 1
35091 0
35095 1
35100 0
35104 1
35109 0
35113 1
35118 0
35122 1
35127 0
35131 1
35136 0
35140 1
35145 0
35149 1
35154 0
35158 1
35163 0
35167 1
35172 0
35176 1
35181 0
35185 1
35190 0
35194 1
35199 0
35203 1
35208 0
35212 1
35217 0
35221 1
35226 0
35230 1
35235 0
35239 1
35244 0
35248 1
35253 0
35257 1
35262 0
35266 1
35271 0
35275 1
35280 0
35284 1
35289 0
35293 1
35298 0
35302 1
35307 0
35311 1
35316 0
35320 1
35325 0
35329 1
35334 0
35338 1
35343 0
35347 1
35352 0
35356 1
35361 0
35365 1
35370 0
35374 1
35379 0
35383 1
35388 0
35392 1
35397 0
35401 1
35406 0
35410 1
35415 0
35419 1
35424 0
35428 1
35433 0
35437 1
35442 0
35446 1
35451 0
35455 1
35460 0
35464 1
35469 0
35473 1
35478 0
35482 1
35487 0
35491 1
35496 0
35500 1
35505 0
35509 1
35514 0
35518 1
35523 0
35527 1
35532 0
35536 1
35541 0
35545 1
35550 0
35554 1
35559 0
35563 1
35568 0
35572 1
35577 0
35581 1
35586 0
35590 1
35595 0
35599 1
35604 0
35608 1
35613 0
35617 1
35622 0
35626 1
35631 0
35635 1
35640 0
35644 1
35649 0
35653 1
35658 0
35662 1
35667 0
35671 1
35676 0
35680 1
35685 0
35689 1
35694 0
35698 1
35703 0
35707 1
35712 0
35716 1
35721 0
35725 1
35730 0
35734 1
35739 0
35743 1
35748 0
35752 1
35757 0
35761 1
35766 0
35770 1
35775 0
35779 1
35784 0
35788 1
35793 0
35797 1
35802 0
35806 1
35811 0
35815 1
35820 0
35824 1
35829 0
35833 1
35838 0
35842 1
35847 0
35851 1
35856 0
35860 1
35865 0
35869 1
35874 0
35878 1
35883 0
35887 1
35892 0
35896 1
35901 0
35905 1
35910 0
35914 1
35919 0
35923 1
35928 0
35932 1
35937 0
35941 1
35946 0
35950 1
35955 0
35959 1
35964 0
35968 1
35973 0
35977 1
35982 0
35986 1
35991 0
35995 1
36000 0
36004 1
36009 0
36013 1
36018 0
36022 1
36027 0
36031 1
36036 0
36040 1
36045 0
36049 1
36054 0
36058 1
36063 0
36067 1
36072 0
36076 1
36081 0
36085 1
36090 0
36094 1
36099 0
36103 1
36108 0
36112 1
36117 0
36121 1
36126 0
36130 1
36135 0
36139 1
36144 0
36148 1
36153 0
36157 1
36162 0
36166 1
36171 0
36175 1
36180 0
36184 1
36189 0
36193 1
36198 0
36202 1
36207 0
36211 1
36216 0
36220 1
36225 0
36229 1
36234 0
36238 1
36243 0
36247 1
36252 0
36256 1
36261 0
36265 1
36270 0
36274 1
36279 0
36283 1
36288 0
36292 1
36297 0
36301 1
36306 0
36310 1
36315 0
36319 1
36324 0
36328 1
36333 0
36337 1
36342 0
36346 1
36351 0
36355 1
36360 0
36364 1
36369 0
36373 1
36378 0
36382 1
36387 0
36391 1
36396 0
36400 1
36405 0
36409 1
36414 0
36418 1
36423 0
36427 1
36432 0
36436 1
36441 0
36445 1
36450 0
36454 1
36459 0
36463 1
36468 0
36472 1
36477 0
36481 1
36486 0
36490 1
36495 0
36499 1
36504 0
36508 1
36513 0
36517 1
36522 0
36526 1
36531 0
36535 1
36540 0
36544 1
36549 0
36553 1
36558 0
36562 1
36567 0
36571 1
36576 0
36580 1
36585 0
36589 1
36594 0
36598 1
36603 0
36607 1
36612 0
36616 1
36621 0
36625 1
36630 0
36634 1
36639 0
36643 1
36648 0
36652 1
36657 0
36661 1
36666 0
36670 1
36675 0
36679 1
36684 0
36688 1
36693 0
36697 1
36702 0
36706 1
36711 0
36715 1
36720 0
36724 1
36729 0
36733 1
36738 0
36742 1
36747 0
36751 1
36756 0
36760 1
36765 0
36769 1
36774 0
36778 1
36783 0
36787 1
36792 0
36796 1
36801 0
36805 1
36810 0
36814 1
36819 0
36823 1
36828 0
36832 1
36837 0
36841 1
36846 0
36850 1
36855 0
36859 1
36864 0
36868 1
36873 0
36877 1
36882 0
36886 1
36891 0
36895 1
36900 0
36904 1
36909 0
36913 1
36918 0
36922 1
36927 0
36931 1
36936 0
36940 1
36945 0
36949 1
36954 0
36958 1
36963 0
36967 1
36972 0
36976 1
36981 0
36985 1
36990 0
36994 1
36999 0
37003 1
37008 0
37012 1
37017 0
37021 1
37026 0
37030 1
37035 0
37039 1
37044 0
37048 1
37053 0
37057 1
37062 0
37066 1
37071 0
37075 1
37080 0
37084 1
37089 0
37093 1
37098 0
37102 1
37107 0
37111 1
37116 0
37120 1
37125 0
37129 1
37134 0
37138 1
37143 0
37147 1
37152 0
37156 1
37161 0
37165 1
37170 0
37174 1
37179 0
37183 1
37188 0
37192 1
37197 0
37201 1
37206 0
37210 1
37215 0
37219 1
37224 0
37228 1
37233 0
37237 1
37242 0
37246 1
37251 0
37255 1
37260 0
37264 1
37269 0
37273 1
37278 0
37282 1
37287 0
37291 1
37296 0
37300 1
37305 0
37309 1
37314 0
37318 1
37323 0
37327 1
37332 0
37336 1
37341 0
37345 1
37350 0
37354 1
37359 0
37363 1
37368 0
37372 1
37377 0
37381 1
37386 0
37390 1
37395 0
37399 1
37404 0
37408 1
37413 0
37417 1
37422 0
37426 1
37431 0
37435 1
37440 0
37444 1
37449 0
37453 1
37458 0
37462 1
37467 0
37471 1
37476 0
37480 1
37485 0
37489 1
37494 0
37498 1
37503 0
37507 1
37512 0
37516 1
37521 0
37525 1
37530 0
37534 1
37539 0
37543 1
37548 0
37552 1
37557 0
37561 1
37566 0
37570 1
37575 0
37579 1
37584 0
37588 1
37593 0
37597 1
37602 0
37606 1
37611 0
37615 1
37620 0
37624 1
37629 0
37633 1
37638 0
37642 1
37647 0
37651 1
37656 0
37660 1
37665 0
37669 1
37674 0
37678 1
37683 0
37687 1
37692 0
37696 1
37701 0
37705 1
37710 0
37714 1
37719 0
37723 1
37728 0
37732 1
37737 0
37741 1
37746 0
37750 1
37755 0
37759 1
37764 0
37768 1
37773 0
37777 1
37782 0
37786 1
37791 0
37795 1
37800 0
37804 1
37809 0
37813 1
37818 0
37822 1
37827 0
37831 1
37836 0
37840 1
37845 0
37849 1
37854 0
37858 1
37863 0
37867 1
37872 0
37876 1
37881 0
37885 1
37890 0
37894 1
37899 0
37903 1
37908 0
37912 1
37917 0
37921 1
37926 0
37930 1
37935 0
37939 1
37944 0
37948 1
37953 0
37957 1
37962 0
37966 1
37971 0
37975 1
37980 0
37984 1
37989 0
37993 1
37998 0
38002 1
38007 0
38011 1
38016 0
38020 1
38025 0
38029 1
38034 0
38038 1
38043 0
38047 1
38052 0
38056 1
38061 0
38065 1
38070 0
38074 1
38079 0
38083 1
38088 0
38092 1
38097 0
38101 1
38106 0
38110 1
38115 0
38119 1
38124 0
38128 1
38133 0
38137 1
38142 0
38146 1
38151 0
38155 1
38160 0
38164 1
38169 0
38173 1
38178 0
38182 1
38187 0
38191 1
38196 0
38200 1
38205 0
38209 1
38214 0
38218 1
38223 0
38227 1
38232 0
38236 1
38241 0
38245 1
38250 0
38254 1
38259 0
38263 1
38268 0
38272 1
38277 0
38281 1
38286 0
38290 1
38295 0
38299 1
38304 0
38308 1
38313 0
38317 1
38322 0
38326 1
38331 0
38335 1
38340 0
38344 1
38349 0
38353 1
38358 0
38362 1
38367 0
38371 1
38376 0
38380 1
38385 0
38389 1
38394 0
38398 1
38403 0
38407 1
38412 0
38416 1
38421 0
38425 1
38430 0
38434 1
38439 0
38443 1
38448 0
38452 1
38457 0
38461 1
38466 0
38470 1
38475 0
38479 1
38484 0
38488 1
38493 0
38497 1
38502 0
38506 1
38511 0
38515 1
38520 0
38524 1
38529 0
38533 1
38538 0
38542 1
38547 0
38551 1
38556 0
38560 1
38565 0
38569 1
38574 0
38578 1
38583 0
38587 1
38592 0
38596 1
38601 0
38605 1
38610 0
38614 1
38619 0
38623 1
38628 0
38632 1
38637 0
38641 1
38646 0
38650 1
38655 0
38659 1
38664 0
38668 1
38673 0
38677 1
38682 0
38686 1
38691 0
38695 1
38700 0
38704 1
38709 0
38713 1
38718 0
38722 1
38727 0
38731 1
38736 0
38740 1
38745 0
38749 1
38754 0
38758 1
38763 0
38767 1
38772 0
38776 1
38781 0
38785 1
38790 0
38794 1
38799 0
38803 1
38808 0
38812 1
38817 0
38821 1
38826 0
38830 1
38835 0
38839 1
38844 0
38848 1
38853 0
38857 1
38862 0
38866 1
38871 0
38875 1
38880 0
38884 1
38889 0
38893 1
38898 0
38902 1
38907 0
38911 1
38916 0
38920 1
38925 0
38929 1
38934 0
38938 1
38943 0
38947 1
38952 0
38956 1
38961 0
38965 1
38970 0
38974 1
38979 0
38983 1
38988 0
38992 1
38997 0
39001 1
39006 0
39010 1
39015 0
39019 1
39024 0
39028 1
39033 0
39037 1
39042 0
39046 1
39051 0
39055 1
39060 0
39064 1
39069 0
39073 1
39078 0
39082 1
39087 0
39091 1
39096 0
39100 1
39105 0
39109 1
39114 0
39118 1
39123 0
39127 1
39132 0
39136 1
39141 0
39145 1
39150 0
39154 1
39159 0
39163 1
39168 0
39172 1
39177 0
39181 1
39186 0
39190 1
39195 0
39199 1
39204 0
39208 1
39213 0
39217 1
39222 0
39226 1
39231 0
39235 1
39240 0
39244 1
39249 0
39253 1
39258 0
39262 1
39267 0
39271 1
39276 0
39280 1
39285 0
39289 1
39294 0
39298 1
39303 0
39307 1
39312 0
39316 1
39321 0
39325 1
39330 0
39334 1
39339 0
39343 1
39348 0
39352 1
39357 0
39361 1
39366 0
39370 1
39375 0
39379 1
39384 0
39388 1
39393 0
39397 1
39402 0
39406 1
39411 0
39415 1
39420 0
39424 1
39429 0
39433 1
39438 0
39442 1
39447 0
39451 1
39456 0
39460 1
39465 0
39469 1
39474 0
39478 1
39483 0
39487 1
39492 0
39496 1
39501 0
39505 1
39510 0
39514 1
39519 0
39523 1
39528 0
39532 1
39537 0
39541 1
39546 0
39550 1
39555 0
39559 1
39564 0
39568 1
39573 0
39577 1
39582 0
39586 1
39591 0
39595 1
39600 0
39604 1
39609 0
39613 1
39618 0
39622 1
39627 0
39631 1
39636 0
39640 1
39645 0
39649 1
39654 0
39658 1
39663 0
39667 1
39672 0
39676 1
39681 0
39685 1
39690 0
39694 1
39699 0
39703 1
39708 0
39712 1
39717 0
39721 1
39726 0
39730 1
39735 0
39739 1
39744 0
39748 1
39753 0
39757 1
39762 0
39766 1
39771 0
39775 1
39780 0
39784 1
39789 0
39793 1
39798 0
39802 1
39807 0
39811 1
39816 0
39820 1
39825 0
39829 1
39834 0
39838 1
39843 0
39847 1
39852 0
39856 1
39861 0
39865 1
39870 0
39874 1
39879 0
39883 1
39888 0
39892 1
39897 0
39901 1
39906 0
39910 1
39915 0
39919 1
39924 0
39928 1
39933 0
39937 1
39942 0
39946 1
39951 0
39955 1
39960 0
39964 1
39969 0
39973 1
39978 0
39982 1
39987 0
39991 1
39996 0
40000 1
40005 0
40009 1
40014 0
40018 1
40023 0
40027 1
40032 0
40036 1
40041 0
40045 1
40050 0
40054 1
40059 0
40063 1
40068 0
40072 1
40077 0
40081 1
40086 0
40090 1
40095 0
40099 1
40104 0
40108 1
40113 0
40117 1
40122 0
40126 1
40131 0
40135 1
40140 0
40144 1
40149 0
40153 1
40158 0
40162 1
40167 0
40171 1
40176 0
40180 1
40185 0
40189 1
40194 0
40198 1
40203 0
40207 1
40212 0
40216 1
40221 0
40225 1
40230 0
40234 1
40239 0
40243 1
40248 0
40252 1
40257 0
40261 1
40266 0
40270 1
40275 0
40279 1
40284 0
40288 1
40293 0
40297 1
40302 0
40306 1
40311 0
40315 1
40320 0
40324 1
40329 0
40333 1
40338 0
40342 1
40347 0
40351 1
40356 0
40360 1
40365 0
40369 1
40374 0
40378 1
40383 0
40387 1
40392 0
40396 1
40401 0
40405 1
40410 0
40414 1
40419 0
40423 1
40428 0
40432 1
40437 0
40441 1
40446 0
40450 1
40455 0
40459 1
40464 0
40468 1
40473 0
40477 1
40482 0
40486 1
40491 0
40495 1
40500 0
40504 1
40509 0
40513 1
40518 0
40522 1
40527 0
40531 1
40536 0
40540 1
40545 0
40549 1
40554 0
40558 1
40563 0
40567 1
40572 0
40576 1
40581 0
40585 1
40590 0
40594 1
40599 0
40603 1
40608 0
40612 1
40617 0
40621 1
40626 0
40630 1
40635 0
40639 1
40644 0
40648 1
40653 0
40657 1
40662 0
40666 1
40671 0
40675 1
40680 0
40684 1
40689 0
40693 1
40698 0
40702 1
40707 0
40711 1
40716 0
40720 1
40725 0
40729 1
40734 0
40738 1
40743 0
40747 1
40752 0
40756 1
40761 0
40765 1
40770 0
40774 1
40779 0
40783 1
40788 0
40792 1
40797 0
40801 1
40806 0
40810 1
40815 0
40819 1
40824 0
40828 1
40833 0
40837 1
40842 0
40846 1
40851 0
40855 1
40860 0
40864 1
40869 0
40873 1
40878 0
40882 1
40887 0
40891 1
40896 0
40900 1
40905 0
40909 1
40914 0
40918 1
40923 0
40927 1
40932 0
40936 1
40941 0
40945 1
40950 0
40954 1
40959 0
40963 1
40968 0
40972 1
40977 0
40981 1
40986 0
40990 1
40995 0
40999 1
41004 0
41008 1
41013 0
41017 1
41022 0
41026 1
41031 0
41035 1
41040 0
41044 1
41049 0
41053 1
41058 0
41062 1
41067 0
41071 1
41076 0
41080 1
41085 0
41089 1
41094 0
41098 1
41103 0
41107 1
41112 0
41116 1
41121 0
41125 1
41130 0
41134 1
41139 0
41143 1
41148 0
41152 1
41157 0
41161 1
41166 0
41170 1
41175 0
41179 1
41184 0
41188 1
41193 0
41197 1
41202 0
41206 1
41211 0
41215 1
41220 0
41224 1
41229 0
41233 1
41238 0
41242 1
41247 0
41251 1
41256 0
41260 1
41265 0
41269 1
41274 0
41278 1
41283 0
41287 1
41292 0
41296 1
41301 0
41305 1
41310 0
41314 1
41319 0
41323 1
41328 0
41332 1
41337 0
41341 1
41346 0
41350 1
41355 0
41359 1
41364 0
41368 1
41373 0
41377 1
41382 0
41386 1
41391 0
41395 1
41400 0
41404 1
41409 0
41413 1
41418 0
41422 1
41427 0
41431 1
41436 0
41440 1
41445 0
41449 1
41454 0
41458 1
41463 0
41467 1
41472 0
41476 1
41481 0
41485 1
41490 0
41494 1
41499 0
41503 1
41508 0
41512 1
41517 0
41521 1
41526 0
41530 1
41535 0
41539 1
41544 0
41548 1
41553 0
41557 1
41562 0
41566 1
41571 0
41575 1
41580 0
41584 1
41589 0
41593 1
41598 0
41602 1
41607 0
41611 1
41616 0
41620 1
41625 0
41629 1
41634 0
41638 1
41643 0
41647 1
41652 0
41656 1
41661 0
41665 1
41670 0
41674 1
41679 0
41683 1
41688 0
41692 1
41697 0
41701 1
41706 0
41710 1
41715 0
41719 1
41724 0
41728 1
41733 0
41737 1
41742 0
41746 1
41751 0
41755 1
41760 0
41764 1
41769 0
41773 1
41778 0
41782 1
41787 0
41791 1
41796 0
41800 1
41805 0
41809 1
41814 0
41818 1
41823 0
41827 1
41832 0
41836 1
41841 0
41845 1
41850 0
41854 1
41859 0
41863 1
41868 0
41872 1
41877 0
41881 1
41886 0
41890 1
41895 0
41899 1
41904 0
41908 1
41913 0
41917 1
41922 0
41926 1
41931 0
41935 1
41940 0
41944 1
41949 0
41953 1
41958 0
41962 1
41967 0
41971 1
41976 0
41980 1
41985 0
41989 1
41994 0
41998 1
42003 0
42007 1
42012 0
42016 1
42021 0
42025 1
42030 0
42034 1
42039 0
42043 1
42048 0
42052 1
42057 0
42061 1
42066 0
42070 1
42075 0
42079 1
42084 0
42088 1
42093 0
42097 1
42102 0
42106 1
42111 0
42115 1
42120 0
42124 1
42129 0
42133 1
42138 0
42142 1
42147 0
42151 1
42156 0
42160 1
42165 0
42169 1
42174 0
42178 1
42183 0
42187 1
42192 0
42196 1
42201 0
42205 1
42210 0
42214 1
42219 0
42223 1
42228 0
42232 1
42237 0
42241 1
42246 0
42250 1
42255 0
42259 1
42264 0
42268 1
42273 0
42277 1
42282 0
42286 1
42291 0
42295 1
42300 0
42304 1
42309 0
42313 1
42318 0
42322 1
42327 0
42331 1
42336 0
42340 1
42345 0
42349 1
42354 0
42358 1
42363 0
42367 1
42372 0
42376 1
42381 0
42385 1
42390 0
42394 1
42399 0
42403 1
42408 0
42412 1
42417 0
42421 1
42426 0
42430 1
42435 0
42439 1
42444 0
42448 1
42453 0
42457 1
42462 0
42466 1
42471 0
42475 1
42480 0
42484 1
42489 0
42493 1
42498 0
42502 1
42507 0
42511 1
42516 0
42520 1
42525 0
42529 1
42534 0
42538 1
42543 0
42547 1
42552 0
42556 1
42561 0
42565 1
42570 0
42574 1
42579 0
42583 1
42588 0
42592 1
42597 0
42601 1
42606 0
42610 1
42615 0
42619 1
42624 0
42628 1
42633 0
42637 1
42642 0
42646 1
42651 0
42655 1
42660 0
42664 1
42669 0
42673 1
42678 0
42682 1
42687 0
42691 1
42696 0
42700 1
42705 0
42709 1
42714 0
42718 1
42723 0
42727 1
42732 0
42736 1
42741 0
42745 1
42750 0
42754 1
42759 0
42763 1
42768 0
42772 1
42777 0
42781 1
42786 0
42790 1
42795 0
42799 1
42804 0
42808 1
42813 0
42817 1
42822 0
42826 1
42831 0
42835 1
42840 0
42844 1
42849 0
42853 1
42858 0
42862 1
42867 0
42871 1
42876 0
42880 1
42885 0
42889 1
42894 0
42898 1
42903 0
42907 1
42912 0
42916 1
42921 0
42925 1
42930 0
42934 1
42939 0
42943 1
42948 0
42952 1
42957 0
42961 1
42966 0
42970 1
42975 0
42979 1
42984 0
42988 1
42993 0
42997 1
43002 0
43006 1
43011 0
43015 1
43020 0
43024 1
43029 0
43033 1
43038 0
43042 1
43047 0
43051 1
43056 0
43060 1
43065 0
43069 1
43074 0
43078 1
43083 0
43087 1
43092 0
43096 1
43101 0
43105 1
43110 0
43114 1
43119 0
43123 1
43128 0
43132 1
43137 0
43141 1
43146 0
43150 1
43155 0
43159 1
43164 0
43168 1
43173 0
43177 1
43182 0
43186 1
43191 0
43195 1
43200 0
43204 1
43209 0
43213 1
43218 0
43222 1
43227 0
43231 1
43236 0
43240 1
43245 0
43249 1
43254 0
43258 1
43263 0
43267 1
43272 0
43276 1
43281 0
43285 1
43290 0
43294 1
43299 0
43303 1
43308 0
43312 1
43317 0
43321 1
43326 0
43330 1
43335 0
43339 1
43344 0
43348 1
43353 0
43357 1
43362 0
43366 1
43371 0
43375 1
43380 0
43384 1
43389 0
43393 1
43398 0
43402 1
43407 0
43411 1
43416 0
43420 1
43425 0
43429 1
43434 0
43438 1
43443 0
43447 1
43452 0
43456 1
43461 0
43465 1
43470 0
43474 1
43479 0
43483 1
43488 0
43492 1
43497 0
43501 1
43506 0
43510 1
43515 0
43519 1
43524 0
43528 1
43533 0
43537 1
43542 0
43546 1
43551 0
43555 1
43560 0
43564 1
43569 0
43573 1
43578 0
43582 1
43587 0
43591 1
43596 0
43600 1
43605 0
43609 1
43614 0
43618 1
43623 0
43627 1
43632 0
43636 1
43641 0
43645 1
43650 0
43654 1
43659 0
43663 1
43668 0
43672 1
43677 0
43681 1
43686 0
43690 1
43695 0
43699 1
43704 0
43708 1
43713 0
43717 1
43722 0
43726 1
43731 0
43735 1
43740 0
43744 1
43749 0
43753 1
43758 0
43762 1
43767 0
43771 1
43776 0
43780 1
43785 0
43789 1
43794 0
43798 1
43803 0
43807 1
43812 0
43816 1
43821 0
43825 1
43830 0
43834 1
43839 0
43843 1
43848 0
43852 1
43857 0
43861 1
43866 0
43870 1
43875 0
43879 1
43884 0
43888 1
43893 0
43897 1
43902 0
43906 1
43911 0
43915 1
43920 0
43924 1
43929 0
43933 1
43938 0
43942 1
43947 0
43951 1
43956 0
43960 1
43965 0
43969 1
43974 0
43978 1
43983 0
43987 1
43992 0
43996 1
44001 0
44005 1
44010 0
44014 1
44019 0
44023 1
44028 0
44032 1
44037 0
44041 1
44046 0
44050 1
44055 0
44059 1
44064 0
44068 1
44073 0
44077 1
44082 0
44086 1
44091 0
44095 1
44100 0
44104 1
44109 0
44113 1
44118 0
44122 1
44127 0
44131 1
44136 0
44140 1
44145 0
44149 1
44154 0
44158 1
44163 0
44167 1
44172 0
44176 1
44181 0
44185 1
44190 0
44194 1
44199 0
44203 1
44208 0
44212 1
44217 0
44221 1
44226 0
44230 1
44235 0
44239 1
44244 0
44248 1
44253 0
44257 1
44262 0
44266 1
44271 0
44275 1
44280 0
44284 1
44289 0
44293 1
44298 0
44302 1
44307 0
44311 1
44316 0
44320 1
44325 0
44329 1
44334 0
44338 1
44343 0
44347 1
44352 0
44356 1
44361 0
44365 1
44370 0
44374 1
44379 0
44383 1
44388 0
44392 1
44397 0
44401 1
44406 0
44410 1
44415 0
44419 1
44424 0
44428 1
44433 0
44437 1
44442 0
44446 1
44451 0
44455 1
44460 0
44464 1
44469 0
44473 1
44478 0
44482 1
44487 0
44491 1
44496 0
44500 1
44505 0
44509 1
44514 0
44518 1
44523 0
44527 1
44532 0
44536 1
44541 0
44545 1
44550 0
44554 1
44559 0
44563 1
44568 0
44572 1
44577 0
44581 1
44586 0
44590 1
44595 0
44599 1
44604 0
44608 1
44613 0
44617 1
44622 0
44626 1
44631 0
44635 1
44640 0
44644 1
44649 0
44653 1
44658 0
44662 1
44667 0
44671 1
44676 0
44680 1
44685 0
44689 1
44694 0
44698 1
44703 0
44707 1
44712 0
44716 1
44721 0
44725 1
44730 0
44734 1
44739 0
44743 1
44748 0
44752 1
44757 0
44761 1
44766 0
44770 1
44775 0
44779 1
44784 0
44788 1
44793 0
44797 1
44802 0
44806 1
44811 0
44815 1
44820 0
44824 1
44829 0
44833 1
44838 0
44842 1
44847 0
44851 1
44856 0
44860 1
44865 0
44869 1
44874 0
44878 1
44883 0
44887 1
44892 0
44896 1
44901 0
44905 1
44910 0
44914 1
44919 0
44923 1
44928 0
44932 1
44937 0
44941 1
44946 0
44950 1
44955 0
44959 1
44964 0
44968 1
44973 0
44977 1
44982 0
44986 1
44991 0
44995 1
45000 0
