100
5 0
11 1
16 0
22 1
27 0
33 1
38 0
44 1
49 0
55 1
60 0
66 1
71 0
77 1
82 0
88 1
93 0
99 1
104 0
110 1
115 0
121 1
126 0
132 1
137 0
143 1
148 0
154 1
159 0
165 1
170 0
176 1
181 0
187 1
192 0
198 1
203 0
209 1
214 0
220 1
225 0
231 1
236 0
242 1
247 0
253 1
258 0
264 1
269 0
275 1
280 0
286 1
291 0
297 1
302 0
308 1
313 0
319 1
324 0
330 1
335 0
341 1
346 0
352 1
357 0
363 1
368 0
374 1
379 0
385 1
390 0
396 1
401 0
407 1
412 0
418 1
423 0
429 1
434 0
440 1
445 0
451 1
456 0
462 1
467 0
473 1
478 0
484 1
489 0
495 1
500 0
506 1
511 0
517 1
522 0
528 1
533 0
539 1
544 0
550 1
