1000
5 1
11 0
16 1
22 0
27 1
33 0
38 1
44 0
49 1
55 0
60 1
66 0
71 1
77 0
82 1
88 0
93 1
99 0
104 1
110 0
115 1
121 0
126 1
132 0
137 1
143 0
148 1
154 0
159 1
165 0
170 1
176 0
181 1
187 0
192 1
198 0
203 1
209 0
214 1
220 0
225 1
231 0
236 1
242 0
247 1
253 0
258 1
264 0
269 1
275 0
280 1
286 0
291 1
297 0
302 1
308 0
313 1
319 0
324 1
330 0
335 1
341 0
346 1
352 0
357 1
363 0
368 1
374 0
379 1
385 0
390 1
396 0
401 1
407 0
412 1
418 0
423 1
429 0
434 1
440 0
445 1
451 0
456 1
462 0
467 1
473 0
478 1
484 0
489 1
495 0
500 1
506 0
511 1
517 0
522 1
528 0
533 1
539 0
544 1
550 0
555 1
561 0
566 1
572 0
577 1
583 0
588 1
594 0
599 1
605 0
610 1
616 0
621 1
627 0
632 1
638 0
643 1
649 0
654 1
660 0
665 1
671 0
676 1
682 0
687 1
693 0
698 1
704 0
709 1
715 0
720 1
726 0
731 1
737 0
742 1
748 0
753 1
759 0
764 1
770 0
775 1
781 0
786 1
792 0
797 1
803 0
808 1
814 0
819 1
825 0
830 1
836 0
841 1
847 0
852 1
858 0
863 1
869 0
874 1
880 0
885 1
891 0
896 1
902 0
907 1
913 0
918 1
924 0
929 1
935 0
940 1
946 0
951 1
957 0
962 1
968 0
973 1
979 0
984 1
990 0
995 1
1001 0
1006 1
1012 0
1017 1
1023 0
1028 1
1034 0
1039 1
1045 0
1050 1
1056 0
1061 1
1067 0
1072 1
1078 0
1083 1
1089 0
1094 1
1100 0
1105 1
1111 0
1116 1
1122 0
1127 1
1133 0
1138 1
1144 0
1149 1
1155 0
1160 1
1166 0
1171 1
1177 0
1182 1
1188 0
1193 1
1199 0
1204 1
1210 0
1215 1
1221 0
1226 1
1232 0
1237 1
1243 0
1248 1
1254 0
1259 1
1265 0
1270 1
1276 0
1281 1
1287 0
1292 1
1298 0
1303 1
1309 0
1314 1
1320 0
1325 1
1331 0
1336 1
1342 0
1347 1
1353 0
1358 1
1364 0
1369 1
1375 0
1380 1
1386 0
1391 1
1397 0
1402 1
1408 0
1413 1
1419 0
1424 1
1430 0
1435 1
1441 0
1446 1
1452 0
1457 1
1463 0
1468 1
1474 0
1479 1
1485 0
1490 1
1496 0
1501 1
1507 0
1512 1
1518 0
1523 1
1529 0
1534 1
1540 0
1545 1
1551 0
1556 1
1562 0
1567 1
1573 0
1578 1
1584 0
1589 1
1595 0
1600 1
1606 0
1611 1
1617 0
1622 1
1628 0
1633 1
1639 0
1644 1
1650 0
1655 1
1661 0
1666 1
1672 0
1677 1
1683 0
1688 1
1694 0
1699 1
1705 0
1710 1
1716 0
1721 1
1727 0
1732 1
1738 0
1743 1
1749 0
1754 1
1760 0
1765 1
1771 0
1776 1
1782 0
1787 1
1793 0
1798 1
1804 0
1809 1
1815 0
1820 1
1826 0
1831 1
1837 0
1842 1
1848 0
1853 1
1859 0
1864 1
1870 0
1875 1
1881 0
1886 1
1892 0
1897 1
1903 0
1908 1
1914 0
1919 1
1925 0
1930 1
1936 0
1941 1
1947 0
1952 1
1958 0
1963 1
1969 0
1974 1
1980 0
1985 1
1991 0
1996 1
2002 0
2007 1
2013 0
2018 1
2024 0
2029 1
2035 0
2040 1
2046 0
2051 1
2057 0
2062 1
2068 0
2073 1
2079 0
2084 1
2090 0
2095 1
2101 0
2106 1
2112 0
2117 1
2123 0
2128 1
2134 0
2139 1
2145 0
2150 1
2156 0
2161 1
2167 0
2172 1
2178 0
2183 1
2189 0
2194 1
2200 0
2205 1
2211 0
2216 1
2222 0
2227 1
2233 0
2238 1
2244 0
2249 1
2255 0
2260 1
2266 0
2271 1
2277 0
2282 1
2288 0
2293 1
2299 0
2304 1
2310 0
2315 1
2321 0
2326 1
2332 0
2337 1
2343 0
2348 1
2354 0
2359 1
2365 0
2370 1
2376 0
2381 1
2387 0
2392 1
2398 0
2403 1
2409 0
2414 1
2420 0
2425 1
2431 0
2436 1
2442 0
2447 1
2453 0
2458 1
2464 0
2469 1
2475 0
2480 1
2486 0
2491 1
2497 0
2502 1
2508 0
2513 1
2519 0
2524 1
2530 0
2535 1
2541 0
2546 1
2552 0
2557 1
2563 0
2568 1
2574 0
2579 1
2585 0
2590 1
2596 0
2601 1
2607 0
2612 1
2618 0
2623 1
2629 0
2634 1
2640 0
2645 1
2651 0
2656 1
2662 0
2667 1
2673 0
2678 1
2684 0
2689 1
2695 0
2700 1
2706 0
2711 1
2717 0
2722 1
2728 0
2733 1
2739 0
2744 1
2750 0
2755 1
2761 0
2766 1
2772 0
2777 1
2783 0
2788 1
2794 0
2799 1
2805 0
2810 1
2816 0
2821 1
2827 0
2832 1
2838 0
2843 1
2849 0
2854 1
2860 0
2865 1
2871 0
2876 1
2882 0
2887 1
2893 0
2898 1
2904 0
2909 1
2915 0
2920 1
2926 0
2931 1
2937 0
2942 1
2948 0
2953 1
2959 0
2964 1
2970 0
2975 1
2981 0
2986 1
2992 0
2997 1
3003 0
3008 1
3014 0
3019 1
3025 0
3030 1
3036 0
3041 1
3047 0
3052 1
3058 0
3063 1
3069 0
3074 1
3080 0
3085 1
3091 0
3096 1
3102 0
3107 1
3113 0
3118 1
3124 0
3129 1
3135 0
3140 1
3146 0
3151 1
3157 0
3162 1
3168 0
3173 1
3179 0
3184 1
3190 0
3195 1
3201 0
3206 1
3212 0
3217 1
3223 0
3228 1
3234 0
3239 1
3245 0
3250 1
3256 0
3261 1
3267 0
3272 1
3278 0
3283 1
3289 0
3294 1
3300 0
3305 1
3311 0
3316 1
3322 0
3327 1
3333 0
3338 1
3344 0
3349 1
3355 0
3360 1
3366 0
3371 1
3377 0
3382 1
3388 0
3393 1
3399 0
3404 1
3410 0
3415 1
3421 0
3426 1
3432 0
3437 1
3443 0
3448 1
3454 0
3459 1
3465 0
3470 1
3476 0
3481 1
3487 0
3492 1
3498 0
3503 1
3509 0
3514 1
3520 0
3525 1
3531 0
3536 1
3542 0
3547 1
3553 0
3558 1
3564 0
3569 1
3575 0
3580 1
3586 0
3591 1
3597 0
3602 1
3608 0
3613 1
3619 0
3624 1
3630 0
3635 1
3641 0
3646 1
3652 0
3657 1
3663 0
3668 1
3674 0
3679 1
3685 0
3690 1
3696 0
3701 1
3707 0
3712 1
3718 0
3723 1
3729 0
3734 1
3740 0
3745 1
3751 0
3756 1
3762 0
3767 1
3773 0
3778 1
3784 0
3789 1
3795 0
3800 1
3806 0
3811 1
3817 0
3822 1
3828 0
3833 1
3839 0
3844 1
3850 0
3855 1
3861 0
3866 1
3872 0
3877 1
3883 0
3888 1
3894 0
3899 1
3905 0
3910 1
3916 0
3921 1
3927 0
3932 1
3938 0
3943 1
3949 0
3954 1
3960 0
3965 1
3971 0
3976 1
3982 0
3987 1
3993 0
3998 1
4004 0
4009 1
4015 0
4020 1
4026 0
4031 1
4037 0
4042 1
4048 0
4053 1
4059 0
4064 1
4070 0
4075 1
4081 0
4086 1
4092 0
4097 1
4103 0
4108 1
4114 0
4119 1
4125 0
4130 1
4136 0
4141 1
4147 0
4152 1
4158 0
4163 1
4169 0
4174 1
4180 0
4185 1
4191 0
4196 1
4202 0
4207 1
4213 0
4218 1
4224 0
4229 1
4235 0
4240 1
4246 0
4251 1
4257 0
4262 1
4268 0
4273 1
4279 0
4284 1
4290 0
4295 1
4301 0
4306 1
4312 0
4317 1
4323 0
4328 1
4334 0
4339 1
4345 0
4350 1
4356 0
4361 1
4367 0
4372 1
4378 0
4383 1
4389 0
4394 1
4400 0
4405 1
4411 0
4416 1
4422 0
4427 1
4433 0
4438 1
4444 0
4449 1
4455 0
4460 1
4466 0
4471 1
4477 0
4482 1
4488 0
4493 1
4499 0
4504 1
4510 0
4515 1
4521 0
4526 1
4532 0
4537 1
4543 0
4548 1
4554 0
4559 1
4565 0
4570 1
4576 0
4581 1
4587 0
4592 1
4598 0
4603 1
4609 0
4614 1
4620 0
4625 1
4631 0
4636 1
4642 0
4647 1
4653 0
4658 1
4664 0
4669 1
4675 0
4680 1
4686 0
4691 1
4697 0
4702 1
4708 0
4713 1
4719 0
4724 1
4730 0
4735 1
4741 0
4746 1
4752 0
4757 1
4763 0
4768 1
4774 0
4779 1
4785 0
4790 1
4796 0
4801 1
4807 0
4812 1
4818 0
4823 1
4829 0
4834 1
4840 0
4845 1
4851 0
4856 1
4862 0
4867 1
4873 0
4878 1
4884 0
4889 1
4895 0
4900 1
4906 0
4911 1
4917 0
4922 1
4928 0
4933 1
4939 0
4944 1
4950 0
4955 1
4961 0
4966 1
4972 0
4977 1
4983 0
4988 1
4994 0
4999 1
5005 0
5010 1
5016 0
5021 1
5027 0
5032 1
5038 0
5043 1
5049 0
5054 1
5060 0
5065 1
5071 0
5076 1
5082 0
5087 1
5093 0
5098 1
5104 0
5109 1
5115 0
5120 1
5126 0
5131 1
5137 0
5142 1
5148 0
5153 1
5159 0
5164 1
5170 0
5175 1
5181 0
5186 1
5192 0
5197 1
5203 0
5208 1
5214 0
5219 1
5225 0
5230 1
5236 0
5241 1
5247 0
5252 1
5258 0
5263 1
5269 0
5274 1
5280 0
5285 1
5291 0
5296 1
5302 0
5307 1
5313 0
5318 1
5324 0
5329 1
5335 0
5340 1
5346 0
5351 1
5357 0
5362 1
5368 0
5373 1
5379 0
5384 1
5390 0
5395 1
5401 0
5406 1
5412 0
5417 1
5423 0
5428 1
5434 0
5439 1
5445 0
5450 1
5456 0
5461 1
5467 0
5472 1
5478 0
5483 1
5489 0
5494 1
5500 0
